2.879359865070734159e-01 4.676029986034248576e-01 3.658955564453657550e-01 4.844250804127729348e-01 3.679205877916754686e-01 0.000000000000000000e+00 3.552867101703716113e-01 4.696300696804492358e-01 4.114853846153845862e-01 3.889328229166666984e-01 3.172903245801809713e-01 4.670840836375486083e-01 3.596780951232006474e-01 4.608160322800194386e-01 3.577139197078060828e-01 0.000000000000000000e+00 3.085324815178532298e-01 4.615839514230172802e-01 3.693864090639729647e-01 4.848441199792307144e-01 0.000000000000000000e+00 0.000000000000000000e+00 3.769964180670044573e-01 4.537662698412698870e-01 0.000000000000000000e+00 0.000000000000000000e+00 0.000000000000000000e+00 0.000000000000000000e+00 4.063555350642813480e-01 4.623739569207814259e-01 4.249865100655723649e-01 4.450133868904285195e-01 4.123841523884574922e-01 4.795130521326588791e-01 0.000000000000000000e+00 0.000000000000000000e+00 4.621156959205446890e-01 4.873139559254425213e-01 5.269210508125706793e-01 0.000000000000000000e+00 4.163122916666666673e-01 0.000000000000000000e+00 4.075306049382716456e-01 0.000000000000000000e+00 4.243048909133746993e-01 4.846734311377245419e-01 4.067854821428570911e-01 0.000000000000000000e+00 4.163556697692437636e-01 0.000000000000000000e+00 4.194320480331130696e-01 4.815141439343027518e-01 4.020195353053423459e-01 0.000000000000000000e+00 4.139602273660354936e-01 0.000000000000000000e+00 3.176973200130687736e-01 4.661450982856776837e-01 4.221964953886306882e-01 4.554917250627773528e-01 4.330257026546562305e-01 4.773482260360062956e-01 3.974353856983399158e-01 4.654171032185063228e-01 4.422667373158066795e-01 4.594507336541032161e-01 4.136579153346251481e-01 4.910355661678417194e-01 3.254382660609201894e-01 4.672225593884001826e-01 3.531930491947395390e-01 4.882100861101943967e-01 3.659403439103397493e-01 4.621781569577866899e-01 4.361841085129834483e-01 0.000000000000000000e+00 3.888509971898219675e-01 4.578002765798379614e-01 3.694656949152542724e-01 0.000000000000000000e+00 3.079695446689940663e-01 0.000000000000000000e+00 4.281887272727272764e-01 4.188216330275228438e-01 4.348763668822520634e-01 4.475442645512350270e-01 3.793911425478751487e-01 0.000000000000000000e+00 4.220824737497902990e-01 4.372635421037007752e-01 4.398411096132672227e-01 0.000000000000000000e+00 4.218925134043289837e-01 4.444947688175182599e-01 4.555807510580349717e-01 4.401913660562013497e-01 4.828849092309054902e-01 0.000000000000000000e+00 4.795477675550117169e-01 0.000000000000000000e+00 4.379997247929488524e-01 4.064044965517241148e-01 4.259106160370725314e-01 0.000000000000000000e+00 4.250005541779337537e-01 4.392981478579643939e-01 4.435853421692378951e-01 0.000000000000000000e+00 0.000000000000000000e+00 0.000000000000000000e+00 0.000000000000000000e+00 0.000000000000000000e+00 4.457554513274336050e-01 0.000000000000000000e+00 4.430220092592591641e-01 0.000000000000000000e+00
4.676029986034248576e-01 2.690173197093792545e-01 4.940672750697431836e-01 2.905800219275646024e-01 0.000000000000000000e+00 3.534550189610169424e-01 4.669089437223348238e-01 3.081512284999919360e-01 0.000000000000000000e+00 3.126149607536578001e-01 4.192864966605553967e-01 2.935025755913615031e-01 0.000000000000000000e+00 3.376922400720929196e-01 3.923819151515150483e-01 3.582780849670409995e-01 4.484481931132882071e-01 2.689346836148793773e-01 4.842659467338448209e-01 3.438082594164953432e-01 0.000000000000000000e+00 0.000000000000000000e+00 4.402256830007508781e-01 4.061955109008153486e-01 0.000000000000000000e+00 3.311260079999999162e-01 0.000000000000000000e+00 3.074544554455445056e-01 4.641524783361481998e-01 3.675081912281756291e-01 4.536419988718541907e-01 3.454461066666666413e-01 4.709455839718726944e-01 4.182424162894579633e-01 0.000000000000000000e+00 0.000000000000000000e+00 4.477470474066703177e-01 4.465107847694297916e-01 0.000000000000000000e+00 4.619115769621473522e-01 0.000000000000000000e+00 4.498694104524507686e-01 0.000000000000000000e+00 0.000000000000000000e+00 4.517488086542853498e-01 4.104358004803616011e-01 4.751424592592594087e-01 4.458663765432099302e-01 4.959260434782608584e-01 3.999877729732867482e-01 0.000000000000000000e+00 3.982219362842129295e-01 0.000000000000000000e+00 3.910664994103307257e-01 4.266474761904762159e-01 3.982338652423826897e-01 4.605889730976026608e-01 3.110758509879538170e-01 4.658420575692587273e-01 3.897436606384017677e-01 4.555459477578872596e-01 3.733273307200614122e-01 4.299688799999999977e-01 3.692358922867689519e-01 0.000000000000000000e+00 3.859299985578606984e-01 4.661565465151709109e-01 4.091427207894101081e-01 4.775315260956321528e-01 3.092624048721231977e-01 4.841802930571740826e-01 3.529091538685016349e-01 4.449033425350853999e-01 3.719101486587793048e-01 0.000000000000000000e+00 0.000000000000000000e+00 4.507432394395659014e-01 3.891048826197175958e-01 0.000000000000000000e+00 0.000000000000000000e+00 4.760480451127819812e-01 4.076030220123190162e-01 0.000000000000000000e+00 2.992470075784525174e-01 0.000000000000000000e+00 4.212717606173697615e-01 0.000000000000000000e+00 3.917613936965037569e-01 0.000000000000000000e+00 4.262917618317116353e-01 4.538714554371887089e-01 5.077664611363574831e-01 4.285325541055005627e-01 4.839930601010420941e-01 4.367650800470387895e-01 4.317662535233550147e-01 4.408127669053542586e-01 4.275467674659985673e-01 4.486154672115787445e-01 4.743415590109393842e-01 4.014193846153846224e-01 4.386749153113220778e-01 4.091781472868216696e-01 4.437066560380784064e-01 4.481987229684136209e-01 4.462791855333011481e-01 0.000000000000000000e+00 4.475990096491228032e-01 0.000000000000000000e+00 0.000000000000000000e+00 3.503731531531530385e-01 4.117733868239921713e-01 5.005115630252101599e-01 3.651025339805825665e-01 4.005327107319343050e-01 0.000000000000000000e+00
3.658955564453657550e-01 4.940672750697431836e-01 2.548920286628313381e-01 4.515970927703961135e-01 2.123803311269702732e-01 4.380930985130719324e-01 2.898733837471449970e-01 4.512470741081747172e-01 2.344530561729903373e-01 4.402223665008829778e-01 3.886958604969410480e-01 4.602001588631390305e-01 3.447572252305902696e-01 4.343239626444194146e-01 3.260552348502800957e-01 4.313988232392914068e-01 3.841149997329431631e-01 4.824930119129098860e-01 2.965557298405758213e-01 4.972987816325667443e-01 3.310353933823529382e-01 0.000000000000000000e+00 2.561051797655515272e-01 4.422442184710136392e-01 2.632078459327907849e-01 4.055944690634059047e-01 2.452357903281148221e-01 3.882547108400829505e-01 3.469903745025037511e-01 4.544317453767108272e-01 3.760954524638553953e-01 4.382938953489601830e-01 3.990485816366751148e-01 4.764232294046677474e-01 4.659672754753191315e-01 0.000000000000000000e+00 4.508491905014986867e-01 4.894112121212120803e-01 4.218016794428495753e-01 5.212603074614065024e-01 3.846660849056603992e-01 0.000000000000000000e+00 4.317719864383905426e-01 5.389588371964679769e-01 4.369468584830393243e-01 5.192329144736841373e-01 3.936237610619469640e-01 0.000000000000000000e+00 4.305347749816848535e-01 0.000000000000000000e+00 4.217933273374155356e-01 4.609901632619295975e-01 3.850224821728820968e-01 0.000000000000000000e+00 3.971532759853216854e-01 0.000000000000000000e+00 3.929630267323303006e-01 4.834875675381538618e-01 4.230945759516019922e-01 4.931904601563162904e-01 4.221769243279803741e-01 5.163849629629629900e-01 3.895811042558590676e-01 4.892083047619047442e-01 4.202629040277898742e-01 4.734753212474079320e-01 4.263774795836402509e-01 4.480037383838778586e-01 3.556711880172964135e-01 4.372019582027168449e-01 3.404696153299928696e-01 4.443585475737286128e-01 3.432196109579621623e-01 4.581994281620399567e-01 3.463208590111003238e-01 0.000000000000000000e+00 3.830245968296937531e-01 4.660991483634876476e-01 3.793095728653530507e-01 0.000000000000000000e+00 3.822262365506237658e-01 0.000000000000000000e+00 3.651819328358208994e-01 0.000000000000000000e+00 3.807288949594800354e-01 0.000000000000000000e+00 3.471445492584745995e-01 0.000000000000000000e+00 3.820992633725540655e-01 0.000000000000000000e+00 4.306301325927127110e-01 0.000000000000000000e+00 4.148331272945489090e-01 4.317221528742580250e-01 4.309045865677696430e-01 3.948470945582868152e-01 4.796537835686778273e-01 0.000000000000000000e+00 0.000000000000000000e+00 0.000000000000000000e+00 3.932857936217009076e-01 0.000000000000000000e+00 4.280490175186952850e-01 4.334893695443037265e-01 4.371124408043403631e-01 4.465043304347826036e-01 4.193195003561253631e-01 0.000000000000000000e+00 0.000000000000000000e+00 0.000000000000000000e+00 0.000000000000000000e+00 0.000000000000000000e+00 0.000000000000000000e+00 3.792006779661017402e-01 4.370120952380952550e-01 0.000000000000000000e+00
4.844250804127729348e-01 2.905800219275646024e-01 4.515970927703961135e-01 2.437740055257662519e-01 4.299185724614784654e-01 2.189731770357350449e-01 4.598717236430669431e-01 2.842899081666850347e-01 4.517915378917892744e-01 2.798875451772354639e-01 4.785359203105422066e-01 3.709278064728362412e-01 4.485010123245759539e-01 3.351554001167221797e-01 4.261913637244538200e-01 3.110359458422611301e-01 4.762598650116047772e-01 3.755905322273019875e-01 4.800254794451448426e-01 2.968862874799071405e-01 0.000000000000000000e+00 3.139655420731706781e-01 4.376112314481205856e-01 2.211120325045568547e-01 3.952354822784809874e-01 2.376422532397025333e-01 3.613642191780822022e-01 2.768456694629065074e-01 4.577370343212027182e-01 3.549412641895885456e-01 4.149310167843539565e-01 3.206705537534915718e-01 4.623480835676868073e-01 3.826714317247852937e-01 0.000000000000000000e+00 4.616906931818182125e-01 4.828489114111155223e-01 4.366423451094095243e-01 0.000000000000000000e+00 4.528994395282273655e-01 0.000000000000000000e+00 0.000000000000000000e+00 0.000000000000000000e+00 0.000000000000000000e+00 4.948167485714285441e-01 4.177065455208596179e-01 0.000000000000000000e+00 4.590353369565216557e-01 4.883996031212621824e-01 4.038284740675034956e-01 0.000000000000000000e+00 4.116861545724819771e-01 0.000000000000000000e+00 4.011637846309795141e-01 0.000000000000000000e+00 3.984709323890077148e-01 4.844774306036615519e-01 3.698086292448507506e-01 4.465898650551884952e-01 3.848292530682300150e-01 0.000000000000000000e+00 3.914727703722104546e-01 0.000000000000000000e+00 3.702142018737319407e-01 0.000000000000000000e+00 4.010736697748072399e-01 4.631683536173323845e-01 4.033785197658319444e-01 4.962707375000000032e-01 4.124735213539475476e-01 4.573620730446522620e-01 3.640110587020685129e-01 4.255779913795901259e-01 3.540436081649443456e-01 0.000000000000000000e+00 0.000000000000000000e+00 4.355814498690061543e-01 3.848439941565782729e-01 0.000000000000000000e+00 3.479970338983050526e-01 0.000000000000000000e+00 3.770764825388497887e-01 0.000000000000000000e+00 3.616306678329002100e-01 5.117609371727749323e-01 4.008555894286494059e-01 0.000000000000000000e+00 3.812711176470587326e-01 0.000000000000000000e+00 3.941702584301245427e-01 3.932742958571073810e-01 4.466683296156669369e-01 3.958581496598639893e-01 4.172482385660132853e-01 4.087874963456437083e-01 4.151407159450167250e-01 4.047027831566758493e-01 0.000000000000000000e+00 4.230781392655367235e-01 4.250731049961047892e-01 3.820119041095890733e-01 4.147833850503158115e-01 4.115497903935185775e-01 4.064685503537003863e-01 4.374715153556657521e-01 4.515830752786684776e-01 0.000000000000000000e+00 4.410734517798220455e-01 0.000000000000000000e+00 0.000000000000000000e+00 0.000000000000000000e+00 0.000000000000000000e+00 0.000000000000000000e+00 3.773135596330275399e-01 3.833921052867371171e-01 0.000000000000000000e+00
3.679205877916754686e-01 0.000000000000000000e+00 2.123803311269702732e-01 4.299185724614784654e-01 2.100407718548457370e-01 4.300450893497270166e-01 2.687981398593491944e-01 4.394056346289260118e-01 2.093787348995933273e-01 4.311773645099388208e-01 3.200562413793103245e-01 0.000000000000000000e+00 3.108792893541088564e-01 4.112308971921045386e-01 2.734981108929372406e-01 4.644942987012988245e-01 0.000000000000000000e+00 0.000000000000000000e+00 3.502148893749644776e-01 3.917394843750000022e-01 2.387596766828884443e-01 0.000000000000000000e+00 2.202249888243520970e-01 4.195017004604586486e-01 1.689973686884289894e-01 3.995205227506505308e-01 2.012925403104449673e-01 3.731586330166829502e-01 3.096397206112336264e-01 0.000000000000000000e+00 2.635993922206883999e-01 3.963061323826755911e-01 3.305860233648850177e-01 0.000000000000000000e+00 0.000000000000000000e+00 0.000000000000000000e+00 0.000000000000000000e+00 0.000000000000000000e+00 0.000000000000000000e+00 0.000000000000000000e+00 0.000000000000000000e+00 0.000000000000000000e+00 0.000000000000000000e+00 0.000000000000000000e+00 0.000000000000000000e+00 0.000000000000000000e+00 0.000000000000000000e+00 0.000000000000000000e+00 0.000000000000000000e+00 0.000000000000000000e+00 4.083372145833333300e-01 0.000000000000000000e+00 0.000000000000000000e+00 0.000000000000000000e+00 3.563418333333333576e-01 0.000000000000000000e+00 3.485365514018691768e-01 3.658077579617834418e-01 0.000000000000000000e+00 0.000000000000000000e+00 0.000000000000000000e+00 0.000000000000000000e+00 0.000000000000000000e+00 0.000000000000000000e+00 3.832059193869604141e-01 0.000000000000000000e+00 4.352345704532795678e-01 0.000000000000000000e+00 3.993165335761991175e-01 0.000000000000000000e+00 3.199371004578128175e-01 4.234343243411277657e-01 3.147259598156826876e-01 0.000000000000000000e+00 2.578711818181818050e-01 0.000000000000000000e+00 3.215532335920743279e-01 0.000000000000000000e+00 0.000000000000000000e+00 0.000000000000000000e+00 3.609583979591836633e-01 0.000000000000000000e+00 3.712356000000000544e-01 0.000000000000000000e+00 3.636169652368062000e-01 0.000000000000000000e+00 3.473759592039238342e-01 0.000000000000000000e+00 0.000000000000000000e+00 0.000000000000000000e+00 0.000000000000000000e+00 0.000000000000000000e+00 0.000000000000000000e+00 0.000000000000000000e+00 3.452130381443299090e-01 0.000000000000000000e+00 0.000000000000000000e+00 0.000000000000000000e+00 0.000000000000000000e+00 0.000000000000000000e+00 0.000000000000000000e+00 0.000000000000000000e+00 3.960918161764706014e-01 0.000000000000000000e+00 0.000000000000000000e+00 0.000000000000000000e+00 0.000000000000000000e+00 0.000000000000000000e+00 0.000000000000000000e+00 0.000000000000000000e+00 0.000000000000000000e+00 0.000000000000000000e+00 0.000000000000000000e+00 0.000000000000000000e+00 0.000000000000000000e+00 0.000000000000000000e+00
0.000000000000000000e+00 3.534550189610169424e-01 4.380930985130719324e-01 2.189731770357350449e-01 4.300450893497270166e-01 1.544046094896982524e-01 4.396585564334862806e-01 2.242126566329264714e-01 4.132734382195448752e-01 1.894122213700836221e-01 0.000000000000000000e+00 2.797911909321672552e-01 4.196794512195122229e-01 2.796698802071118650e-01 4.077623525206833244e-01 2.453900430183427184e-01 0.000000000000000000e+00 0.000000000000000000e+00 0.000000000000000000e+00 3.203579642452953347e-01 0.000000000000000000e+00 2.903571916647718076e-01 3.973244505685744055e-01 1.990231570910367398e-01 3.839466714352485210e-01 2.064082207995391327e-01 3.905474402571268433e-01 1.971785447264364222e-01 0.000000000000000000e+00 2.924244842452330406e-01 3.802053375886398912e-01 2.739690191726070201e-01 3.747319325842697890e-01 3.332487108739837223e-01 0.000000000000000000e+00 0.000000000000000000e+00 0.000000000000000000e+00 0.000000000000000000e+00 0.000000000000000000e+00 0.000000000000000000e+00 0.000000000000000000e+00 0.000000000000000000e+00 0.000000000000000000e+00 0.000000000000000000e+00 0.000000000000000000e+00 3.351583479568411850e-01 0.000000000000000000e+00 0.000000000000000000e+00 0.000000000000000000e+00 0.000000000000000000e+00 0.000000000000000000e+00 3.529379342022282429e-01 0.000000000000000000e+00 3.663694610389610640e-01 0.000000000000000000e+00 0.000000000000000000e+00 0.000000000000000000e+00 0.000000000000000000e+00 0.000000000000000000e+00 3.219020393462469487e-01 0.000000000000000000e+00 0.000000000000000000e+00 0.000000000000000000e+00 0.000000000000000000e+00 0.000000000000000000e+00 3.653266036496350955e-01 0.000000000000000000e+00 4.168254039016792145e-01 0.000000000000000000e+00 0.000000000000000000e+00 4.413781367962447688e-01 3.404301039632195991e-01 0.000000000000000000e+00 3.011525328973712057e-01 0.000000000000000000e+00 0.000000000000000000e+00 0.000000000000000000e+00 3.023582218196457783e-01 0.000000000000000000e+00 0.000000000000000000e+00 0.000000000000000000e+00 0.000000000000000000e+00 0.000000000000000000e+00 2.760802023809523775e-01 0.000000000000000000e+00 3.199323816793893105e-01 0.000000000000000000e+00 0.000000000000000000e+00 0.000000000000000000e+00 3.242646232326407696e-01 0.000000000000000000e+00 0.000000000000000000e+00 0.000000000000000000e+00 0.000000000000000000e+00 0.000000000000000000e+00 3.755330824742268425e-01 0.000000000000000000e+00 0.000000000000000000e+00 0.000000000000000000e+00 0.000000000000000000e+00 0.000000000000000000e+00 0.000000000000000000e+00 0.000000000000000000e+00 0.000000000000000000e+00 0.000000000000000000e+00 3.436782956521738930e-01 0.000000000000000000e+00 0.000000000000000000e+00 0.000000000000000000e+00 0.000000000000000000e+00 0.000000000000000000e+00 0.000000000000000000e+00 0.000000000000000000e+00 0.000000000000000000e+00 0.000000000000000000e+00 0.000000000000000000e+00
3.552867101703716113e-01 4.669089437223348238e-01 2.898733837471449970e-01 4.598717236430669431e-01 2.687981398593491944e-01 4.396585564334862806e-01 2.655418289405725996e-01 4.495090113384586084e-01 2.360495432408130090e-01 4.256139316163760067e-01 3.575769086114218842e-01 4.629499997917456144e-01 2.837072321216154713e-01 4.366453534226029110e-01 3.088618918752819575e-01 4.243749087400534026e-01 3.643195625284406103e-01 4.578302981051364795e-01 3.814048252351720514e-01 4.807976310900552441e-01 0.000000000000000000e+00 0.000000000000000000e+00 3.333199680840776002e-01 4.523634929415367711e-01 3.222510526315790491e-01 4.397098777587729046e-01 3.164832014215686051e-01 0.000000000000000000e+00 3.281889313394613650e-01 4.661556512708469047e-01 3.763136638894241104e-01 4.483254824939592598e-01 4.035835215603184034e-01 4.784057750643331830e-01 4.573943574169799797e-01 0.000000000000000000e+00 4.357395930364281189e-01 0.000000000000000000e+00 3.532531856211897914e-01 0.000000000000000000e+00 4.126812300737305872e-01 0.000000000000000000e+00 4.195593328682098444e-01 0.000000000000000000e+00 4.296211491449550279e-01 0.000000000000000000e+00 3.913818421052631669e-01 0.000000000000000000e+00 4.219827094749486474e-01 0.000000000000000000e+00 4.002589533418648426e-01 4.887575041322314018e-01 3.938855494564076354e-01 0.000000000000000000e+00 3.958741315109273184e-01 0.000000000000000000e+00 3.917923156464014900e-01 4.669387657474336484e-01 4.227682682712461948e-01 4.801459001898594203e-01 4.220258974998134516e-01 4.799864152542373530e-01 3.643868735007863568e-01 4.243718968253968327e-01 4.107041069477448958e-01 4.022018437500000099e-01 4.262776935271677115e-01 4.491524330144717747e-01 4.137991774021639868e-01 4.494212727272727803e-01 3.078066835863451645e-01 4.498997400831660221e-01 3.311803513832603518e-01 4.508855514797848740e-01 3.299706881044352502e-01 0.000000000000000000e+00 3.658128914045393754e-01 4.362430489787018639e-01 3.878709999999999658e-01 0.000000000000000000e+00 3.810395028130335593e-01 4.443699103448275900e-01 3.982109116701718077e-01 4.520662057142856294e-01 3.953903268157089590e-01 4.655896992580644822e-01 3.895860628449168139e-01 0.000000000000000000e+00 3.907148818041892291e-01 4.346561347387572494e-01 4.172513741470649240e-01 0.000000000000000000e+00 4.037036350364963666e-01 4.083761538461538887e-01 4.046065996328330749e-01 4.243216146338997241e-01 0.000000000000000000e+00 0.000000000000000000e+00 0.000000000000000000e+00 0.000000000000000000e+00 4.284990312499999954e-01 0.000000000000000000e+00 4.091226714285714494e-01 4.221416279069767907e-01 4.314339900745762790e-01 4.296593461538461556e-01 0.000000000000000000e+00 0.000000000000000000e+00 0.000000000000000000e+00 0.000000000000000000e+00 0.000000000000000000e+00 0.000000000000000000e+00 0.000000000000000000e+00 4.065830043859648968e-01 0.000000000000000000e+00 0.000000000000000000e+00
4.696300696804492358e-01 3.081512284999919360e-01 4.512470741081747172e-01 2.842899081666850347e-01 4.394056346289260118e-01 2.242126566329264714e-01 4.495090113384586084e-01 2.423201761386513664e-01 4.240946583388196522e-01 2.261839186066298968e-01 4.640776552390156739e-01 3.141084110221655790e-01 4.390642887487583024e-01 2.483354919068925248e-01 4.140777727366486971e-01 3.053059982190927668e-01 4.496196353905089205e-01 3.673659762750761670e-01 4.694858439127326810e-01 3.666948870396797289e-01 0.000000000000000000e+00 2.980896596785464481e-01 4.402870424469983446e-01 3.231327053028615892e-01 4.025318457168089448e-01 2.863777175382731244e-01 4.021210679611650352e-01 3.515274446832578614e-01 4.494088435176953333e-01 3.353908302802031671e-01 4.137327497023098877e-01 3.493676396765971748e-01 4.585385707016709222e-01 3.770945200720747792e-01 0.000000000000000000e+00 0.000000000000000000e+00 0.000000000000000000e+00 4.215652793507039808e-01 0.000000000000000000e+00 4.388025761371707745e-01 0.000000000000000000e+00 0.000000000000000000e+00 0.000000000000000000e+00 4.236681009174312340e-01 0.000000000000000000e+00 3.954364107393130157e-01 0.000000000000000000e+00 0.000000000000000000e+00 0.000000000000000000e+00 4.063120126410659783e-01 0.000000000000000000e+00 3.967253543956263395e-01 0.000000000000000000e+00 3.848723337006019207e-01 0.000000000000000000e+00 3.823927128471517056e-01 4.704048977272727305e-01 3.793602878144538004e-01 4.630289518586159225e-01 3.992402232323705724e-01 0.000000000000000000e+00 3.691052056837929030e-01 0.000000000000000000e+00 3.527382415480155298e-01 4.311399599999999332e-01 3.856891428781298314e-01 4.655306450604378421e-01 4.245649337212116792e-01 4.131847353801169631e-01 4.117231314631059624e-01 4.541145212594315805e-01 3.040960578496681443e-01 4.277241211420317879e-01 3.390166351431339042e-01 0.000000000000000000e+00 3.140396710784313372e-01 4.100356912878787563e-01 3.669269538319591684e-01 0.000000000000000000e+00 0.000000000000000000e+00 0.000000000000000000e+00 3.854096795271343967e-01 0.000000000000000000e+00 4.048461020408163358e-01 4.428039765048998322e-01 3.929510186605439381e-01 0.000000000000000000e+00 3.959046678035800237e-01 0.000000000000000000e+00 3.931355450600386714e-01 3.925941381496483307e-01 4.070260940662888682e-01 4.110411135736247723e-01 4.073501880848315881e-01 4.189980326250117848e-01 3.951119771262886493e-01 3.604998992248061862e-01 0.000000000000000000e+00 3.504572325151515955e-01 3.918376580175158552e-01 4.109643132326918913e-01 3.831595303446553302e-01 0.000000000000000000e+00 4.013504060475049928e-01 3.938352268907562848e-01 0.000000000000000000e+00 4.079158017241379941e-01 0.000000000000000000e+00 0.000000000000000000e+00 0.000000000000000000e+00 3.957262400000000069e-01 4.489761759259259244e-01 4.024911996062993103e-01 4.066014416445623558e-01 0.000000000000000000e+00 0.000000000000000000e+00
4.114853846153845862e-01 0.000000000000000000e+00 2.344530561729903373e-01 4.517915378917892744e-01 2.093787348995933273e-01 4.132734382195448752e-01 2.360495432408130090e-01 4.240946583388196522e-01 1.946379735466877425e-01 4.424391750334671913e-01 3.200896585860570909e-01 0.000000000000000000e+00 2.742191199417423064e-01 0.000000000000000000e+00 2.418113638564374501e-01 0.000000000000000000e+00 3.576796292513377828e-01 0.000000000000000000e+00 3.459424199775154585e-01 0.000000000000000000e+00 3.218087568672839960e-01 0.000000000000000000e+00 2.832734639354888007e-01 4.196251491015898782e-01 2.054559718273214486e-01 4.318896124981793649e-01 2.416161691082580887e-01 0.000000000000000000e+00 2.943682973937704062e-01 4.251769610389609655e-01 2.876913786990328847e-01 4.127321991709290150e-01 3.520786188054736421e-01 0.000000000000000000e+00 4.275631896551723710e-01 0.000000000000000000e+00 0.000000000000000000e+00 0.000000000000000000e+00 0.000000000000000000e+00 0.000000000000000000e+00 3.900985833333333597e-01 0.000000000000000000e+00 0.000000000000000000e+00 0.000000000000000000e+00 0.000000000000000000e+00 0.000000000000000000e+00 0.000000000000000000e+00 0.000000000000000000e+00 0.000000000000000000e+00 0.000000000000000000e+00 0.000000000000000000e+00 0.000000000000000000e+00 0.000000000000000000e+00 0.000000000000000000e+00 0.000000000000000000e+00 0.000000000000000000e+00 0.000000000000000000e+00 0.000000000000000000e+00 0.000000000000000000e+00 0.000000000000000000e+00 4.203465173341891514e-01 0.000000000000000000e+00 3.591123333333333112e-01 0.000000000000000000e+00 4.260886176501035294e-01 0.000000000000000000e+00 4.300350569105690912e-01 0.000000000000000000e+00 3.729636666666666378e-01 0.000000000000000000e+00 3.161259831159421996e-01 4.559001363301400378e-01 3.202296896017312045e-01 0.000000000000000000e+00 0.000000000000000000e+00 0.000000000000000000e+00 3.173265959267398961e-01 0.000000000000000000e+00 0.000000000000000000e+00 0.000000000000000000e+00 3.581553432978723528e-01 0.000000000000000000e+00 3.627035652173912772e-01 0.000000000000000000e+00 3.913499896619073160e-01 0.000000000000000000e+00 0.000000000000000000e+00 0.000000000000000000e+00 3.910643751803752344e-01 0.000000000000000000e+00 0.000000000000000000e+00 0.000000000000000000e+00 0.000000000000000000e+00 0.000000000000000000e+00 0.000000000000000000e+00 0.000000000000000000e+00 0.000000000000000000e+00 0.000000000000000000e+00 0.000000000000000000e+00 0.000000000000000000e+00 0.000000000000000000e+00 0.000000000000000000e+00 0.000000000000000000e+00 3.678900245901639554e-01 3.994533963963963763e-01 0.000000000000000000e+00 0.000000000000000000e+00 0.000000000000000000e+00 0.000000000000000000e+00 0.000000000000000000e+00 0.000000000000000000e+00 0.000000000000000000e+00 0.000000000000000000e+00 0.000000000000000000e+00 0.000000000000000000e+00 0.000000000000000000e+00
3.889328229166666984e-01 3.126149607536578001e-01 4.402223665008829778e-01 2.798875451772354639e-01 4.311773645099388208e-01 1.894122213700836221e-01 4.256139316163760067e-01 2.261839186066298968e-01 4.424391750334671913e-01 1.769949803751840745e-01 0.000000000000000000e+00 3.098562554982095540e-01 4.007567775326718040e-01 3.062972517097059533e-01 4.249537749709639822e-01 2.340573787458890276e-01 0.000000000000000000e+00 3.865248367362371096e-01 4.019512783742623663e-01 3.434046878886337639e-01 0.000000000000000000e+00 2.937864944650072641e-01 4.244898035461874830e-01 3.025572047555629696e-01 4.055977358075751882e-01 2.917458820702384381e-01 4.210004999999998887e-01 2.159048128000327915e-01 3.813923333333333332e-01 3.035541260267967112e-01 4.017140954763377403e-01 2.972362266272245424e-01 3.861365828840970793e-01 3.080996031746031094e-01 0.000000000000000000e+00 0.000000000000000000e+00 0.000000000000000000e+00 0.000000000000000000e+00 0.000000000000000000e+00 3.517208611111111161e-01 0.000000000000000000e+00 0.000000000000000000e+00 0.000000000000000000e+00 0.000000000000000000e+00 0.000000000000000000e+00 3.407043276200084070e-01 0.000000000000000000e+00 0.000000000000000000e+00 0.000000000000000000e+00 3.239063208955224038e-01 0.000000000000000000e+00 3.397657593120183006e-01 0.000000000000000000e+00 3.088401641791044816e-01 0.000000000000000000e+00 3.404225899280575729e-01 0.000000000000000000e+00 3.994495572563792063e-01 0.000000000000000000e+00 3.557230613333333125e-01 0.000000000000000000e+00 0.000000000000000000e+00 0.000000000000000000e+00 3.738100740409207035e-01 0.000000000000000000e+00 3.352700014849510635e-01 0.000000000000000000e+00 3.665457668126266277e-01 0.000000000000000000e+00 0.000000000000000000e+00 4.372989913253060856e-01 3.127374701149837066e-01 4.567354929577464029e-01 3.041255119358378112e-01 0.000000000000000000e+00 0.000000000000000000e+00 0.000000000000000000e+00 3.329021728432044469e-01 0.000000000000000000e+00 0.000000000000000000e+00 0.000000000000000000e+00 4.121943751048403048e-01 0.000000000000000000e+00 3.528168501039500859e-01 0.000000000000000000e+00 3.820467853320467233e-01 0.000000000000000000e+00 0.000000000000000000e+00 0.000000000000000000e+00 3.384043548777727062e-01 0.000000000000000000e+00 3.438918138398914248e-01 0.000000000000000000e+00 3.817421317829458038e-01 3.489916934338953558e-01 3.424687444444444173e-01 3.304721851851851744e-01 0.000000000000000000e+00 0.000000000000000000e+00 3.462017033898305285e-01 3.466314785714285640e-01 0.000000000000000000e+00 3.316544671532846711e-01 0.000000000000000000e+00 0.000000000000000000e+00 0.000000000000000000e+00 0.000000000000000000e+00 0.000000000000000000e+00 0.000000000000000000e+00 0.000000000000000000e+00 0.000000000000000000e+00 0.000000000000000000e+00 0.000000000000000000e+00 0.000000000000000000e+00 0.000000000000000000e+00 0.000000000000000000e+00
3.172903245801809713e-01 4.192864966605553967e-01 3.886958604969410480e-01 4.785359203105422066e-01 3.200562413793103245e-01 0.000000000000000000e+00 3.575769086114218842e-01 4.640776552390156739e-01 3.200896585860570909e-01 0.000000000000000000e+00 3.264360175039256462e-01 4.543929363273644939e-01 3.152550891933122990e-01 4.324992637025442122e-01 3.454896836119386583e-01 0.000000000000000000e+00 2.804225643687734970e-01 0.000000000000000000e+00 4.016941630649397132e-01 4.791833294783884867e-01 0.000000000000000000e+00 0.000000000000000000e+00 3.689242783374828694e-01 4.751616629969834804e-01 0.000000000000000000e+00 0.000000000000000000e+00 0.000000000000000000e+00 0.000000000000000000e+00 3.282696023044600064e-01 0.000000000000000000e+00 4.087122972972973001e-01 4.063819571829349053e-01 3.977271552952031941e-01 4.931059421339644144e-01 0.000000000000000000e+00 0.000000000000000000e+00 4.260975069246031866e-01 0.000000000000000000e+00 0.000000000000000000e+00 0.000000000000000000e+00 0.000000000000000000e+00 0.000000000000000000e+00 0.000000000000000000e+00 0.000000000000000000e+00 0.000000000000000000e+00 0.000000000000000000e+00 0.000000000000000000e+00 0.000000000000000000e+00 4.525892247122153544e-01 0.000000000000000000e+00 4.285044772303399085e-01 0.000000000000000000e+00 4.019740458015266804e-01 0.000000000000000000e+00 4.008992787602495000e-01 0.000000000000000000e+00 3.278914499018180662e-01 0.000000000000000000e+00 4.481635274678434921e-01 0.000000000000000000e+00 4.280499112106525561e-01 0.000000000000000000e+00 4.093512783278756006e-01 0.000000000000000000e+00 4.395218673137009646e-01 0.000000000000000000e+00 4.257065272364970454e-01 0.000000000000000000e+00 4.207549027225287452e-01 0.000000000000000000e+00 3.198895835994141068e-01 4.589838275862069272e-01 3.305730586907288937e-01 4.350706665476452017e-01 0.000000000000000000e+00 0.000000000000000000e+00 3.741718688747486254e-01 0.000000000000000000e+00 0.000000000000000000e+00 0.000000000000000000e+00 3.407608602894280914e-01 0.000000000000000000e+00 0.000000000000000000e+00 0.000000000000000000e+00 4.273064471978014200e-01 0.000000000000000000e+00 0.000000000000000000e+00 0.000000000000000000e+00 4.178864045584270714e-01 0.000000000000000000e+00 0.000000000000000000e+00 0.000000000000000000e+00 0.000000000000000000e+00 4.576382278481012089e-01 3.952400561011903957e-01 0.000000000000000000e+00 0.000000000000000000e+00 0.000000000000000000e+00 0.000000000000000000e+00 0.000000000000000000e+00 0.000000000000000000e+00 0.000000000000000000e+00 0.000000000000000000e+00 0.000000000000000000e+00 0.000000000000000000e+00 0.000000000000000000e+00 0.000000000000000000e+00 0.000000000000000000e+00 0.000000000000000000e+00 0.000000000000000000e+00 0.000000000000000000e+00 0.000000000000000000e+00 0.000000000000000000e+00 0.000000000000000000e+00 0.000000000000000000e+00 0.000000000000000000e+00
4.670840836375486083e-01 2.935025755913615031e-01 4.602001588631390305e-01 3.709278064728362412e-01 0.000000000000000000e+00 2.797911909321672552e-01 4.629499997917456144e-01 3.141084110221655790e-01 0.000000000000000000e+00 3.098562554982095540e-01 4.543929363273644939e-01 2.313617101727575009e-01 4.348522121627226289e-01 2.444474125965658828e-01 0.000000000000000000e+00 3.348607627392970465e-01 0.000000000000000000e+00 2.978655931727827166e-01 4.785778845472473675e-01 3.980490744005723003e-01 0.000000000000000000e+00 0.000000000000000000e+00 4.544724099123341743e-01 3.652569054700133266e-01 0.000000000000000000e+00 0.000000000000000000e+00 0.000000000000000000e+00 0.000000000000000000e+00 4.517306171052631325e-01 3.185140452313385828e-01 4.219687522823119541e-01 3.192701428571428357e-01 4.620034197936359055e-01 3.729481182738167422e-01 0.000000000000000000e+00 0.000000000000000000e+00 0.000000000000000000e+00 4.025688989157522046e-01 0.000000000000000000e+00 4.046525310556612909e-01 0.000000000000000000e+00 0.000000000000000000e+00 0.000000000000000000e+00 4.700201216216217115e-01 0.000000000000000000e+00 4.425629075043048255e-01 0.000000000000000000e+00 0.000000000000000000e+00 0.000000000000000000e+00 4.380960065189049013e-01 0.000000000000000000e+00 3.983022275453593775e-01 0.000000000000000000e+00 0.000000000000000000e+00 0.000000000000000000e+00 3.668757951807229412e-01 4.677152812499999479e-01 3.978663546418256258e-01 0.000000000000000000e+00 4.092332597163948482e-01 0.000000000000000000e+00 4.034529752268083969e-01 0.000000000000000000e+00 3.922947123212598419e-01 0.000000000000000000e+00 3.894610138319983261e-01 4.199244274193548732e-01 4.355178456780327556e-01 0.000000000000000000e+00 4.078506649771185266e-01 4.491680769230769754e-01 3.313200204789965575e-01 0.000000000000000000e+00 3.326835492507839165e-01 0.000000000000000000e+00 0.000000000000000000e+00 0.000000000000000000e+00 3.804059035679734357e-01 0.000000000000000000e+00 3.816535984399888615e-01 0.000000000000000000e+00 4.001211534477899789e-01 0.000000000000000000e+00 2.464204964976207390e-01 0.000000000000000000e+00 4.253999307683224429e-01 0.000000000000000000e+00 0.000000000000000000e+00 0.000000000000000000e+00 4.193301974757270845e-01 0.000000000000000000e+00 0.000000000000000000e+00 0.000000000000000000e+00 0.000000000000000000e+00 0.000000000000000000e+00 4.312805877525252574e-01 0.000000000000000000e+00 0.000000000000000000e+00 0.000000000000000000e+00 0.000000000000000000e+00 0.000000000000000000e+00 0.000000000000000000e+00 0.000000000000000000e+00 0.000000000000000000e+00 0.000000000000000000e+00 0.000000000000000000e+00 0.000000000000000000e+00 0.000000000000000000e+00 0.000000000000000000e+00 0.000000000000000000e+00 0.000000000000000000e+00 0.000000000000000000e+00 0.000000000000000000e+00 0.000000000000000000e+00 0.000000000000000000e+00 0.000000000000000000e+00
3.596780951232006474e-01 0.000000000000000000e+00 3.447572252305902696e-01 4.485010123245759539e-01 3.108792893541088564e-01 4.196794512195122229e-01 2.837072321216154713e-01 4.390642887487583024e-01 2.742191199417423064e-01 4.007567775326718040e-01 3.152550891933122990e-01 4.348522121627226289e-01 2.542543850340177602e-01 4.283139606742710770e-01 2.509909286353254054e-01 4.216183062210179244e-01 3.255404908586065904e-01 0.000000000000000000e+00 3.866613918355229496e-01 4.688374225641169235e-01 4.137368898305083809e-01 0.000000000000000000e+00 3.477975346364586828e-01 4.411381102039395596e-01 3.298400563183446210e-01 4.471141739130434223e-01 0.000000000000000000e+00 0.000000000000000000e+00 3.131181987512285936e-01 4.422947538461538541e-01 3.539319503919496901e-01 4.360876230546620880e-01 3.938911817544361038e-01 4.648074649883015552e-01 3.516765090909090286e-01 0.000000000000000000e+00 3.648001851147557595e-01 0.000000000000000000e+00 4.001968322510822684e-01 0.000000000000000000e+00 3.641057844827586543e-01 0.000000000000000000e+00 4.091099294871795022e-01 0.000000000000000000e+00 4.207914027928099099e-01 0.000000000000000000e+00 0.000000000000000000e+00 0.000000000000000000e+00 4.314713024870800995e-01 0.000000000000000000e+00 4.038918031968616873e-01 0.000000000000000000e+00 3.818880108950906127e-01 0.000000000000000000e+00 4.000132530231699235e-01 0.000000000000000000e+00 4.190257179093985207e-01 0.000000000000000000e+00 4.255284116506061198e-01 0.000000000000000000e+00 4.264045233504576982e-01 0.000000000000000000e+00 3.931078621095234205e-01 0.000000000000000000e+00 4.243161026035056071e-01 0.000000000000000000e+00 4.298109120743930367e-01 0.000000000000000000e+00 4.620190994005993756e-01 0.000000000000000000e+00 2.875849596585136614e-01 4.509158461977079702e-01 3.345763947476915190e-01 4.398754390243903023e-01 3.299048888888889142e-01 0.000000000000000000e+00 3.431102738425421128e-01 4.190712222222222616e-01 4.076318699036323157e-01 0.000000000000000000e+00 3.863307617701566832e-01 0.000000000000000000e+00 3.993528023053802833e-01 0.000000000000000000e+00 4.037356840760227827e-01 0.000000000000000000e+00 3.996119912492017701e-01 0.000000000000000000e+00 4.023361744068819634e-01 0.000000000000000000e+00 4.108193440045766476e-01 0.000000000000000000e+00 3.763110983015954814e-01 0.000000000000000000e+00 4.019272492950524689e-01 0.000000000000000000e+00 0.000000000000000000e+00 0.000000000000000000e+00 0.000000000000000000e+00 0.000000000000000000e+00 0.000000000000000000e+00 0.000000000000000000e+00 0.000000000000000000e+00 3.943392246376811738e-01 0.000000000000000000e+00 0.000000000000000000e+00 0.000000000000000000e+00 0.000000000000000000e+00 0.000000000000000000e+00 0.000000000000000000e+00 0.000000000000000000e+00 0.000000000000000000e+00 0.000000000000000000e+00 0.000000000000000000e+00 0.000000000000000000e+00 0.000000000000000000e+00
