2.464034614793493283e-01 4.606544574776815781e-01 3.180493408931888699e-01 4.663018021906265576e-01 3.251564686639866752e-01 0.000000000000000000e+00 2.978337450565467504e-01 4.452499042305289589e-01 3.592557875644321608e-01 0.000000000000000000e+00 3.103091020168687875e-01 4.338280452853331970e-01 3.412715129559641403e-01 0.000000000000000000e+00 3.532511845833499198e-01 0.000000000000000000e+00 2.788819113394166993e-01 4.399672023907239549e-01 3.579267949919047176e-01 4.740185748762867357e-01 0.000000000000000000e+00 0.000000000000000000e+00 3.650262738731498979e-01 4.024822445652174174e-01 3.883881278195488451e-01 0.000000000000000000e+00 3.125254102564101744e-01 0.000000000000000000e+00 3.700334181663142430e-01 4.694560147948595441e-01 3.803018119050818879e-01 4.377518738372093154e-01 3.851116141429409834e-01 4.583582094224571413e-01 4.218548333432871056e-01 0.000000000000000000e+00 4.425033810354351282e-01 4.981919629577052366e-01 4.733474097380253043e-01 0.000000000000000000e+00 4.092529347540984075e-01 0.000000000000000000e+00 0.000000000000000000e+00 0.000000000000000000e+00 3.610601741301908696e-01 0.000000000000000000e+00 0.000000000000000000e+00 0.000000000000000000e+00 3.524476893382353371e-01 0.000000000000000000e+00 3.466947541793854448e-01 0.000000000000000000e+00 3.521030157342657230e-01 4.293883724137930735e-01 3.392494531339740327e-01 4.959556780821917088e-01 2.646340096662055386e-01 4.392041302292264415e-01 3.714991787708811777e-01 4.581485767994587510e-01 3.495744260890725208e-01 0.000000000000000000e+00 3.305303134973184287e-01 4.196508640370742449e-01 3.543308597491208189e-01 0.000000000000000000e+00 3.850665506582633957e-01 4.790012475524710878e-01 3.319968225825843389e-01 4.631578375472396591e-01 3.203317853527356540e-01 4.716504763322826865e-01 3.524084456299854673e-01 4.519069148930278668e-01 3.167515397782634801e-01 0.000000000000000000e+00 3.751786535227753516e-01 4.520597404195371150e-01 0.000000000000000000e+00 0.000000000000000000e+00 3.451025951324469543e-01 0.000000000000000000e+00 0.000000000000000000e+00 0.000000000000000000e+00 3.720982590401880619e-01 0.000000000000000000e+00 0.000000000000000000e+00 0.000000000000000000e+00 3.800818263818306342e-01 0.000000000000000000e+00 3.982418916048355850e-01 4.624906036585365587e-01 4.234763359375000036e-01 3.914389365079364302e-01 4.042306710157702598e-01 4.668909454545454030e-01 4.239800570586820250e-01 4.361333628318583844e-01 4.591144270361270929e-01 0.000000000000000000e+00 3.935736693548387288e-01 3.866873625000000203e-01 4.203231944196875736e-01 0.000000000000000000e+00 4.189517763116796245e-01 0.000000000000000000e+00 3.954032916666666009e-01 0.000000000000000000e+00 3.896329738482384730e-01 3.978555500000000023e-01 0.000000000000000000e+00 0.000000000000000000e+00 4.348174210526316030e-01 0.000000000000000000e+00 0.000000000000000000e+00 0.000000000000000000e+00
4.606544574776815781e-01 2.651561257846136166e-01 4.672093018202954640e-01 3.051289190658894590e-01 0.000000000000000000e+00 3.427657545180722853e-01 4.626144609411719788e-01 2.823431291730840731e-01 0.000000000000000000e+00 3.028194383872166440e-01 4.473524682451474055e-01 3.347697344471978753e-01 4.396170041317287169e-01 3.554404702089042911e-01 0.000000000000000000e+00 4.050044122273193103e-01 4.574620627316852706e-01 2.769562273228196037e-01 4.854505464191088970e-01 2.942927643120227255e-01 0.000000000000000000e+00 0.000000000000000000e+00 4.117126853830119781e-01 0.000000000000000000e+00 0.000000000000000000e+00 0.000000000000000000e+00 0.000000000000000000e+00 0.000000000000000000e+00 4.772288946918295527e-01 3.749935175100031493e-01 0.000000000000000000e+00 3.825604580296895207e-01 4.774041573077355549e-01 3.980463083633926646e-01 4.393300163934426017e-01 4.074861379310344978e-01 5.151811309505902603e-01 4.576080536644561159e-01 5.122022772277227132e-01 4.612755794067559534e-01 0.000000000000000000e+00 4.356995365853658653e-01 0.000000000000000000e+00 0.000000000000000000e+00 4.633779708737864600e-01 3.612340738908514925e-01 0.000000000000000000e+00 0.000000000000000000e+00 0.000000000000000000e+00 3.502630545043413091e-01 4.451051000000000868e-01 3.513057519453157695e-01 0.000000000000000000e+00 3.547763072066140166e-01 0.000000000000000000e+00 3.634549807607833083e-01 4.526206273014838910e-01 3.020783470106955804e-01 4.699295506988596660e-01 3.701549689822355993e-01 4.268012066522425263e-01 3.556927534543674052e-01 4.455404442465412118e-01 3.632825848163372950e-01 0.000000000000000000e+00 3.624335137725914202e-01 4.588727893451799433e-01 3.216859909869055345e-01 4.857635856771015948e-01 2.601724844322571562e-01 4.727129148467418274e-01 3.306124350147520152e-01 4.614318130494865500e-01 3.723718471595724999e-01 0.000000000000000000e+00 4.278494750102398436e-01 4.533631692841659788e-01 3.817883413764465161e-01 0.000000000000000000e+00 0.000000000000000000e+00 4.340535264998977572e-01 3.631227222021418677e-01 0.000000000000000000e+00 3.376557559633027172e-01 0.000000000000000000e+00 3.848819560409981189e-01 0.000000000000000000e+00 3.563211458333333526e-01 0.000000000000000000e+00 3.745893473866981349e-01 4.069437008839459358e-01 4.176090546171532525e-01 5.242988805031446597e-01 4.278694051112610919e-01 4.230595072660833789e-01 4.123957374301600032e-01 0.000000000000000000e+00 4.746145544554455364e-01 4.881409545729860078e-01 4.524353842749075372e-01 0.000000000000000000e+00 4.386010952380952066e-01 4.245196439850977832e-01 4.027579907055597319e-01 4.285172614548269365e-01 4.149417443362233282e-01 0.000000000000000000e+00 4.647552681050068912e-01 0.000000000000000000e+00 0.000000000000000000e+00 3.625121578947368417e-01 0.000000000000000000e+00 4.024981058638656961e-01 3.680542110091742924e-01 0.000000000000000000e+00 0.000000000000000000e+00
3.180493408931888699e-01 4.672093018202954640e-01 2.436627540002859194e-01 4.211003408293852446e-01 2.034944902851509585e-01 3.953057848826488918e-01 2.827835855735466031e-01 4.312937415021205756e-01 2.819770282015937046e-01 4.205349672663506455e-01 3.499868518591871536e-01 4.515669194043844259e-01 3.241272847464000129e-01 4.166963235349780970e-01 3.060362548404210181e-01 3.871979111234913895e-01 3.454476593543788776e-01 4.583470580526756710e-01 2.929776989551167721e-01 4.837084813650561199e-01 2.774552765957446487e-01 3.877739759036144540e-01 2.381274024533857336e-01 4.090612126208077459e-01 2.223358810528444363e-01 3.656250966969957217e-01 2.874870826941160473e-01 0.000000000000000000e+00 3.271304336771508892e-01 4.363250566351613569e-01 3.443558209978283546e-01 4.020380216335223134e-01 3.651056298312307380e-01 4.655569141170212699e-01 4.104741741043980152e-01 0.000000000000000000e+00 3.900749783614013144e-01 4.596401649196366068e-01 3.807695233077905694e-01 0.000000000000000000e+00 3.244026262626263368e-01 0.000000000000000000e+00 0.000000000000000000e+00 0.000000000000000000e+00 3.626533110582463304e-01 0.000000000000000000e+00 0.000000000000000000e+00 0.000000000000000000e+00 3.626087785350777248e-01 0.000000000000000000e+00 3.322432627551457629e-01 0.000000000000000000e+00 3.262409706550183364e-01 0.000000000000000000e+00 3.168569700622551055e-01 0.000000000000000000e+00 3.291014578653481681e-01 4.975656333333333126e-01 3.649206296346369505e-01 4.541909173638469244e-01 3.242012069652296380e-01 0.000000000000000000e+00 2.991695954961224313e-01 0.000000000000000000e+00 3.408678881391477011e-01 0.000000000000000000e+00 3.867227083600716098e-01 4.860710363945578427e-01 2.223115239713206737e-01 0.000000000000000000e+00 3.204875361192452976e-01 4.693629599845102751e-01 3.219130666314778955e-01 4.277110926935211443e-01 3.328339148936170222e-01 0.000000000000000000e+00 3.579503406463029891e-01 4.379041104495203229e-01 0.000000000000000000e+00 0.000000000000000000e+00 3.372505580663817670e-01 0.000000000000000000e+00 0.000000000000000000e+00 0.000000000000000000e+00 3.212723392647832132e-01 0.000000000000000000e+00 3.576891188811189282e-01 0.000000000000000000e+00 3.182707484029629885e-01 0.000000000000000000e+00 3.892285096612291273e-01 0.000000000000000000e+00 0.000000000000000000e+00 0.000000000000000000e+00 3.742211010281183414e-01 0.000000000000000000e+00 0.000000000000000000e+00 0.000000000000000000e+00 3.866481209677418707e-01 4.256800675675675438e-01 0.000000000000000000e+00 0.000000000000000000e+00 3.963388322917972828e-01 0.000000000000000000e+00 3.838075046764392040e-01 0.000000000000000000e+00 0.000000000000000000e+00 0.000000000000000000e+00 3.762618705882353476e-01 0.000000000000000000e+00 0.000000000000000000e+00 3.538736770833333378e-01 0.000000000000000000e+00 0.000000000000000000e+00 0.000000000000000000e+00 0.000000000000000000e+00
4.663018021906265576e-01 3.051289190658894590e-01 4.211003408293852446e-01 2.443798624097580363e-01 3.844057691717577274e-01 1.946917388618540357e-01 4.258549773770604618e-01 2.889830555725438344e-01 3.788492139330994490e-01 2.681563099921090987e-01 4.543633659306730022e-01 3.715216789514520501e-01 4.039361134042676604e-01 3.125819991042649848e-01 3.934782103878380344e-01 2.908007857034775046e-01 4.582986428987678718e-01 3.636549150547677134e-01 4.752040196748513745e-01 2.710871759968109806e-01 0.000000000000000000e+00 0.000000000000000000e+00 4.071716523877706440e-01 2.329499536115988423e-01 3.655321501417018171e-01 2.193944938710143400e-01 3.918741057445442877e-01 2.847017570512820339e-01 4.492515821609183169e-01 3.308274405183632694e-01 3.591715990474307896e-01 3.142334534969367654e-01 4.570682267684633149e-01 3.697033942203074575e-01 0.000000000000000000e+00 4.345021340522939313e-01 5.002389195115409803e-01 4.342564406099929664e-01 0.000000000000000000e+00 4.251132400680740497e-01 0.000000000000000000e+00 3.853043406852545427e-01 0.000000000000000000e+00 0.000000000000000000e+00 0.000000000000000000e+00 4.147296666666665521e-01 0.000000000000000000e+00 4.107226393325200120e-01 0.000000000000000000e+00 4.014547564006586411e-01 0.000000000000000000e+00 3.659286365656795881e-01 0.000000000000000000e+00 3.271368671333203526e-01 0.000000000000000000e+00 3.433605081437541284e-01 4.500390141674083799e-01 3.742368251618743424e-01 4.316889644792293312e-01 3.973699955913867488e-01 0.000000000000000000e+00 3.505123375682129283e-01 3.063580851562499596e-01 3.053692378236245730e-01 0.000000000000000000e+00 3.732233008986839962e-01 4.572477469621456514e-01 3.962681796801087453e-01 4.967484900643537316e-01 3.552614484968996678e-01 4.359659483462740015e-01 3.436729741589736875e-01 3.970267926563245675e-01 3.341871439859583348e-01 3.957334456521738875e-01 0.000000000000000000e+00 4.306394696071999539e-01 3.710443281910877356e-01 0.000000000000000000e+00 0.000000000000000000e+00 4.233347105789473375e-01 3.211116349687492821e-01 0.000000000000000000e+00 3.499091744186046404e-01 4.406358573737618189e-01 3.494779689783266696e-01 0.000000000000000000e+00 0.000000000000000000e+00 0.000000000000000000e+00 3.804450270992134620e-01 3.893481834694874077e-01 4.019027144622100423e-01 3.908626475409835987e-01 0.000000000000000000e+00 4.059224081632653580e-01 3.895217203458315458e-01 0.000000000000000000e+00 0.000000000000000000e+00 0.000000000000000000e+00 5.137394035087718969e-01 3.601802248062015988e-01 0.000000000000000000e+00 3.945148409054679006e-01 3.662144492442274135e-01 4.430102294880089997e-01 3.940478336344863108e-01 0.000000000000000000e+00 3.622459572649572301e-01 0.000000000000000000e+00 0.000000000000000000e+00 0.000000000000000000e+00 3.828601603773584827e-01 3.600094736842105458e-01 0.000000000000000000e+00 3.949278099999999903e-01 0.000000000000000000e+00
3.251564686639866752e-01 0.000000000000000000e+00 2.034944902851509585e-01 3.844057691717577274e-01 2.009626838864519982e-01 3.896990543560205356e-01 2.514673676866180374e-01 3.950591244766811783e-01 2.208832151906076902e-01 3.985034952581259504e-01 0.000000000000000000e+00 0.000000000000000000e+00 3.086129782608695860e-01 3.824118919695748131e-01 2.653326151152823331e-01 3.597746733398937136e-01 0.000000000000000000e+00 0.000000000000000000e+00 3.503425429281691872e-01 0.000000000000000000e+00 3.360093858336561379e-01 4.449679810550082326e-01 2.384057687812526916e-01 3.944943438562488747e-01 1.930758074636270694e-01 3.808787794733001775e-01 2.908255505588036027e-01 3.809423849965303810e-01 3.088219354375637549e-01 0.000000000000000000e+00 2.989726288937823995e-01 3.563113459759844059e-01 3.421179304453703662e-01 0.000000000000000000e+00 0.000000000000000000e+00 0.000000000000000000e+00 3.805802048965091222e-01 0.000000000000000000e+00 0.000000000000000000e+00 0.000000000000000000e+00 3.918168963467492105e-01 0.000000000000000000e+00 0.000000000000000000e+00 0.000000000000000000e+00 0.000000000000000000e+00 0.000000000000000000e+00 4.242540751879699257e-01 0.000000000000000000e+00 0.000000000000000000e+00 0.000000000000000000e+00 0.000000000000000000e+00 0.000000000000000000e+00 3.713876666666666715e-01 0.000000000000000000e+00 0.000000000000000000e+00 0.000000000000000000e+00 3.922496198347107943e-01 0.000000000000000000e+00 0.000000000000000000e+00 0.000000000000000000e+00 3.871984642857143055e-01 0.000000000000000000e+00 0.000000000000000000e+00 0.000000000000000000e+00 0.000000000000000000e+00 0.000000000000000000e+00 3.970210255420560941e-01 0.000000000000000000e+00 0.000000000000000000e+00 0.000000000000000000e+00 3.153376180914825300e-01 4.850893323111756805e-01 3.046990581360562445e-01 3.972334916583304398e-01 2.692072957696265978e-01 0.000000000000000000e+00 3.180308055274892465e-01 0.000000000000000000e+00 0.000000000000000000e+00 0.000000000000000000e+00 0.000000000000000000e+00 0.000000000000000000e+00 3.983235531914893768e-01 0.000000000000000000e+00 3.666734646691923172e-01 0.000000000000000000e+00 0.000000000000000000e+00 0.000000000000000000e+00 0.000000000000000000e+00 0.000000000000000000e+00 3.429853857342479717e-01 0.000000000000000000e+00 0.000000000000000000e+00 0.000000000000000000e+00 0.000000000000000000e+00 0.000000000000000000e+00 0.000000000000000000e+00 0.000000000000000000e+00 3.515604144144144350e-01 0.000000000000000000e+00 0.000000000000000000e+00 0.000000000000000000e+00 0.000000000000000000e+00 0.000000000000000000e+00 0.000000000000000000e+00 0.000000000000000000e+00 0.000000000000000000e+00 0.000000000000000000e+00 0.000000000000000000e+00 0.000000000000000000e+00 0.000000000000000000e+00 0.000000000000000000e+00 0.000000000000000000e+00 0.000000000000000000e+00 0.000000000000000000e+00 0.000000000000000000e+00
0.000000000000000000e+00 3.427657545180722853e-01 3.953057848826488918e-01 1.946917388618540357e-01 3.896990543560205356e-01 1.693066686230850493e-01 3.830933133482670172e-01 2.451326225343494480e-01 4.054816848343597013e-01 1.932061576732771457e-01 0.000000000000000000e+00 3.537492678571428351e-01 4.109795000000000531e-01 2.779470387508872764e-01 4.197105017881859190e-01 2.298049601722272628e-01 0.000000000000000000e+00 0.000000000000000000e+00 0.000000000000000000e+00 3.148975269854983883e-01 3.499961055555556033e-01 2.861703205699008823e-01 3.717782453622080485e-01 2.347278429631855790e-01 3.623581815545833251e-01 2.514985927914349384e-01 3.749969907143844705e-01 2.161690142179318319e-01 3.451705961538461542e-01 2.486724259191358533e-01 3.216506295377652425e-01 3.008980814117057645e-01 3.242325052631578886e-01 3.456065804181697732e-01 0.000000000000000000e+00 3.942047017543859333e-01 0.000000000000000000e+00 0.000000000000000000e+00 0.000000000000000000e+00 3.905870820895522844e-01 0.000000000000000000e+00 0.000000000000000000e+00 0.000000000000000000e+00 0.000000000000000000e+00 0.000000000000000000e+00 0.000000000000000000e+00 0.000000000000000000e+00 3.879298627450979975e-01 0.000000000000000000e+00 0.000000000000000000e+00 0.000000000000000000e+00 3.422889300747863350e-01 0.000000000000000000e+00 0.000000000000000000e+00 0.000000000000000000e+00 3.071120372586872982e-01 0.000000000000000000e+00 0.000000000000000000e+00 0.000000000000000000e+00 3.188989652173913059e-01 3.056752592592592577e-01 3.854363394495412543e-01 0.000000000000000000e+00 2.872364333333333186e-01 0.000000000000000000e+00 0.000000000000000000e+00 0.000000000000000000e+00 3.986420538028166982e-01 0.000000000000000000e+00 0.000000000000000000e+00 4.425270000629710210e-01 3.323511640282342250e-01 3.717093490800550404e-01 3.017938658978424615e-01 0.000000000000000000e+00 2.896732574478308453e-01 3.594522133798803143e-01 3.266164915692628123e-01 0.000000000000000000e+00 0.000000000000000000e+00 0.000000000000000000e+00 3.421884716129369175e-01 0.000000000000000000e+00 0.000000000000000000e+00 0.000000000000000000e+00 3.322926074806421548e-01 0.000000000000000000e+00 3.702628650359011675e-01 0.000000000000000000e+00 3.579382009456759661e-01 3.635715397708122465e-01 0.000000000000000000e+00 0.000000000000000000e+00 3.951258923076922946e-01 0.000000000000000000e+00 3.629003727768215781e-01 0.000000000000000000e+00 0.000000000000000000e+00 0.000000000000000000e+00 0.000000000000000000e+00 0.000000000000000000e+00 0.000000000000000000e+00 0.000000000000000000e+00 0.000000000000000000e+00 0.000000000000000000e+00 0.000000000000000000e+00 0.000000000000000000e+00 0.000000000000000000e+00 0.000000000000000000e+00 0.000000000000000000e+00 0.000000000000000000e+00 0.000000000000000000e+00 0.000000000000000000e+00 0.000000000000000000e+00 0.000000000000000000e+00 0.000000000000000000e+00
2.978337450565467504e-01 4.626144609411719788e-01 2.827835855735466031e-01 4.258549773770604618e-01 2.514673676866180374e-01 3.830933133482670172e-01 2.448107525698259013e-01 4.332082753055951918e-01 2.675346855504178722e-01 4.064156602576632915e-01 3.411539171138268656e-01 4.457870865984547293e-01 2.636377283452734366e-01 4.141360381061612306e-01 3.168251491890473615e-01 4.176858151512221617e-01 3.382118302578346891e-01 4.398464857088184021e-01 3.615594497294448151e-01 4.687070287958384207e-01 2.915017319930069961e-01 0.000000000000000000e+00 3.200566865185142662e-01 4.244214021611503185e-01 2.837287120427489095e-01 3.558825630810153462e-01 0.000000000000000000e+00 3.565141935483870927e-01 3.216340841368650616e-01 4.260219167923450789e-01 3.341836043048372895e-01 4.012715118734394570e-01 3.479018443852230358e-01 4.579623099814942866e-01 4.464338780561254993e-01 4.274877341772152506e-01 3.735056885262992288e-01 4.622423029153195917e-01 3.817576818181817599e-01 0.000000000000000000e+00 0.000000000000000000e+00 0.000000000000000000e+00 0.000000000000000000e+00 0.000000000000000000e+00 3.747973109291086180e-01 4.810359683544303544e-01 0.000000000000000000e+00 0.000000000000000000e+00 3.705049363464645862e-01 0.000000000000000000e+00 3.380565025558940895e-01 4.833481875000000261e-01 3.394227565013379078e-01 0.000000000000000000e+00 3.409098693934121127e-01 0.000000000000000000e+00 3.404778360490239852e-01 4.425473866065316453e-01 3.634218373008232250e-01 4.647225416067796155e-01 3.439668452617020700e-01 0.000000000000000000e+00 3.277778809030826301e-01 3.830177999999999638e-01 3.394415211960276069e-01 0.000000000000000000e+00 3.878359924585723650e-01 4.650930873786407460e-01 3.597080941943901489e-01 0.000000000000000000e+00 3.144788882656056050e-01 4.732333131608945642e-01 3.298788168622034389e-01 4.192139755224608133e-01 0.000000000000000000e+00 3.804135232558139013e-01 3.400975711806999424e-01 4.439726172773155732e-01 0.000000000000000000e+00 0.000000000000000000e+00 3.348491695570662285e-01 0.000000000000000000e+00 0.000000000000000000e+00 0.000000000000000000e+00 3.550659162924825196e-01 0.000000000000000000e+00 3.651966145251396290e-01 0.000000000000000000e+00 3.543022508785703684e-01 4.017765730337078400e-01 4.338870669176986827e-01 0.000000000000000000e+00 4.055110174418604663e-01 0.000000000000000000e+00 4.598387709923663635e-01 0.000000000000000000e+00 0.000000000000000000e+00 0.000000000000000000e+00 0.000000000000000000e+00 0.000000000000000000e+00 3.648019000000000123e-01 0.000000000000000000e+00 4.286479540229884977e-01 0.000000000000000000e+00 4.372438522430236452e-01 0.000000000000000000e+00 0.000000000000000000e+00 0.000000000000000000e+00 0.000000000000000000e+00 0.000000000000000000e+00 0.000000000000000000e+00 0.000000000000000000e+00 0.000000000000000000e+00 0.000000000000000000e+00 0.000000000000000000e+00 0.000000000000000000e+00
4.452499042305289589e-01 2.823431291730840731e-01 4.312937415021205756e-01 2.889830555725438344e-01 3.950591244766811783e-01 2.451326225343494480e-01 4.332082753055951918e-01 2.230331932334588818e-01 4.042869021322132439e-01 2.361125062249403161e-01 4.541768897294654606e-01 3.116595618745116592e-01 4.186809768508618079e-01 2.429309731581921206e-01 4.064636098102461514e-01 2.610311905591902182e-01 4.484448720760300100e-01 3.415834084978581209e-01 4.607743837409197796e-01 3.548386153597617443e-01 0.000000000000000000e+00 0.000000000000000000e+00 4.293406878020996631e-01 3.238783907868792444e-01 3.968138452056708676e-01 2.519822906408345498e-01 3.565201802638007234e-01 0.000000000000000000e+00 4.321545089621476876e-01 2.968665107764115740e-01 3.599650085218242812e-01 3.187626026799358914e-01 4.473853578274734066e-01 3.463469059890837976e-01 0.000000000000000000e+00 4.348461169854195840e-01 4.502884085676727710e-01 3.701743035469977072e-01 0.000000000000000000e+00 3.921545349653330903e-01 0.000000000000000000e+00 0.000000000000000000e+00 0.000000000000000000e+00 3.288656800000000491e-01 0.000000000000000000e+00 3.387436280296041713e-01 0.000000000000000000e+00 3.885346626551672844e-01 4.395864743589743551e-01 3.452929330693018661e-01 0.000000000000000000e+00 3.462907096811757013e-01 0.000000000000000000e+00 3.432382947591057776e-01 0.000000000000000000e+00 3.479972069820883029e-01 4.209337672754421833e-01 3.575638036171613909e-01 4.462612479482823136e-01 3.685908003672743738e-01 3.910231787221499222e-01 3.434101934295702985e-01 4.306455723929816792e-01 3.503354309842203196e-01 4.407316575342465903e-01 3.437170989661088583e-01 4.443668667468916866e-01 3.851398363968940863e-01 4.666195145833333946e-01 3.740019432285306977e-01 4.525013830051076158e-01 3.109111429627499090e-01 4.184932210243426098e-01 3.146942231130621659e-01 4.160220561797753347e-01 3.126654761904761326e-01 4.320450305020869797e-01 3.499263904282179927e-01 0.000000000000000000e+00 0.000000000000000000e+00 4.196911506849315132e-01 3.572128051791574332e-01 0.000000000000000000e+00 3.562171632653061137e-01 3.994928267230079544e-01 3.586009590211420295e-01 0.000000000000000000e+00 3.533121753246752927e-01 4.312864236111110805e-01 3.539620420958343727e-01 3.964678359257253759e-01 0.000000000000000000e+00 0.000000000000000000e+00 0.000000000000000000e+00 3.908407021309752705e-01 3.831175538234118938e-01 0.000000000000000000e+00 0.000000000000000000e+00 0.000000000000000000e+00 0.000000000000000000e+00 0.000000000000000000e+00 0.000000000000000000e+00 0.000000000000000000e+00 0.000000000000000000e+00 4.274526007938931338e-01 0.000000000000000000e+00 0.000000000000000000e+00 0.000000000000000000e+00 4.314784821428571115e-01 0.000000000000000000e+00 0.000000000000000000e+00 3.738432673267326756e-01 0.000000000000000000e+00 0.000000000000000000e+00 0.000000000000000000e+00 0.000000000000000000e+00
3.592557875644321608e-01 0.000000000000000000e+00 2.819770282015937046e-01 3.788492139330994490e-01 2.208832151906076902e-01 4.054816848343597013e-01 2.675346855504178722e-01 4.042869021322132439e-01 2.017987226617128926e-01 3.921450733364601482e-01 3.510277418787993708e-01 0.000000000000000000e+00 2.566329930836891426e-01 4.066893351211523511e-01 2.315869744781043349e-01 4.057874380556703575e-01 3.544860027030152239e-01 4.467207372881356608e-01 3.695775254250320829e-01 0.000000000000000000e+00 3.150697521143694946e-01 0.000000000000000000e+00 3.155830747563397876e-01 3.990596541007447873e-01 2.953090747493734014e-01 3.711669061476438602e-01 2.639739543835172286e-01 4.034142765265265052e-01 3.251418349511676076e-01 3.791835409241920973e-01 3.302640183057204970e-01 3.613030287419013442e-01 3.678384860792525135e-01 4.391731523809522808e-01 4.024259094827585814e-01 0.000000000000000000e+00 4.137158999999999698e-01 0.000000000000000000e+00 0.000000000000000000e+00 0.000000000000000000e+00 3.773078621621621109e-01 0.000000000000000000e+00 0.000000000000000000e+00 0.000000000000000000e+00 0.000000000000000000e+00 0.000000000000000000e+00 0.000000000000000000e+00 0.000000000000000000e+00 0.000000000000000000e+00 0.000000000000000000e+00 0.000000000000000000e+00 0.000000000000000000e+00 3.908300571986428329e-01 0.000000000000000000e+00 0.000000000000000000e+00 0.000000000000000000e+00 3.766581634081562768e-01 0.000000000000000000e+00 3.517907575757575622e-01 0.000000000000000000e+00 3.694500130592398013e-01 0.000000000000000000e+00 3.441960386741442224e-01 0.000000000000000000e+00 3.427458082358674774e-01 0.000000000000000000e+00 3.811855809670555151e-01 4.174639050632910631e-01 4.156263129970585446e-01 4.489445477707006971e-01 3.091465538982924310e-01 4.576478167644586481e-01 3.257869755711406135e-01 3.769213983008790625e-01 2.796110001970308900e-01 0.000000000000000000e+00 3.458874880333824287e-01 3.813032858217285104e-01 0.000000000000000000e+00 0.000000000000000000e+00 3.656256018815212672e-01 0.000000000000000000e+00 3.709104166666667424e-01 0.000000000000000000e+00 3.617482614333675239e-01 0.000000000000000000e+00 0.000000000000000000e+00 0.000000000000000000e+00 3.824633482966188769e-01 0.000000000000000000e+00 3.281991083333333226e-01 0.000000000000000000e+00 0.000000000000000000e+00 0.000000000000000000e+00 3.026863037974684145e-01 0.000000000000000000e+00 0.000000000000000000e+00 0.000000000000000000e+00 0.000000000000000000e+00 3.894227521367522038e-01 0.000000000000000000e+00 0.000000000000000000e+00 3.784792814814814665e-01 0.000000000000000000e+00 0.000000000000000000e+00 0.000000000000000000e+00 0.000000000000000000e+00 0.000000000000000000e+00 0.000000000000000000e+00 0.000000000000000000e+00 0.000000000000000000e+00 0.000000000000000000e+00 0.000000000000000000e+00 0.000000000000000000e+00 0.000000000000000000e+00 0.000000000000000000e+00
0.000000000000000000e+00 3.028194383872166440e-01 4.205349672663506455e-01 2.681563099921090987e-01 3.985034952581259504e-01 1.932061576732771457e-01 4.064156602576632915e-01 2.361125062249403161e-01 3.921450733364601482e-01 1.826353116765359330e-01 4.012044949842643038e-01 3.365341241119984561e-01 3.341837096774193383e-01 2.944126345665155631e-01 4.050953487250273932e-01 2.089812607167052527e-01 0.000000000000000000e+00 3.577227183257918330e-01 4.270694107142857243e-01 3.362867465141016754e-01 2.902579565217391355e-01 3.352130127985739616e-01 3.891872288806280111e-01 3.162528983474182098e-01 3.822226449658296388e-01 2.930225061857750224e-01 3.977939283941424597e-01 2.182341558873007736e-01 0.000000000000000000e+00 3.130760561897797389e-01 2.980599566833977421e-01 3.150040625814656825e-01 0.000000000000000000e+00 3.376152407317024595e-01 0.000000000000000000e+00 0.000000000000000000e+00 0.000000000000000000e+00 0.000000000000000000e+00 0.000000000000000000e+00 0.000000000000000000e+00 0.000000000000000000e+00 3.874108726190475527e-01 0.000000000000000000e+00 0.000000000000000000e+00 0.000000000000000000e+00 0.000000000000000000e+00 0.000000000000000000e+00 4.030976308702289845e-01 0.000000000000000000e+00 2.962054210526315901e-01 0.000000000000000000e+00 3.372125354698604638e-01 0.000000000000000000e+00 0.000000000000000000e+00 0.000000000000000000e+00 3.306179017384002217e-01 0.000000000000000000e+00 0.000000000000000000e+00 0.000000000000000000e+00 3.089651261508929991e-01 0.000000000000000000e+00 3.184520253041044358e-01 0.000000000000000000e+00 3.570341198247535264e-01 0.000000000000000000e+00 3.274715575821844915e-01 4.332311041666667140e-01 3.887045240901625953e-01 0.000000000000000000e+00 0.000000000000000000e+00 4.420175578617398515e-01 3.166221899776774373e-01 3.692393053096939548e-01 3.218968585968067786e-01 0.000000000000000000e+00 3.262025882352941331e-01 3.806887905344319423e-01 3.337264919114878992e-01 0.000000000000000000e+00 3.021137682926828827e-01 0.000000000000000000e+00 3.396175914814671959e-01 0.000000000000000000e+00 0.000000000000000000e+00 0.000000000000000000e+00 3.550448342963254400e-01 0.000000000000000000e+00 3.588948381498223705e-01 0.000000000000000000e+00 3.518334907868574390e-01 0.000000000000000000e+00 0.000000000000000000e+00 0.000000000000000000e+00 3.410387299270073447e-01 0.000000000000000000e+00 3.703483258426966684e-01 0.000000000000000000e+00 0.000000000000000000e+00 0.000000000000000000e+00 0.000000000000000000e+00 0.000000000000000000e+00 0.000000000000000000e+00 0.000000000000000000e+00 0.000000000000000000e+00 0.000000000000000000e+00 0.000000000000000000e+00 0.000000000000000000e+00 0.000000000000000000e+00 0.000000000000000000e+00 0.000000000000000000e+00 0.000000000000000000e+00 0.000000000000000000e+00 0.000000000000000000e+00 0.000000000000000000e+00 0.000000000000000000e+00 0.000000000000000000e+00
3.103091020168687875e-01 4.473524682451474055e-01 3.499868518591871536e-01 4.543633659306730022e-01 0.000000000000000000e+00 0.000000000000000000e+00 3.411539171138268656e-01 4.541768897294654606e-01 3.510277418787993708e-01 4.012044949842643038e-01 2.579699356830862933e-01 4.602092297144382838e-01 2.906990732815104561e-01 4.218973056255538867e-01 3.643505175836642129e-01 0.000000000000000000e+00 2.738687577464726242e-01 4.371639351733562218e-01 3.700233641433022247e-01 4.685749490449912513e-01 0.000000000000000000e+00 0.000000000000000000e+00 3.574778203714555347e-01 4.495530842758134749e-01 3.662452318840580534e-01 0.000000000000000000e+00 0.000000000000000000e+00 0.000000000000000000e+00 3.419893498309697355e-01 4.247104999999999908e-01 3.610199259335466482e-01 0.000000000000000000e+00 3.713767745125856057e-01 4.657922411612402946e-01 4.141451456325633274e-01 0.000000000000000000e+00 4.214616525330038277e-01 4.254408760330578021e-01 3.609476367521368134e-01 0.000000000000000000e+00 0.000000000000000000e+00 0.000000000000000000e+00 0.000000000000000000e+00 0.000000000000000000e+00 3.343081428571428315e-01 0.000000000000000000e+00 0.000000000000000000e+00 0.000000000000000000e+00 0.000000000000000000e+00 0.000000000000000000e+00 3.287758916925465624e-01 0.000000000000000000e+00 3.265586548627508190e-01 0.000000000000000000e+00 3.407722911579161296e-01 0.000000000000000000e+00 3.548188878971831883e-01 4.422870353982301106e-01 3.640617522412273321e-01 4.737602875000000435e-01 3.693413890428801083e-01 4.655228551724137076e-01 3.602418693351227552e-01 4.316852622950819729e-01 3.739510175053979979e-01 0.000000000000000000e+00 3.932428465868667011e-01 4.201266918238995007e-01 3.781456388888889131e-01 0.000000000000000000e+00 3.366528415302823540e-01 4.910654450634164281e-01 3.371585936395454230e-01 4.362057890529372761e-01 0.000000000000000000e+00 0.000000000000000000e+00 3.723773590859876248e-01 4.412680012298011989e-01 0.000000000000000000e+00 0.000000000000000000e+00 3.623601098095127204e-01 0.000000000000000000e+00 0.000000000000000000e+00 0.000000000000000000e+00 3.774922033604788396e-01 0.000000000000000000e+00 0.000000000000000000e+00 0.000000000000000000e+00 3.836518330364306339e-01 0.000000000000000000e+00 3.794214841269841210e-01 0.000000000000000000e+00 0.000000000000000000e+00 0.000000000000000000e+00 0.000000000000000000e+00 0.000000000000000000e+00 0.000000000000000000e+00 0.000000000000000000e+00 0.000000000000000000e+00 0.000000000000000000e+00 0.000000000000000000e+00 0.000000000000000000e+00 3.989297311827956771e-01 0.000000000000000000e+00 0.000000000000000000e+00 0.000000000000000000e+00 0.000000000000000000e+00 0.000000000000000000e+00 0.000000000000000000e+00 0.000000000000000000e+00 0.000000000000000000e+00 0.000000000000000000e+00 0.000000000000000000e+00 0.000000000000000000e+00 0.000000000000000000e+00 0.000000000000000000e+00
4.338280452853331970e-01 3.347697344471978753e-01 4.515669194043844259e-01 3.715216789514520501e-01 0.000000000000000000e+00 3.537492678571428351e-01 4.457870865984547293e-01 3.116595618745116592e-01 0.000000000000000000e+00 3.365341241119984561e-01 4.602092297144382838e-01 3.163439609999298963e-01 4.402893370810580520e-01 2.848770649866044224e-01 0.000000000000000000e+00 3.344974364854285676e-01 4.331352099999999372e-01 3.352156470988462145e-01 4.599429696572040482e-01 3.864968961469444908e-01 0.000000000000000000e+00 0.000000000000000000e+00 4.203460261625622252e-01 3.668804497861876124e-01 0.000000000000000000e+00 0.000000000000000000e+00 0.000000000000000000e+00 0.000000000000000000e+00 4.534321511658000459e-01 3.345950762521939792e-01 3.877493699577406749e-01 3.599112086060624605e-01 4.399090231959237873e-01 3.622731025605429589e-01 0.000000000000000000e+00 4.402132265105261899e-01 0.000000000000000000e+00 4.311316306142982113e-01 0.000000000000000000e+00 3.625461869158878025e-01 4.476169685039370072e-01 0.000000000000000000e+00 0.000000000000000000e+00 0.000000000000000000e+00 0.000000000000000000e+00 3.591179347826087276e-01 0.000000000000000000e+00 0.000000000000000000e+00 4.524292615384615801e-01 3.733337274519399340e-01 0.000000000000000000e+00 3.736869876363635434e-01 0.000000000000000000e+00 3.654730014100184277e-01 0.000000000000000000e+00 3.702053772167107071e-01 0.000000000000000000e+00 3.483259203489713629e-01 4.332893687499999591e-01 3.779532937922610025e-01 4.289267999999999970e-01 3.818352732257867532e-01 0.000000000000000000e+00 3.906113589887821869e-01 0.000000000000000000e+00 3.792979686738378597e-01 0.000000000000000000e+00 3.947734987536255513e-01 4.289579529411764458e-01 4.109072188517179369e-01 4.544195569627104692e-01 3.478605070768197027e-01 4.341072362217203162e-01 3.587001273264258105e-01 0.000000000000000000e+00 0.000000000000000000e+00 4.304926013597086265e-01 3.821667933918972415e-01 0.000000000000000000e+00 0.000000000000000000e+00 4.460513211678832080e-01 3.818805056770664952e-01 0.000000000000000000e+00 3.482942111621472603e-01 0.000000000000000000e+00 3.987294208362289760e-01 0.000000000000000000e+00 3.758103542089846205e-01 0.000000000000000000e+00 3.811625115942339770e-01 4.322947581105168746e-01 3.938082869565217581e-01 0.000000000000000000e+00 0.000000000000000000e+00 0.000000000000000000e+00 0.000000000000000000e+00 0.000000000000000000e+00 0.000000000000000000e+00 0.000000000000000000e+00 0.000000000000000000e+00 0.000000000000000000e+00 0.000000000000000000e+00 0.000000000000000000e+00 0.000000000000000000e+00 4.113887948717948051e-01 0.000000000000000000e+00 0.000000000000000000e+00 0.000000000000000000e+00 0.000000000000000000e+00 0.000000000000000000e+00 0.000000000000000000e+00 0.000000000000000000e+00 0.000000000000000000e+00 0.000000000000000000e+00 0.000000000000000000e+00 0.000000000000000000e+00
3.412715129559641403e-01 4.396170041317287169e-01 3.241272847464000129e-01 4.039361134042676604e-01 3.086129782608695860e-01 4.109795000000000531e-01 2.636377283452734366e-01 4.186809768508618079e-01 2.566329930836891426e-01 3.341837096774193383e-01 2.906990732815104561e-01 4.402893370810580520e-01 2.411831010280848786e-01 4.100654194488428383e-01 2.413854822487339347e-01 4.072655119837296778e-01 3.848086712777569751e-01 4.473101174842270544e-01 3.676785306495441996e-01 4.689011035631142632e-01 0.000000000000000000e+00 0.000000000000000000e+00 3.322937017945003513e-01 4.014464915220832264e-01 0.000000000000000000e+00 3.674670595199897027e-01 0.000000000000000000e+00 0.000000000000000000e+00 3.385625257054140635e-01 4.284587592722166605e-01 3.564359774440296058e-01 3.818882281536413736e-01 3.453962210896966978e-01 4.372191699178486490e-01 4.240371881481883043e-01 0.000000000000000000e+00 3.718586413813702585e-01 0.000000000000000000e+00 3.997383999999999937e-01 0.000000000000000000e+00 3.422670877192983130e-01 0.000000000000000000e+00 0.000000000000000000e+00 0.000000000000000000e+00 3.882348371366555750e-01 0.000000000000000000e+00 0.000000000000000000e+00 0.000000000000000000e+00 3.514122281983316776e-01 0.000000000000000000e+00 3.212142391893221816e-01 0.000000000000000000e+00 3.779046481637821642e-01 0.000000000000000000e+00 3.599756321996224195e-01 0.000000000000000000e+00 3.880747698110046939e-01 0.000000000000000000e+00 3.643233948187973303e-01 0.000000000000000000e+00 3.696703808364498745e-01 0.000000000000000000e+00 3.528611216405068141e-01 0.000000000000000000e+00 3.533323681212683365e-01 0.000000000000000000e+00 3.836945018929036610e-01 4.274411744186046302e-01 3.744475039591836918e-01 4.332478429752066318e-01 3.230955294874349737e-01 4.537261525837306686e-01 3.617138376126801669e-01 4.295810746584256545e-01 3.335761073627125928e-01 0.000000000000000000e+00 3.763316318129217297e-01 4.182114874331676613e-01 3.486337785289604363e-01 0.000000000000000000e+00 3.550828063068924845e-01 0.000000000000000000e+00 3.770856079999999610e-01 0.000000000000000000e+00 3.725344214144454824e-01 0.000000000000000000e+00 3.778080986842105582e-01 0.000000000000000000e+00 3.690721871449496039e-01 0.000000000000000000e+00 4.007717617753623340e-01 4.151696222222222565e-01 0.000000000000000000e+00 0.000000000000000000e+00 3.868495802469135714e-01 0.000000000000000000e+00 0.000000000000000000e+00 0.000000000000000000e+00 0.000000000000000000e+00 0.000000000000000000e+00 0.000000000000000000e+00 0.000000000000000000e+00 0.000000000000000000e+00 3.832809363057325669e-01 4.344962790067230518e-01 0.000000000000000000e+00 0.000000000000000000e+00 0.000000000000000000e+00 0.000000000000000000e+00 0.000000000000000000e+00 0.000000000000000000e+00 0.000000000000000000e+00 0.000000000000000000e+00 0.000000000000000000e+00 0.000000000000000000e+00 0.000000000000000000e+00
