0.000000000000000000e+00 2.175258643558227942e-02 9.915449654112221123e-02 3.912476452688016214e-03 0.000000000000000000e+00 0.000000000000000000e+00 1.519196160767846415e-01 7.557003257328990219e-03 4.339440694310510958e-03 0.000000000000000000e+00 2.176870748299319647e-01 1.740427647936350092e-03 8.124076809453471826e-02 0.000000000000000000e+00 4.692632566870014003e-03 0.000000000000000000e+00 4.146889832625531153e-02 3.521953510213665130e-03 6.991458399240746413e-02 2.550878171173682693e-02 0.000000000000000000e+00 0.000000000000000000e+00 5.524861878453038444e-03 0.000000000000000000e+00 0.000000000000000000e+00 0.000000000000000000e+00 0.000000000000000000e+00 0.000000000000000000e+00 3.723481021792466455e-02 3.125488357555868211e-03 3.048780487804878155e-03 3.678499172337686010e-04 3.147329023477372922e-02 1.163627639155470281e-02 1.223990208078335265e-03 0.000000000000000000e+00 8.401937046004842591e-02 4.105839416058394351e-03 0.000000000000000000e+00 0.000000000000000000e+00 9.803921568627450844e-03 0.000000000000000000e+00 1.170960187353629976e-04 1.045696957021855113e-04 3.600144005760230618e-04 1.224439818782906890e-04 0.000000000000000000e+00 0.000000000000000000e+00 2.960938389705044908e-03 2.289639381797366939e-04 2.380747743876235334e-02 2.335357309668379137e-04 3.326403326403326588e-03 1.388310426211300812e-04 2.043944813490035980e-03 0.000000000000000000e+00 2.787389465590157656e-01 3.252228378703926961e-03 3.935764117414768809e-02 1.316174319976601238e-03 4.690990320178704126e-02 5.403944879762226112e-04 4.156639684970465931e-03 1.216841080554879580e-03 4.729729729729729992e-02 3.521746786406057539e-04 1.870585989692689563e-02 8.333333333333333868e-04 7.300325262016624239e-02 1.519135261466549730e-02 7.910256410256409632e-02 5.478701547733187249e-04 2.846534653465346634e-02 2.181150269773849282e-03 1.912045889101338363e-03 0.000000000000000000e+00 5.167480222184817062e-02 4.107113520617709443e-03 1.769911504424778736e-03 0.000000000000000000e+00 4.025764895330112385e-03 0.000000000000000000e+00 0.000000000000000000e+00 0.000000000000000000e+00 3.424420615703908932e-02 1.030609089972173603e-04 1.194743130227001121e-03 0.000000000000000000e+00 3.080964891330308097e-02 1.714971702966901082e-04 3.402517863218781804e-04 2.421307506053268881e-03 3.685956505713232573e-04 5.656108597285068379e-04 8.426966292134831227e-02 7.662835249042145198e-03 1.246882793017456328e-03 0.000000000000000000e+00 0.000000000000000000e+00 3.424657534246575152e-03 0.000000000000000000e+00 9.389671361502347196e-04 7.925500297206260723e-04 7.977662544874351315e-04 1.318826244642268405e-03 3.657644476956839951e-04 0.000000000000000000e+00 0.000000000000000000e+00 6.250000000000000000e-02 0.000000000000000000e+00 0.000000000000000000e+00 0.000000000000000000e+00 0.000000000000000000e+00 0.000000000000000000e+00 0.000000000000000000e+00 0.000000000000000000e+00
2.175258643558227942e-02 0.000000000000000000e+00 5.636689725851908375e-03 7.172873496594696363e-02 0.000000000000000000e+00 0.000000000000000000e+00 7.048590281943611230e-03 1.102280130293159660e-01 0.000000000000000000e+00 2.433090024330900308e-03 3.061224489795918210e-03 7.334659373446046626e-02 1.772525849335302882e-03 1.852559205500382139e-02 0.000000000000000000e+00 3.506038176860148004e-03 8.493629777666749509e-03 8.241371213899977011e-02 2.483391331857007223e-02 8.795650961806524004e-02 0.000000000000000000e+00 0.000000000000000000e+00 1.227747084100675162e-03 1.497005988023952187e-03 0.000000000000000000e+00 0.000000000000000000e+00 0.000000000000000000e+00 0.000000000000000000e+00 4.185308125270601615e-03 5.391467416783872479e-02 6.707317073170731593e-03 3.678499172337686010e-04 4.355222864920040710e-02 1.487523992322456814e-02 0.000000000000000000e+00 1.439539347408829231e-03 4.600484261501210613e-03 1.256843065693430683e-01 0.000000000000000000e+00 8.305647840531562090e-03 3.267973856209150426e-03 1.408450704225352144e-02 0.000000000000000000e+00 3.137090871065565203e-04 0.000000000000000000e+00 1.714215746296069483e-03 0.000000000000000000e+00 2.409348271292615338e-04 2.277644915157726999e-04 4.121350887235260274e-03 5.156854318865491948e-04 1.595827494940059085e-02 0.000000000000000000e+00 1.388310426211300866e-03 5.109862033725089949e-04 1.817447495961227845e-03 5.254389337434320004e-03 3.194410985304745876e-01 9.214163485586415736e-04 5.454811348347470001e-02 5.956813104988831469e-04 4.701432045393136999e-02 2.187705097352876920e-04 1.971282550498904690e-02 0.000000000000000000e+00 3.275224511357633511e-02 1.145256728383279351e-03 1.369047619047619041e-02 2.764727141308276001e-02 1.051709027169149824e-01 2.051282051282051280e-03 8.985070538282427521e-02 4.950495049504950555e-03 4.637814257834921294e-02 0.000000000000000000e+00 2.010050251256281437e-02 1.009930988049149991e-02 6.472810908493510651e-02 0.000000000000000000e+00 0.000000000000000000e+00 0.000000000000000000e+00 2.283105022831050102e-03 0.000000000000000000e+00 0.000000000000000000e+00 3.459010722933241258e-04 3.390703906008450674e-02 0.000000000000000000e+00 2.484472049689441086e-03 9.553379508000955618e-04 3.498542274052478251e-02 3.402517863218781804e-04 1.452784503631961155e-03 0.000000000000000000e+00 1.696832579185520405e-03 1.123595505617977497e-02 5.747126436781609116e-02 1.246882793017456328e-03 0.000000000000000000e+00 0.000000000000000000e+00 2.568493150684931364e-03 0.000000000000000000e+00 0.000000000000000000e+00 5.944125222904695542e-04 3.589948145193458309e-03 0.000000000000000000e+00 4.023408924652523838e-03 0.000000000000000000e+00 8.643042350907519707e-04 0.000000000000000000e+00 0.000000000000000000e+00 0.000000000000000000e+00 0.000000000000000000e+00 5.952380952380952051e-03 0.000000000000000000e+00 1.015228426395939137e-03 0.000000000000000000e+00
9.915449654112221123e-02 5.636689725851908375e-03 0.000000000000000000e+00 4.781915664396464358e-03 5.353225098727511927e-02 3.745318352059925134e-03 2.213557288542291612e-01 1.185667752442996770e-02 2.651880424300867914e-02 6.488240064882400820e-03 3.469387755102040782e-02 3.729487817006464298e-03 4.874446085672082957e-02 7.639419404125286778e-03 3.472548099483810380e-02 7.791195948578106580e-03 1.074194354234324182e-02 1.408781404085466052e-03 1.276494780132869378e-01 5.715082241427377023e-03 0.000000000000000000e+00 0.000000000000000000e+00 1.536730100266011922e-01 4.491017964071856126e-03 1.564380264741275714e-02 4.016064257028112081e-03 1.564945226917057938e-03 0.000000000000000000e+00 4.488382161928128333e-02 2.500390686044694482e-03 3.079268292682926789e-02 1.471399668935074491e-02 9.016672337529771375e-03 4.798464491362763526e-03 2.039983680130559064e-03 0.000000000000000000e+00 1.307506053268765213e-02 1.824817518248175122e-03 0.000000000000000000e+00 0.000000000000000000e+00 3.594771241830065078e-02 0.000000000000000000e+00 3.512880562060889927e-04 0.000000000000000000e+00 1.920076803072122851e-03 1.224439818782906890e-04 6.641208699983396774e-04 0.000000000000000000e+00 5.010818813346999342e-03 2.289639381797366939e-04 8.165019338203695007e-03 2.335357309668379137e-04 1.247401247401247470e-03 0.000000000000000000e+00 1.021972406745017990e-03 0.000000000000000000e+00 6.664103549916698330e-03 8.431703204047217085e-04 1.224167434513623830e-02 4.387247733255338002e-04 8.935219657483246120e-04 0.000000000000000000e+00 4.375410194705753840e-04 0.000000000000000000e+00 2.937720329024676863e-03 0.000000000000000000e+00 1.889673601832410690e-02 4.761904761904761901e-04 3.794723527285869327e-03 2.921413964358749523e-04 4.141025641025641163e-02 9.587727708533077143e-04 1.069306930693069285e-01 2.181150269773849282e-03 1.338432122370936984e-02 0.000000000000000000e+00 7.019020366941591815e-02 3.449975357318876400e-03 1.769911504424778736e-03 0.000000000000000000e+00 3.019323671497584505e-03 0.000000000000000000e+00 0.000000000000000000e+00 0.000000000000000000e+00 8.647526807333102278e-03 2.061218179944347207e-04 7.168458781362007162e-03 0.000000000000000000e+00 9.792213995700979265e-03 6.859886811867604330e-04 1.020755358965634487e-03 1.452784503631961155e-03 7.371913011426465146e-04 2.262443438914027351e-03 2.808988764044943742e-02 3.831417624521072599e-03 4.987531172069825311e-03 0.000000000000000000e+00 9.606147934678193777e-04 0.000000000000000000e+00 1.818181818181818180e-03 0.000000000000000000e+00 9.906875371507826988e-04 1.994415636218587829e-04 0.000000000000000000e+00 0.000000000000000000e+00 0.000000000000000000e+00 0.000000000000000000e+00 6.250000000000000000e-02 0.000000000000000000e+00 1.098297638660076896e-03 0.000000000000000000e+00 0.000000000000000000e+00 1.801801801801801830e-03 0.000000000000000000e+00 0.000000000000000000e+00
3.912476452688016214e-03 7.172873496594696363e-02 4.781915664396464358e-03 0.000000000000000000e+00 2.632733655111891332e-03 2.205576362879733618e-02 8.398320335932813602e-03 1.771986970684039098e-01 5.303760848601736001e-03 3.081914030819140476e-02 3.741496598639455686e-03 3.455992043759324034e-02 7.090103397341211526e-03 2.692895339954163442e-02 3.754106053496011116e-03 2.687962602259446818e-02 7.494379215588309155e-04 2.911481568443296392e-02 4.428978171464726180e-03 1.240591023139113458e-01 0.000000000000000000e+00 0.000000000000000000e+00 1.227747084100675248e-02 1.398203592814371288e-01 2.406738868832731734e-03 4.658634538152610360e-02 0.000000000000000000e+00 8.741258741258741902e-03 1.731851638043007714e-03 3.453664635099234353e-02 1.524390243902438991e-02 2.795659370976641411e-02 4.763525008506294851e-03 1.727447216890595078e-02 0.000000000000000000e+00 1.439539347408829231e-03 1.210653753026634440e-03 4.447992700729926779e-02 0.000000000000000000e+00 4.429678848283499261e-03 0.000000000000000000e+00 1.408450704225352144e-02 0.000000000000000000e+00 6.274181742131130406e-04 0.000000000000000000e+00 3.673319456348720508e-03 1.660302174995849193e-04 3.614022406938923143e-04 1.138822457578863499e-04 5.266170578133944069e-03 8.594757198109152796e-05 5.137786081270434048e-03 0.000000000000000000e+00 4.164931278633902706e-04 0.000000000000000000e+00 8.077544426494346220e-04 5.126233499935921875e-04 8.311250301132257212e-03 0.000000000000000000e+00 1.828019888856390746e-02 1.489203276247207867e-04 2.972169683869224470e-03 0.000000000000000000e+00 7.301046483329276830e-04 0.000000000000000000e+00 4.050008804366966170e-03 2.863141820958198377e-04 1.869047619047619138e-02 1.807011203469461571e-04 1.898919076833187336e-02 1.153846153846153954e-03 2.561292973565264947e-02 3.217821782178217644e-03 6.440133164963839085e-02 0.000000000000000000e+00 8.375209380234505119e-03 2.693149301464400035e-03 7.327090520781993910e-02 0.000000000000000000e+00 0.000000000000000000e+00 0.000000000000000000e+00 1.452885014528850242e-03 0.000000000000000000e+00 1.360544217687074736e-03 2.306007148622160748e-04 2.782644542924868607e-03 0.000000000000000000e+00 0.000000000000000000e+00 2.388344877000238905e-04 2.400960384153661299e-03 3.402517863218781804e-04 3.389830508474576173e-03 3.685956505713232573e-04 1.131221719457013676e-03 2.247191011235954994e-02 3.065134099616858079e-02 0.000000000000000000e+00 0.000000000000000000e+00 0.000000000000000000e+00 3.424657534246575152e-03 0.000000000000000000e+00 0.000000000000000000e+00 0.000000000000000000e+00 7.977662544874351315e-04 0.000000000000000000e+00 1.463057790782735981e-03 0.000000000000000000e+00 8.643042350907519707e-04 0.000000000000000000e+00 0.000000000000000000e+00 5.491488193300384478e-04 0.000000000000000000e+00 1.984126984126984017e-03 0.000000000000000000e+00 1.015228426395939137e-03 0.000000000000000000e+00
0.000000000000000000e+00 0.000000000000000000e+00 5.353225098727511927e-02 2.632733655111891332e-03 0.000000000000000000e+00 4.161464835622139327e-03 1.649670065986802610e-03 5.211726384364820429e-04 3.784956605593056689e-01 1.378751013787510131e-02 6.802721088435373679e-04 0.000000000000000000e+00 5.908419497784342216e-04 3.819709702062643172e-04 1.567339277334584835e-01 5.453837164004674866e-03 4.996252810392206103e-04 0.000000000000000000e+00 1.107244542866181545e-03 0.000000000000000000e+00 9.216589861751152066e-04 0.000000000000000000e+00 7.980356046654389635e-03 8.982035928143712470e-04 1.155234657039711232e-01 1.767068273092369315e-02 2.018779342723004688e-01 8.741258741258741251e-04 8.659258190215037704e-03 3.125488357555868102e-04 9.451219512195121672e-03 5.149898841272760631e-03 1.701258931609390902e-04 3.598848368522073078e-04 4.079967360261117911e-04 0.000000000000000000e+00 2.421307506053268772e-04 0.000000000000000000e+00 0.000000000000000000e+00 0.000000000000000000e+00 0.000000000000000000e+00 0.000000000000000000e+00 1.170960187353629976e-04 0.000000000000000000e+00 0.000000000000000000e+00 0.000000000000000000e+00 4.980906524987547580e-04 0.000000000000000000e+00 1.138822457578863499e-04 0.000000000000000000e+00 1.718951439621830559e-04 0.000000000000000000e+00 0.000000000000000000e+00 0.000000000000000000e+00 2.554931016862544975e-04 0.000000000000000000e+00 1.281558374983980469e-04 0.000000000000000000e+00 0.000000000000000000e+00 0.000000000000000000e+00 0.000000000000000000e+00 0.000000000000000000e+00 0.000000000000000000e+00 0.000000000000000000e+00 2.937720329024676755e-04 0.000000000000000000e+00 1.908761213972131980e-04 0.000000000000000000e+00 0.000000000000000000e+00 0.000000000000000000e+00 2.000000000000000042e-02 1.369675386933296812e-04 2.413366336633663428e-02 0.000000000000000000e+00 2.868068833652007762e-03 0.000000000000000000e+00 8.416091567076249566e-04 0.000000000000000000e+00 0.000000000000000000e+00 0.000000000000000000e+00 4.025764895330112710e-04 0.000000000000000000e+00 0.000000000000000000e+00 0.000000000000000000e+00 2.190706791191052508e-03 0.000000000000000000e+00 7.168458781362007162e-03 0.000000000000000000e+00 3.582517315500358384e-03 0.000000000000000000e+00 0.000000000000000000e+00 0.000000000000000000e+00 0.000000000000000000e+00 0.000000000000000000e+00 0.000000000000000000e+00 0.000000000000000000e+00 0.000000000000000000e+00 0.000000000000000000e+00 0.000000000000000000e+00 0.000000000000000000e+00 0.000000000000000000e+00 0.000000000000000000e+00 0.000000000000000000e+00 0.000000000000000000e+00 0.000000000000000000e+00 0.000000000000000000e+00 0.000000000000000000e+00 0.000000000000000000e+00 0.000000000000000000e+00 0.000000000000000000e+00 0.000000000000000000e+00 0.000000000000000000e+00 0.000000000000000000e+00 0.000000000000000000e+00 0.000000000000000000e+00 0.000000000000000000e+00
0.000000000000000000e+00 0.000000000000000000e+00 3.745318352059925134e-03 2.205576362879733618e-02 4.161464835622139327e-03 0.000000000000000000e+00 2.999400119976004548e-04 9.120521172638436022e-04 1.446480231436837131e-03 2.108678021086780319e-01 0.000000000000000000e+00 0.000000000000000000e+00 0.000000000000000000e+00 3.819709702062643172e-04 4.692632566870013895e-04 1.340085703155434460e-01 0.000000000000000000e+00 0.000000000000000000e+00 1.581777918380259350e-04 9.757457485363814007e-04 3.686635944700460826e-03 5.009276437847866303e-02 5.729486392469817710e-03 3.562874251497005762e-02 1.444043321299639041e-02 1.325301204819277212e-01 1.564945226917057938e-03 2.325174825174825266e-01 1.443209698369172914e-04 1.125175808720112539e-02 1.006097560975609782e-02 2.225491999264300053e-02 0.000000000000000000e+00 2.519193857965451155e-03 0.000000000000000000e+00 4.798464491362763743e-04 0.000000000000000000e+00 0.000000000000000000e+00 0.000000000000000000e+00 0.000000000000000000e+00 0.000000000000000000e+00 0.000000000000000000e+00 0.000000000000000000e+00 2.091393914043710226e-04 0.000000000000000000e+00 1.224439818782906890e-04 0.000000000000000000e+00 2.409348271292615338e-04 0.000000000000000000e+00 0.000000000000000000e+00 0.000000000000000000e+00 7.784524365561263791e-05 0.000000000000000000e+00 0.000000000000000000e+00 0.000000000000000000e+00 4.038772213247173110e-04 0.000000000000000000e+00 0.000000000000000000e+00 0.000000000000000000e+00 1.462415911085112577e-04 0.000000000000000000e+00 0.000000000000000000e+00 0.000000000000000000e+00 0.000000000000000000e+00 0.000000000000000000e+00 0.000000000000000000e+00 0.000000000000000000e+00 4.761904761904761901e-04 0.000000000000000000e+00 0.000000000000000000e+00 2.564102564102564100e-04 4.588412546226544597e-02 0.000000000000000000e+00 5.039605097003788114e-02 0.000000000000000000e+00 1.005025125628140718e-02 0.000000000000000000e+00 4.928536224741252155e-04 0.000000000000000000e+00 0.000000000000000000e+00 0.000000000000000000e+00 6.226650062266500573e-04 0.000000000000000000e+00 1.360544217687074736e-03 0.000000000000000000e+00 8.244872719777388828e-04 0.000000000000000000e+00 1.118012422360248510e-02 0.000000000000000000e+00 1.200480192076830649e-03 0.000000000000000000e+00 0.000000000000000000e+00 0.000000000000000000e+00 0.000000000000000000e+00 0.000000000000000000e+00 0.000000000000000000e+00 0.000000000000000000e+00 0.000000000000000000e+00 0.000000000000000000e+00 0.000000000000000000e+00 0.000000000000000000e+00 0.000000000000000000e+00 0.000000000000000000e+00 0.000000000000000000e+00 0.000000000000000000e+00 0.000000000000000000e+00 0.000000000000000000e+00 0.000000000000000000e+00 0.000000000000000000e+00 0.000000000000000000e+00 0.000000000000000000e+00 0.000000000000000000e+00 0.000000000000000000e+00 0.000000000000000000e+00 0.000000000000000000e+00 0.000000000000000000e+00
1.519196160767846415e-01 7.048590281943611230e-03 2.213557288542291612e-01 8.398320335932813602e-03 1.649670065986802610e-03 2.999400119976004548e-04 0.000000000000000000e+00 2.671009771986970760e-02 1.706846673095467615e-01 8.110300081103001026e-04 1.414965986394557951e-01 7.707608155146693577e-03 2.091580502215657222e-01 9.549274255156607605e-03 2.815579540122008662e-03 1.168679392286716074e-03 4.746440169872595365e-03 3.756750410894576283e-03 8.383422967415374988e-03 5.993866741009199785e-03 0.000000000000000000e+00 0.000000000000000000e+00 9.208103130755065230e-03 1.377245508982035890e-02 0.000000000000000000e+00 1.606425702811245049e-03 0.000000000000000000e+00 0.000000000000000000e+00 1.486505989320248237e-02 4.219409282700421586e-03 1.219512195121951262e-02 1.618539635828581888e-02 1.531133038448451947e-03 8.877159309021113304e-03 0.000000000000000000e+00 9.596928982725527486e-04 1.452784503631961155e-03 1.368613138686131450e-03 0.000000000000000000e+00 0.000000000000000000e+00 0.000000000000000000e+00 0.000000000000000000e+00 0.000000000000000000e+00 0.000000000000000000e+00 3.600144005760230618e-04 2.448879637565813780e-04 0.000000000000000000e+00 0.000000000000000000e+00 9.110579660630907994e-04 0.000000000000000000e+00 9.282337773957885507e-03 1.556904873112252758e-04 2.079002079002079117e-03 0.000000000000000000e+00 5.109862033725089949e-04 0.000000000000000000e+00 3.972830962450340023e-03 3.613587087448807554e-04 3.685665394234566294e-03 0.000000000000000000e+00 8.190618019359642565e-03 2.701972439881113056e-04 1.750164077882301536e-03 0.000000000000000000e+00 2.937720329024676863e-02 5.282620179609086308e-04 2.099637335369345260e-03 2.380952380952380950e-04 1.084206722081676889e-03 0.000000000000000000e+00 5.423076923076922823e-02 1.506642925626626439e-03 2.759900990099009924e-02 4.706692687406727194e-03 1.912045889101338363e-03 1.675041876046901197e-03 2.642652752061942431e-02 7.064235255462461387e-03 1.769911504424778736e-03 0.000000000000000000e+00 6.239935587761674674e-03 0.000000000000000000e+00 0.000000000000000000e+00 0.000000000000000000e+00 3.043929436181252307e-02 3.091827269916520675e-04 2.389486260454002243e-03 0.000000000000000000e+00 2.459995223310245879e-02 1.714971702966901082e-04 3.402517863218781804e-04 0.000000000000000000e+00 0.000000000000000000e+00 0.000000000000000000e+00 1.685393258426966245e-02 3.831417624521072599e-03 1.246882793017456328e-03 0.000000000000000000e+00 9.606147934678193777e-04 0.000000000000000000e+00 0.000000000000000000e+00 0.000000000000000000e+00 3.962750148603130362e-04 5.983246908655763486e-04 0.000000000000000000e+00 0.000000000000000000e+00 0.000000000000000000e+00 0.000000000000000000e+00 0.000000000000000000e+00 0.000000000000000000e+00 0.000000000000000000e+00 0.000000000000000000e+00 3.968253968253968034e-03 0.000000000000000000e+00 0.000000000000000000e+00 0.000000000000000000e+00
7.557003257328990219e-03 1.102280130293159660e-01 1.185667752442996770e-02 1.771986970684039098e-01 5.211726384364820429e-04 9.120521172638436022e-04 2.671009771986970760e-02 0.000000000000000000e+00 6.750241080038572698e-03 5.515004055150040524e-02 1.428571428571428527e-02 1.079065141720536997e-01 1.447562776957164038e-02 2.070282658517952623e-01 4.692632566870013895e-04 1.090767432800934973e-02 1.998501124156882441e-03 1.925334585583470329e-02 1.281240113888010117e-02 7.666573738500139824e-03 0.000000000000000000e+00 0.000000000000000000e+00 3.192142418661755854e-02 1.377245508982035890e-02 1.203369434416365867e-03 2.409638554216867682e-03 0.000000000000000000e+00 0.000000000000000000e+00 2.453456487227594334e-03 3.750586029067042027e-02 2.926829268292683098e-02 1.857642082030531647e-02 4.763525008506294851e-03 7.197696737044146156e-03 8.159934720522235823e-04 4.798464491362763743e-04 2.421307506053268772e-04 9.580291970802920151e-03 0.000000000000000000e+00 5.537098560354374076e-04 6.535947712418300852e-03 0.000000000000000000e+00 0.000000000000000000e+00 2.091393914043710226e-04 0.000000000000000000e+00 1.591771764417778930e-03 0.000000000000000000e+00 1.204674135646307669e-04 0.000000000000000000e+00 3.319977103606182225e-03 0.000000000000000000e+00 9.652810213295967209e-03 0.000000000000000000e+00 1.249479383590170866e-03 0.000000000000000000e+00 8.077544426494346220e-04 0.000000000000000000e+00 1.059985545651650173e-02 1.316309069369487846e-04 8.774495466510675787e-03 0.000000000000000000e+00 9.186706295595785041e-03 0.000000000000000000e+00 4.867364322219517887e-04 0.000000000000000000e+00 9.156541644655749601e-03 1.908761213972131980e-04 4.404761904761904379e-03 3.614022406938923143e-04 1.168565585743499809e-03 1.666666666666666774e-03 7.889330228735789985e-02 8.044554455445544761e-03 5.785788084031683737e-02 9.560229445506691816e-04 3.350083752093802394e-03 9.426022555125399688e-03 4.238541153277476659e-02 0.000000000000000000e+00 0.000000000000000000e+00 0.000000000000000000e+00 8.717310087173101019e-03 0.000000000000000000e+00 0.000000000000000000e+00 1.153003574311080374e-04 2.226115634339894886e-02 0.000000000000000000e+00 0.000000000000000000e+00 0.000000000000000000e+00 2.555307837420682515e-02 3.402517863218781804e-04 0.000000000000000000e+00 0.000000000000000000e+00 0.000000000000000000e+00 0.000000000000000000e+00 3.831417624521072599e-03 1.246882793017456328e-03 0.000000000000000000e+00 0.000000000000000000e+00 8.561643835616437881e-04 0.000000000000000000e+00 0.000000000000000000e+00 3.962750148603130362e-04 7.977662544874351315e-04 0.000000000000000000e+00 7.315288953913679903e-04 0.000000000000000000e+00 0.000000000000000000e+00 0.000000000000000000e+00 0.000000000000000000e+00 0.000000000000000000e+00 0.000000000000000000e+00 0.000000000000000000e+00 0.000000000000000000e+00 0.000000000000000000e+00 0.000000000000000000e+00
4.339440694310510958e-03 0.000000000000000000e+00 2.651880424300867914e-02 5.303760848601736001e-03 3.784956605593056689e-01 1.446480231436837131e-03 1.706846673095467615e-01 6.750241080038572698e-03 0.000000000000000000e+00 4.055150040551500079e-03 4.761904761904762334e-03 0.000000000000000000e+00 4.519940915805022164e-02 1.145912910618793060e-03 1.464101360863444279e-01 4.674717569146864295e-03 0.000000000000000000e+00 0.000000000000000000e+00 1.581777918380259350e-04 1.393922497909116248e-04 0.000000000000000000e+00 0.000000000000000000e+00 8.184980560671168467e-04 1.197604790419161663e-03 1.444043321299639041e-02 3.212851405622490098e-03 2.503912363067292701e-02 8.741258741258741251e-04 9.380863039399625625e-03 1.093920925144553809e-03 2.439024390243902437e-03 5.149898841272760631e-03 0.000000000000000000e+00 0.000000000000000000e+00 0.000000000000000000e+00 0.000000000000000000e+00 2.421307506053268772e-04 0.000000000000000000e+00 0.000000000000000000e+00 0.000000000000000000e+00 0.000000000000000000e+00 0.000000000000000000e+00 2.341920374707259951e-04 0.000000000000000000e+00 0.000000000000000000e+00 0.000000000000000000e+00 3.320604349991698387e-04 0.000000000000000000e+00 1.138822457578863499e-04 0.000000000000000000e+00 1.718951439621830559e-04 0.000000000000000000e+00 0.000000000000000000e+00 0.000000000000000000e+00 0.000000000000000000e+00 0.000000000000000000e+00 3.844675124951941678e-04 0.000000000000000000e+00 0.000000000000000000e+00 0.000000000000000000e+00 5.956813104988831469e-04 0.000000000000000000e+00 8.750820389411507680e-04 0.000000000000000000e+00 3.525264394829612322e-03 0.000000000000000000e+00 0.000000000000000000e+00 0.000000000000000000e+00 0.000000000000000000e+00 0.000000000000000000e+00 4.487179487179486850e-03 0.000000000000000000e+00 8.539603960396040250e-03 0.000000000000000000e+00 3.824091778202676727e-03 0.000000000000000000e+00 5.049654940245749523e-04 1.642845408247083961e-04 0.000000000000000000e+00 0.000000000000000000e+00 1.006441223832528096e-03 0.000000000000000000e+00 1.455604075691412005e-03 0.000000000000000000e+00 2.190706791191052508e-03 0.000000000000000000e+00 1.194743130227001121e-03 0.000000000000000000e+00 1.194172438500119317e-03 0.000000000000000000e+00 0.000000000000000000e+00 0.000000000000000000e+00 0.000000000000000000e+00 0.000000000000000000e+00 0.000000000000000000e+00 0.000000000000000000e+00 0.000000000000000000e+00 0.000000000000000000e+00 0.000000000000000000e+00 0.000000000000000000e+00 0.000000000000000000e+00 0.000000000000000000e+00 0.000000000000000000e+00 0.000000000000000000e+00 0.000000000000000000e+00 0.000000000000000000e+00 0.000000000000000000e+00 0.000000000000000000e+00 0.000000000000000000e+00 0.000000000000000000e+00 0.000000000000000000e+00 0.000000000000000000e+00 0.000000000000000000e+00 0.000000000000000000e+00 0.000000000000000000e+00 0.000000000000000000e+00
0.000000000000000000e+00 2.433090024330900308e-03 6.488240064882400820e-03 3.081914030819140476e-02 1.378751013787510131e-02 2.108678021086780319e-01 8.110300081103001026e-04 5.515004055150040524e-02 4.055150040551500079e-03 0.000000000000000000e+00 0.000000000000000000e+00 2.734957732471407412e-03 2.954209748892171108e-04 6.302521008403361505e-03 9.385265133740027790e-04 1.819244253992987892e-01 0.000000000000000000e+00 2.347969006809110177e-04 0.000000000000000000e+00 1.393922497909116248e-04 0.000000000000000000e+00 0.000000000000000000e+00 3.683241252302025918e-03 1.497005988023952187e-03 1.083032490974729194e-02 8.032128514056225245e-04 0.000000000000000000e+00 5.244755244755244968e-03 0.000000000000000000e+00 5.782153461478356342e-03 5.182926829268292949e-03 1.103549751701305912e-03 0.000000000000000000e+00 0.000000000000000000e+00 0.000000000000000000e+00 0.000000000000000000e+00 0.000000000000000000e+00 2.281021897810218903e-04 0.000000000000000000e+00 0.000000000000000000e+00 0.000000000000000000e+00 0.000000000000000000e+00 0.000000000000000000e+00 1.045696957021855113e-04 0.000000000000000000e+00 1.224439818782906890e-04 0.000000000000000000e+00 1.204674135646307669e-04 0.000000000000000000e+00 1.144819690898683470e-04 0.000000000000000000e+00 7.784524365561263791e-05 0.000000000000000000e+00 1.388310426211300812e-04 0.000000000000000000e+00 0.000000000000000000e+00 0.000000000000000000e+00 1.204529029149602518e-04 0.000000000000000000e+00 0.000000000000000000e+00 0.000000000000000000e+00 0.000000000000000000e+00 0.000000000000000000e+00 0.000000000000000000e+00 0.000000000000000000e+00 1.760873393203028769e-04 0.000000000000000000e+00 0.000000000000000000e+00 0.000000000000000000e+00 0.000000000000000000e+00 0.000000000000000000e+00 8.628954937679770079e-03 2.475247524752475278e-04 1.308690161864309483e-02 0.000000000000000000e+00 5.025125628140703592e-03 0.000000000000000000e+00 4.928536224741252155e-04 0.000000000000000000e+00 0.000000000000000000e+00 0.000000000000000000e+00 6.226650062266500573e-04 0.000000000000000000e+00 0.000000000000000000e+00 0.000000000000000000e+00 5.153045449860868153e-04 0.000000000000000000e+00 1.242236024844720543e-03 0.000000000000000000e+00 2.057966043560281299e-03 0.000000000000000000e+00 0.000000000000000000e+00 0.000000000000000000e+00 0.000000000000000000e+00 0.000000000000000000e+00 0.000000000000000000e+00 0.000000000000000000e+00 0.000000000000000000e+00 0.000000000000000000e+00 0.000000000000000000e+00 0.000000000000000000e+00 0.000000000000000000e+00 0.000000000000000000e+00 0.000000000000000000e+00 0.000000000000000000e+00 0.000000000000000000e+00 0.000000000000000000e+00 0.000000000000000000e+00 0.000000000000000000e+00 0.000000000000000000e+00 0.000000000000000000e+00 0.000000000000000000e+00 0.000000000000000000e+00 0.000000000000000000e+00 0.000000000000000000e+00 0.000000000000000000e+00
2.176870748299319647e-01 3.061224489795918210e-03 3.469387755102040782e-02 3.741496598639455686e-03 6.802721088435373679e-04 0.000000000000000000e+00 1.414965986394557951e-01 1.428571428571428527e-02 4.761904761904762334e-03 0.000000000000000000e+00 0.000000000000000000e+00 3.978120338140228411e-03 1.172821270310192010e-01 1.909854851031321586e-04 3.754106053496011116e-03 0.000000000000000000e+00 4.696477641768673217e-02 7.043907020427330259e-04 1.724137931034482735e-02 3.066629495400055583e-03 0.000000000000000000e+00 0.000000000000000000e+00 7.775731532637610369e-03 2.395209580838323325e-03 0.000000000000000000e+00 0.000000000000000000e+00 0.000000000000000000e+00 0.000000000000000000e+00 4.488382161928128333e-02 3.125488357555868102e-04 3.353658536585365797e-03 9.196247930844215568e-04 2.551888397414086435e-03 3.478886756238003686e-03 0.000000000000000000e+00 0.000000000000000000e+00 2.421307506053268772e-04 0.000000000000000000e+00 7.496251874062968270e-04 0.000000000000000000e+00 6.535947712418300852e-03 0.000000000000000000e+00 0.000000000000000000e+00 0.000000000000000000e+00 2.400096003840153564e-04 0.000000000000000000e+00 0.000000000000000000e+00 0.000000000000000000e+00 0.000000000000000000e+00 0.000000000000000000e+00 9.454232917920069295e-04 0.000000000000000000e+00 0.000000000000000000e+00 0.000000000000000000e+00 0.000000000000000000e+00 0.000000000000000000e+00 8.201973599897475001e-03 1.204529029149602518e-04 1.447939976306436820e-03 0.000000000000000000e+00 6.701414743112434590e-03 0.000000000000000000e+00 6.563115292058630760e-04 0.000000000000000000e+00 3.819036427732079835e-03 0.000000000000000000e+00 6.680664248902461796e-04 0.000000000000000000e+00 5.421033610408384443e-04 2.921413964358749523e-04 3.666666666666666685e-02 4.109026160799890436e-04 5.693069306930692922e-03 1.147973826196762773e-04 0.000000000000000000e+00 0.000000000000000000e+00 2.188183807439824866e-03 6.571381632988335846e-04 1.769911504424778736e-03 0.000000000000000000e+00 8.051529790660225420e-04 0.000000000000000000e+00 0.000000000000000000e+00 0.000000000000000000e+00 1.383604289173296503e-03 1.030609089972173603e-04 0.000000000000000000e+00 0.000000000000000000e+00 9.553379508000955618e-04 0.000000000000000000e+00 0.000000000000000000e+00 0.000000000000000000e+00 0.000000000000000000e+00 5.656108597285068379e-04 0.000000000000000000e+00 0.000000000000000000e+00 0.000000000000000000e+00 0.000000000000000000e+00 0.000000000000000000e+00 0.000000000000000000e+00 0.000000000000000000e+00 0.000000000000000000e+00 0.000000000000000000e+00 0.000000000000000000e+00 0.000000000000000000e+00 0.000000000000000000e+00 0.000000000000000000e+00 0.000000000000000000e+00 0.000000000000000000e+00 0.000000000000000000e+00 0.000000000000000000e+00 0.000000000000000000e+00 0.000000000000000000e+00 0.000000000000000000e+00 0.000000000000000000e+00 0.000000000000000000e+00
1.740427647936350092e-03 7.334659373446046626e-02 3.729487817006464298e-03 3.455992043759324034e-02 0.000000000000000000e+00 0.000000000000000000e+00 7.707608155146693577e-03 1.079065141720536997e-01 0.000000000000000000e+00 2.734957732471407412e-03 3.978120338140228411e-03 0.000000000000000000e+00 1.477104874446085771e-03 3.114973262032085799e-01 0.000000000000000000e+00 1.441371250486949730e-02 0.000000000000000000e+00 3.169758159192298530e-02 3.005378044922492765e-03 1.101198773348201904e-02 0.000000000000000000e+00 0.000000000000000000e+00 3.273992224268467387e-03 6.287425149700598404e-03 0.000000000000000000e+00 0.000000000000000000e+00 0.000000000000000000e+00 0.000000000000000000e+00 1.443209698369172914e-04 5.094546022816064806e-02 1.219512195121951218e-03 3.126724296487033272e-03 3.402517863218781804e-04 4.558541266794625610e-03 0.000000000000000000e+00 0.000000000000000000e+00 2.421307506053268772e-04 9.124087591240875612e-04 0.000000000000000000e+00 0.000000000000000000e+00 3.267973856209150426e-03 0.000000000000000000e+00 0.000000000000000000e+00 0.000000000000000000e+00 0.000000000000000000e+00 2.448879637565813780e-04 0.000000000000000000e+00 0.000000000000000000e+00 0.000000000000000000e+00 1.144819690898683470e-04 0.000000000000000000e+00 7.006071929005138225e-04 0.000000000000000000e+00 1.388310426211300812e-04 0.000000000000000000e+00 2.019386106623586555e-04 1.281558374983980469e-04 1.927246446639364029e-03 0.000000000000000000e+00 7.312079555425563156e-04 0.000000000000000000e+00 6.754931099702782965e-03 0.000000000000000000e+00 8.031151131662205706e-03 0.000000000000000000e+00 5.282620179609086308e-03 0.000000000000000000e+00 3.571428571428571425e-04 0.000000000000000000e+00 5.842827928717499045e-04 3.846153846153846151e-04 4.944528146829201692e-02 1.732673267326732694e-03 3.558718861209964231e-03 0.000000000000000000e+00 0.000000000000000000e+00 2.693149301464400035e-03 8.214227041235419536e-04 0.000000000000000000e+00 0.000000000000000000e+00 0.000000000000000000e+00 5.188875051888750152e-03 0.000000000000000000e+00 0.000000000000000000e+00 0.000000000000000000e+00 8.966299082757910391e-03 0.000000000000000000e+00 0.000000000000000000e+00 0.000000000000000000e+00 1.114731606928485649e-02 0.000000000000000000e+00 0.000000000000000000e+00 0.000000000000000000e+00 0.000000000000000000e+00 5.617977528089887485e-03 0.000000000000000000e+00 0.000000000000000000e+00 0.000000000000000000e+00 0.000000000000000000e+00 0.000000000000000000e+00 0.000000000000000000e+00 0.000000000000000000e+00 0.000000000000000000e+00 0.000000000000000000e+00 0.000000000000000000e+00 0.000000000000000000e+00 0.000000000000000000e+00 0.000000000000000000e+00 0.000000000000000000e+00 0.000000000000000000e+00 0.000000000000000000e+00 0.000000000000000000e+00 0.000000000000000000e+00 0.000000000000000000e+00 0.000000000000000000e+00 0.000000000000000000e+00
8.124076809453471826e-02 1.772525849335302882e-03 4.874446085672082957e-02 7.090103397341211526e-03 5.908419497784342216e-04 0.000000000000000000e+00 2.091580502215657222e-01 1.447562776957164038e-02 4.519940915805022164e-02 2.954209748892171108e-04 1.172821270310192010e-01 1.477104874446085771e-03 0.000000000000000000e+00 2.673796791443850112e-03 7.602064758329422911e-02 1.947798987144526645e-03 3.497376967274544272e-03 2.347969006809110177e-04 2.530844669408414960e-03 4.181767493727349015e-04 0.000000000000000000e+00 0.000000000000000000e+00 2.025782688766114212e-02 6.886227544910179452e-03 0.000000000000000000e+00 8.032128514056225245e-04 0.000000000000000000e+00 0.000000000000000000e+00 6.047048636166835189e-02 4.688232536333802425e-04 1.829268292682926936e-03 7.724848261909141381e-03 1.701258931609390902e-04 1.199616122840690881e-03 4.079967360261117911e-04 0.000000000000000000e+00 7.263922518159805775e-04 0.000000000000000000e+00 0.000000000000000000e+00 0.000000000000000000e+00 0.000000000000000000e+00 0.000000000000000000e+00 0.000000000000000000e+00 0.000000000000000000e+00 0.000000000000000000e+00 0.000000000000000000e+00 0.000000000000000000e+00 0.000000000000000000e+00 0.000000000000000000e+00 0.000000000000000000e+00 5.156854318865491948e-04 0.000000000000000000e+00 0.000000000000000000e+00 0.000000000000000000e+00 0.000000000000000000e+00 0.000000000000000000e+00 2.947584262463154997e-03 1.204529029149602518e-04 1.579570883243385524e-03 1.462415911085112577e-04 6.254653760238272284e-03 0.000000000000000000e+00 2.625246116823452304e-03 0.000000000000000000e+00 1.145710928319623907e-02 1.760873393203028769e-04 9.543806069860659902e-05 0.000000000000000000e+00 1.445608962775569257e-03 2.921413964358749523e-04 4.064102564102563958e-02 4.109026160799890436e-04 1.386138613861386155e-02 1.377568591436115165e-03 0.000000000000000000e+00 0.000000000000000000e+00 8.752735229759299462e-03 1.642845408247083907e-03 1.769911504424778736e-03 0.000000000000000000e+00 6.038647342995169011e-03 0.000000000000000000e+00 0.000000000000000000e+00 0.000000000000000000e+00 8.301625735039779019e-03 0.000000000000000000e+00 1.194743130227001121e-03 0.000000000000000000e+00 3.582517315500358384e-03 0.000000000000000000e+00 3.402517863218781804e-04 4.842615012106537544e-04 0.000000000000000000e+00 0.000000000000000000e+00 5.617977528089887485e-03 0.000000000000000000e+00 0.000000000000000000e+00 0.000000000000000000e+00 0.000000000000000000e+00 0.000000000000000000e+00 0.000000000000000000e+00 0.000000000000000000e+00 1.981375074301565181e-04 0.000000000000000000e+00 0.000000000000000000e+00 0.000000000000000000e+00 0.000000000000000000e+00 0.000000000000000000e+00 6.250000000000000000e-02 0.000000000000000000e+00 0.000000000000000000e+00 0.000000000000000000e+00 0.000000000000000000e+00 0.000000000000000000e+00 0.000000000000000000e+00 0.000000000000000000e+00
