0.000000000000000000e+00 2.004618937644341709e-02 9.190323649618910296e-02 4.078410735429549051e-03 2.816901408450704376e-03 0.000000000000000000e+00 1.020830935665784367e-01 4.131093362709997198e-03 5.159071367153912624e-03 0.000000000000000000e+00 1.585460170146945069e-01 5.740528128587830221e-04 4.189466484268125623e-02 1.449905756125851903e-04 3.702846563295533570e-03 0.000000000000000000e+00 9.141871496334627589e-02 3.098640041315200554e-03 8.230205454763907247e-02 3.191384250568125858e-02 0.000000000000000000e+00 0.000000000000000000e+00 8.478887569950822704e-04 2.834467120181405971e-04 0.000000000000000000e+00 0.000000000000000000e+00 0.000000000000000000e+00 0.000000000000000000e+00 2.998629198080877273e-02 1.118747003356241080e-03 3.089280197713932703e-04 0.000000000000000000e+00 7.893374741200828021e-03 1.266524914486456474e-02 5.177323323841574385e-04 4.060089321965083191e-04 7.437210436478908226e-02 1.055408970976253261e-03 0.000000000000000000e+00 0.000000000000000000e+00 2.832861189801699851e-03 0.000000000000000000e+00 2.883090673201672296e-04 0.000000000000000000e+00 1.722949689869055856e-03 0.000000000000000000e+00 2.072968490878938691e-04 0.000000000000000000e+00 5.739063894911363740e-03 9.725734292939116309e-05 1.509291576266389920e-02 2.880184331797235021e-04 1.419446415897799912e-03 0.000000000000000000e+00 1.161132613566917895e-02 0.000000000000000000e+00 3.041047520965131645e-01 1.741624833521155519e-03 4.438807863031071776e-02 1.036116044997039635e-03 7.840062720501764226e-02 0.000000000000000000e+00 9.888751545117428071e-03 3.483106931382793617e-04 5.540494747543205784e-02 1.314924391847468728e-04 2.637248347076740287e-02 3.030915336431602215e-04 1.087398373983739785e-01 5.385155701240927281e-03 1.024667931688804517e-01 1.124227093872962350e-03 5.906522855675398059e-02 1.350894967916244603e-03 2.145922746781115872e-03 0.000000000000000000e+00 1.120857699805068164e-01 3.858139189790770352e-03 1.547987616099071300e-03 0.000000000000000000e+00 3.925559755742948596e-03 0.000000000000000000e+00 0.000000000000000000e+00 0.000000000000000000e+00 2.468289338361330174e-02 1.020720628763907339e-04 0.000000000000000000e+00 0.000000000000000000e+00 1.814194577352471957e-02 0.000000000000000000e+00 4.051477597712106749e-03 3.389830508474576173e-03 1.227370359005830035e-03 4.732607666824420120e-04 6.224066390041493868e-02 3.526970954356846433e-02 4.016064257028112081e-03 0.000000000000000000e+00 3.917727717923604434e-03 0.000000000000000000e+00 0.000000000000000000e+00 0.000000000000000000e+00 1.549426712116516811e-03 4.192286193404136494e-04 5.926901547579848696e-03 1.353179972936400643e-03 8.904719501335707716e-04 0.000000000000000000e+00 6.369426751592357008e-03 0.000000000000000000e+00 0.000000000000000000e+00 0.000000000000000000e+00 0.000000000000000000e+00 0.000000000000000000e+00 0.000000000000000000e+00 2.304147465437788016e-03
2.004618937644341709e-02 0.000000000000000000e+00 3.755661106815420206e-03 4.223128535718984056e-02 0.000000000000000000e+00 2.965599051008303887e-04 2.647024974105190599e-03 8.656935646745617108e-02 0.000000000000000000e+00 0.000000000000000000e+00 7.733952049497293518e-04 7.271335629544584123e-02 1.709986320109439101e-04 1.986370885892416865e-02 0.000000000000000000e+00 3.687315634218289034e-03 2.587322121604139925e-03 7.591668101222241727e-02 2.979694821578757549e-02 1.592727991305206980e-01 0.000000000000000000e+00 0.000000000000000000e+00 0.000000000000000000e+00 2.834467120181405971e-04 0.000000000000000000e+00 0.000000000000000000e+00 0.000000000000000000e+00 4.334633723450368359e-04 8.567511994516792363e-04 4.187310212561930894e-02 0.000000000000000000e+00 0.000000000000000000e+00 1.306935817805383003e-02 1.701026162521956236e-02 2.588661661920787192e-04 0.000000000000000000e+00 1.950743721043647974e-03 7.678100263852243035e-02 0.000000000000000000e+00 0.000000000000000000e+00 0.000000000000000000e+00 0.000000000000000000e+00 0.000000000000000000e+00 2.621690116228261587e-04 0.000000000000000000e+00 8.073196986006458921e-04 0.000000000000000000e+00 1.512401693889897278e-04 1.275347532202525294e-04 4.668352460610775828e-03 9.433072351664936999e-05 1.363287250384024631e-02 0.000000000000000000e+00 2.424242424242424186e-04 2.037074760643715649e-04 7.488584474885844576e-03 1.765484772693835455e-03 2.292797869070792027e-01 7.398013105051786439e-04 2.930728241563055128e-02 5.226708480334508978e-04 1.759082217973231485e-02 4.120313143798928724e-04 6.966213862765587017e-03 1.694340901389359655e-04 3.326758711374096233e-02 1.114330287497214151e-03 3.536067892503535863e-03 1.443089430894308953e-02 8.663076562865838770e-02 2.656546489563567284e-03 5.643620011242270890e-02 2.225646293442903618e-03 3.731847348868625597e-02 0.000000000000000000e+00 0.000000000000000000e+00 4.264132553606237580e-03 9.200178067962605510e-02 0.000000000000000000e+00 0.000000000000000000e+00 0.000000000000000000e+00 7.660787457687510786e-03 0.000000000000000000e+00 0.000000000000000000e+00 8.570449091532396737e-05 3.235684393181586377e-02 0.000000000000000000e+00 0.000000000000000000e+00 1.993620414673046265e-04 1.463318172829740881e-02 1.668255481410867548e-03 1.307506053268765213e-02 1.227370359005830035e-03 0.000000000000000000e+00 2.074688796680497840e-02 8.298755186721991361e-02 2.677376171352074865e-03 1.992031872509960125e-03 1.958863858961802217e-03 4.347826086956521792e-03 0.000000000000000000e+00 0.000000000000000000e+00 1.704369383328168536e-03 2.515371716042482005e-03 1.317089232795521812e-03 4.510599909788001564e-03 3.561887800534283086e-03 1.536098310291858678e-03 3.184713375796178331e-02 0.000000000000000000e+00 1.079913606911447150e-03 0.000000000000000000e+00 1.745200698080279266e-03 8.992805755395683921e-04 0.000000000000000000e+00 4.608294930875576033e-03
9.190323649618910296e-02 3.755661106815420206e-03 0.000000000000000000e+00 4.473095645309827992e-03 1.417840375586854329e-01 2.965599051008303670e-03 2.237311543330647856e-01 1.064904066831910343e-02 5.331040412725709249e-02 1.624695369618196512e-03 6.805877803557618122e-02 2.487562189054726321e-03 4.822161422708618611e-02 3.044802087864288860e-03 3.494561444110159953e-02 3.933136676499508592e-03 1.142733937041828449e-02 1.721466689619555960e-03 1.062117025111137814e-01 6.323485821559134308e-03 0.000000000000000000e+00 0.000000000000000000e+00 1.860267932847210481e-01 4.818594104308389879e-03 4.350692155570204389e-02 5.887300252312868340e-03 9.845749917952083263e-03 0.000000000000000000e+00 2.330363262508567540e-02 6.392840019178519994e-04 3.799814643188137442e-02 1.213418986438258469e-02 9.704968944099378117e-03 6.101506887307016520e-03 1.294330830960393379e-03 0.000000000000000000e+00 1.950743721043647974e-02 2.638522427440633152e-04 0.000000000000000000e+00 0.000000000000000000e+00 0.000000000000000000e+00 0.000000000000000000e+00 4.324636009802508172e-04 0.000000000000000000e+00 1.550654720882150249e-03 0.000000000000000000e+00 2.072968490878938691e-04 0.000000000000000000e+00 4.591251115929090298e-03 0.000000000000000000e+00 3.678898217149325321e-03 9.600614439324116735e-05 7.097232079488999560e-04 0.000000000000000000e+00 3.055612140965573501e-03 0.000000000000000000e+00 2.501103427982933562e-03 7.171396373322405779e-04 1.310505178609173461e-02 7.400828892835997546e-04 7.317391872468313220e-03 3.824091778202676835e-04 8.240626287597857449e-04 6.966213862765587234e-04 5.252456794307014225e-03 0.000000000000000000e+00 1.277765396330138997e-02 7.072135785007072377e-04 4.065040650406504062e-04 2.341372044017794494e-04 3.358633776091081435e-02 5.621135469364811751e-04 1.003252867659647357e-01 3.039513677811550140e-03 6.437768240343347617e-03 0.000000000000000000e+00 7.590155945419103933e-02 2.671019439085917969e-03 0.000000000000000000e+00 0.000000000000000000e+00 4.361733061936609612e-04 0.000000000000000000e+00 0.000000000000000000e+00 0.000000000000000000e+00 1.628385327391155190e-03 0.000000000000000000e+00 0.000000000000000000e+00 0.000000000000000000e+00 1.196172248803827705e-03 0.000000000000000000e+00 1.429933269780743520e-03 1.452784503631961155e-03 6.136851795029150177e-04 0.000000000000000000e+00 5.394190871369294871e-02 1.659751037344398342e-02 0.000000000000000000e+00 0.000000000000000000e+00 0.000000000000000000e+00 4.347826086956521792e-03 9.416195856873822581e-04 0.000000000000000000e+00 1.549426712116516811e-03 4.192286193404136494e-04 2.304906157392163334e-03 1.353179972936400643e-03 0.000000000000000000e+00 0.000000000000000000e+00 6.369426751592357008e-03 0.000000000000000000e+00 0.000000000000000000e+00 0.000000000000000000e+00 0.000000000000000000e+00 0.000000000000000000e+00 0.000000000000000000e+00 0.000000000000000000e+00
4.078410735429549051e-03 4.223128535718984056e-02 4.473095645309827992e-03 0.000000000000000000e+00 3.129890453834115877e-03 5.278766310794780203e-02 1.231442053170675628e-02 1.680895988249334339e-01 3.009458297506448742e-03 6.580016246953696024e-02 5.800464037122969596e-03 4.496747034060467191e-02 5.813953488372092943e-03 4.190227635203711692e-02 6.942837306179124902e-04 3.121927236971484831e-02 1.078050884001724788e-03 2.375624031674987077e-02 5.767151267571789253e-03 6.382768501136251715e-02 0.000000000000000000e+00 0.000000000000000000e+00 8.309309818551805296e-03 1.814058956916099752e-01 2.636783124588002424e-03 5.971404541631623181e-02 6.563833278634722320e-04 2.600780234070221124e-03 2.570253598355037600e-03 1.917852005753556063e-02 7.414272474513438488e-03 6.441827266238400740e-02 2.976190476190476025e-03 9.059813256910418180e-03 0.000000000000000000e+00 0.000000000000000000e+00 4.876859302609119935e-04 1.503957783641161026e-02 0.000000000000000000e+00 0.000000000000000000e+00 0.000000000000000000e+00 0.000000000000000000e+00 0.000000000000000000e+00 3.495586821637682658e-04 0.000000000000000000e+00 2.691065662002153046e-03 0.000000000000000000e+00 3.024803387779794557e-04 2.550695064405050587e-04 3.695779031316864631e-03 0.000000000000000000e+00 2.304147465437788016e-03 0.000000000000000000e+00 0.000000000000000000e+00 0.000000000000000000e+00 3.652968036529680466e-04 2.942474621156392425e-04 7.068947853703514035e-03 1.056859015007397966e-04 2.220248667850799329e-02 1.306677120083627245e-04 9.560229445506691816e-04 2.060156571899464362e-04 3.483106931382793617e-04 3.388681802778719309e-04 3.287310979618672090e-03 2.228660574994428465e-04 1.202263083451202315e-02 0.000000000000000000e+00 5.619292905642706351e-03 9.487666034155597906e-04 3.788645306351882958e-02 2.910460537579181821e-03 7.953394123606889743e-02 0.000000000000000000e+00 0.000000000000000000e+00 1.096491228070175378e-03 8.087253301676806949e-02 0.000000000000000000e+00 0.000000000000000000e+00 1.453911020645536447e-04 1.781578478531979366e-04 0.000000000000000000e+00 0.000000000000000000e+00 8.570449091532396737e-05 6.124323772583443494e-04 0.000000000000000000e+00 8.613264427217915591e-04 0.000000000000000000e+00 5.932370970931382563e-04 9.532888465204956800e-04 7.263922518159806642e-03 9.205277692543725266e-04 9.465215333648840240e-04 1.244813278008298670e-02 5.186721991701245121e-02 2.677376171352074865e-03 0.000000000000000000e+00 1.958863858961802217e-03 0.000000000000000000e+00 0.000000000000000000e+00 0.000000000000000000e+00 0.000000000000000000e+00 2.096143096702068193e-03 1.317089232795521812e-03 1.578709968425800678e-03 2.671415850400712423e-03 7.680491551459293388e-04 1.273885350318471402e-02 0.000000000000000000e+00 3.239740820734341234e-03 4.878048780487804874e-03 0.000000000000000000e+00 2.697841726618705176e-03 0.000000000000000000e+00 2.304147465437788016e-03
2.816901408450704376e-03 0.000000000000000000e+00 1.417840375586854329e-01 3.129890453834115877e-03 0.000000000000000000e+00 4.151838671411624791e-03 2.014040741166992637e-02 4.590103736344441150e-04 2.966466036113499793e-01 1.624695369618196512e-03 0.000000000000000000e+00 0.000000000000000000e+00 2.564979480164158651e-03 1.449905756125851903e-04 7.521407081694052310e-02 3.687315634218289034e-03 2.156101768003449847e-04 0.000000000000000000e+00 3.604469542232368283e-04 0.000000000000000000e+00 3.044140030441400135e-02 0.000000000000000000e+00 2.119721892487705719e-02 1.984126984126984017e-03 1.377719182597231251e-01 8.410428931875525704e-03 1.844437151296356991e-01 4.334633723450368359e-04 1.062371487320082179e-02 0.000000000000000000e+00 1.884460920605499079e-02 6.067094932191292346e-03 1.293995859213250502e-03 1.848941481002126309e-04 2.588661661920787192e-04 0.000000000000000000e+00 0.000000000000000000e+00 0.000000000000000000e+00 0.000000000000000000e+00 0.000000000000000000e+00 0.000000000000000000e+00 0.000000000000000000e+00 0.000000000000000000e+00 0.000000000000000000e+00 0.000000000000000000e+00 0.000000000000000000e+00 2.072968490878938691e-04 0.000000000000000000e+00 1.275347532202525294e-04 0.000000000000000000e+00 9.433072351664936999e-05 0.000000000000000000e+00 0.000000000000000000e+00 0.000000000000000000e+00 6.111224281931147218e-04 0.000000000000000000e+00 1.471237310578196213e-04 0.000000000000000000e+00 0.000000000000000000e+00 0.000000000000000000e+00 0.000000000000000000e+00 0.000000000000000000e+00 4.120313143798928724e-04 0.000000000000000000e+00 5.083022704168078422e-04 0.000000000000000000e+00 2.971547433325904619e-04 0.000000000000000000e+00 0.000000000000000000e+00 0.000000000000000000e+00 2.182163187855787334e-02 5.621135469364811751e-04 2.140044512925868767e-02 1.688618709895305754e-04 4.291845493562231745e-03 0.000000000000000000e+00 2.314814814814814686e-03 1.483899688381065478e-04 0.000000000000000000e+00 0.000000000000000000e+00 8.723466123873219224e-04 0.000000000000000000e+00 3.896103896103896101e-03 0.000000000000000000e+00 2.485430236544395027e-03 0.000000000000000000e+00 0.000000000000000000e+00 0.000000000000000000e+00 1.395534290271132358e-03 0.000000000000000000e+00 2.383222116301239200e-04 0.000000000000000000e+00 0.000000000000000000e+00 0.000000000000000000e+00 4.149377593360995854e-03 2.074688796680497927e-03 0.000000000000000000e+00 0.000000000000000000e+00 0.000000000000000000e+00 0.000000000000000000e+00 0.000000000000000000e+00 0.000000000000000000e+00 1.549426712116516974e-04 0.000000000000000000e+00 0.000000000000000000e+00 0.000000000000000000e+00 0.000000000000000000e+00 0.000000000000000000e+00 0.000000000000000000e+00 0.000000000000000000e+00 0.000000000000000000e+00 0.000000000000000000e+00 0.000000000000000000e+00 0.000000000000000000e+00 0.000000000000000000e+00 0.000000000000000000e+00
0.000000000000000000e+00 2.965599051008303887e-04 2.965599051008303670e-03 5.278766310794780203e-02 4.151838671411624791e-03 0.000000000000000000e+00 2.301760847047991778e-04 2.478656017625998405e-03 5.159071367153912624e-03 4.492282696994313596e-01 0.000000000000000000e+00 0.000000000000000000e+00 1.709986320109439101e-04 2.899811512251703805e-04 6.942837306179124902e-04 8.456243854473942390e-02 0.000000000000000000e+00 0.000000000000000000e+00 1.201489847410789382e-04 1.976089319237229471e-04 1.522070015220700068e-03 8.136792452830188260e-02 2.543666270985246811e-03 5.895691609977324332e-02 1.582069874752801628e-02 3.540790580319596037e-01 5.579258286839514080e-03 2.037277850021673165e-01 0.000000000000000000e+00 8.470513025411539887e-03 9.885696632684584650e-03 2.105638829407566193e-02 0.000000000000000000e+00 2.773412221503189327e-04 0.000000000000000000e+00 0.000000000000000000e+00 0.000000000000000000e+00 1.583113456464379891e-03 0.000000000000000000e+00 4.065040650406504495e-03 0.000000000000000000e+00 0.000000000000000000e+00 0.000000000000000000e+00 2.621690116228261587e-04 0.000000000000000000e+00 1.345532831001076306e-04 0.000000000000000000e+00 6.049606775559589113e-04 0.000000000000000000e+00 1.945146858587823262e-04 0.000000000000000000e+00 2.880184331797235021e-04 0.000000000000000000e+00 0.000000000000000000e+00 0.000000000000000000e+00 1.461187214611872186e-03 0.000000000000000000e+00 0.000000000000000000e+00 1.056859015007397966e-04 0.000000000000000000e+00 1.306677120083627245e-04 1.912045889101338418e-04 0.000000000000000000e+00 0.000000000000000000e+00 0.000000000000000000e+00 1.314924391847468728e-04 0.000000000000000000e+00 1.010305112143867405e-04 0.000000000000000000e+00 2.341372044017794494e-04 1.138519924098671662e-03 5.025295109612141348e-02 1.712035610340694966e-04 3.681188787571765958e-02 0.000000000000000000e+00 7.968127490039840499e-03 0.000000000000000000e+00 4.006529158628876520e-03 0.000000000000000000e+00 0.000000000000000000e+00 0.000000000000000000e+00 7.126313914127917464e-04 0.000000000000000000e+00 6.787330316742081621e-03 0.000000000000000000e+00 5.103603143819536968e-04 0.000000000000000000e+00 1.464254952627045726e-02 0.000000000000000000e+00 1.581965592248368684e-03 0.000000000000000000e+00 4.842615012106537544e-04 0.000000000000000000e+00 0.000000000000000000e+00 0.000000000000000000e+00 2.074688796680497927e-03 0.000000000000000000e+00 0.000000000000000000e+00 0.000000000000000000e+00 0.000000000000000000e+00 0.000000000000000000e+00 0.000000000000000000e+00 1.549426712116516974e-04 0.000000000000000000e+00 6.585446163977609060e-04 0.000000000000000000e+00 0.000000000000000000e+00 0.000000000000000000e+00 0.000000000000000000e+00 0.000000000000000000e+00 0.000000000000000000e+00 0.000000000000000000e+00 0.000000000000000000e+00 0.000000000000000000e+00 0.000000000000000000e+00 0.000000000000000000e+00
1.020830935665784367e-01 2.647024974105190599e-03 2.237311543330647856e-01 1.231442053170675628e-02 2.014040741166992637e-02 2.301760847047991778e-04 0.000000000000000000e+00 2.992747636096575875e-02 7.523645743766121941e-02 3.249390739236393023e-03 1.140757927300850710e-01 1.128970531955606621e-02 1.882694938440492571e-01 1.000434971726837756e-02 7.637121036797037826e-03 1.229105211406096273e-03 1.056489866321690466e-02 2.582200034429333723e-03 1.874324161960831334e-02 1.689556367947831275e-02 0.000000000000000000e+00 0.000000000000000000e+00 4.510768187213837210e-02 1.729024943310657550e-02 5.273566249176004847e-03 0.000000000000000000e+00 2.625533311453888928e-03 0.000000000000000000e+00 1.250856751199451618e-02 2.557136007671407998e-03 1.112140871177015773e-02 1.748750892219843103e-02 3.493788819875776486e-03 1.275769621891467177e-02 1.035464664768314877e-03 4.060089321965083191e-04 4.389173372348207508e-03 5.277044854881266303e-04 0.000000000000000000e+00 0.000000000000000000e+00 2.832861189801699851e-03 0.000000000000000000e+00 1.441545336600836148e-04 0.000000000000000000e+00 1.722949689869055856e-03 0.000000000000000000e+00 2.072968490878938691e-04 1.512401693889897278e-04 1.402882285422777688e-03 0.000000000000000000e+00 1.282897839826431519e-02 9.600614439324116735e-05 2.129169623846699760e-03 0.000000000000000000e+00 1.140761865960480785e-02 0.000000000000000000e+00 9.563042518758274949e-03 1.024485196188915131e-04 1.310505178609173461e-02 0.000000000000000000e+00 2.757088723376453776e-02 0.000000000000000000e+00 4.944375772558714036e-03 1.741553465691396808e-04 4.659437478820738915e-02 1.314924391847468728e-04 3.417279548324790150e-03 2.020610224287734810e-04 0.000000000000000000e+00 0.000000000000000000e+00 5.180265654648956442e-02 6.745362563237774101e-04 3.886320835473378033e-02 5.234718000675447729e-03 4.291845493562231745e-03 0.000000000000000000e+00 2.241715399610136328e-02 4.748479002819409531e-03 0.000000000000000000e+00 0.000000000000000000e+00 6.542599592904914038e-03 1.781578478531979366e-04 0.000000000000000000e+00 0.000000000000000000e+00 3.419609187521426008e-02 0.000000000000000000e+00 1.121076233183856486e-03 0.000000000000000000e+00 3.030303030303030387e-02 0.000000000000000000e+00 2.383222116301239200e-04 4.842615012106537544e-04 0.000000000000000000e+00 0.000000000000000000e+00 8.298755186721991708e-03 6.224066390041493348e-03 0.000000000000000000e+00 0.000000000000000000e+00 0.000000000000000000e+00 0.000000000000000000e+00 0.000000000000000000e+00 0.000000000000000000e+00 0.000000000000000000e+00 1.397428731134712165e-04 3.292723081988804530e-04 2.255299954894000891e-04 0.000000000000000000e+00 0.000000000000000000e+00 0.000000000000000000e+00 0.000000000000000000e+00 0.000000000000000000e+00 0.000000000000000000e+00 0.000000000000000000e+00 0.000000000000000000e+00 0.000000000000000000e+00 0.000000000000000000e+00
4.131093362709997198e-03 8.656935646745617108e-02 1.064904066831910343e-02 1.680895988249334339e-01 4.590103736344441150e-04 2.478656017625998405e-03 2.992747636096575875e-02 0.000000000000000000e+00 5.588993981083405053e-03 3.736799350121852020e-02 2.320185614849187838e-02 1.777650210486031446e-01 2.205882352941176613e-02 2.412643178193417393e-01 3.702846563295533570e-03 1.229105211406096403e-02 2.156101768003449576e-03 1.463246686176622458e-02 2.078577436020665609e-02 1.995850212429601742e-02 0.000000000000000000e+00 0.000000000000000000e+00 3.069357300322197654e-02 4.960317460317460042e-02 3.295978905735003246e-03 0.000000000000000000e+00 1.640958319658680688e-03 0.000000000000000000e+00 5.825908156271418850e-03 1.198657503595972583e-02 1.915353722582638363e-02 3.087080656673804255e-02 1.125776397515527993e-02 8.135342516409354782e-03 0.000000000000000000e+00 1.218026796589524903e-03 1.706900755913191977e-03 4.485488126649076791e-03 0.000000000000000000e+00 0.000000000000000000e+00 2.832861189801699851e-03 0.000000000000000000e+00 1.441545336600836148e-04 2.621690116228261587e-04 0.000000000000000000e+00 3.363832077502691090e-03 0.000000000000000000e+00 1.512401693889897278e-04 0.000000000000000000e+00 6.224469947481034438e-03 2.829921705499481100e-04 1.680107526881720326e-02 0.000000000000000000e+00 2.181818181818181903e-03 0.000000000000000000e+00 1.168949771689497749e-02 2.942474621156392425e-04 1.096199159922139205e-02 4.227436060029591863e-04 1.583777383066903646e-02 5.226708480334508978e-04 1.051625239005736165e-02 0.000000000000000000e+00 2.612330198537095131e-03 1.694340901389359655e-04 3.208415516107823717e-02 1.485773716662952201e-03 7.577288341079005916e-03 2.032520325203252031e-04 1.404823226410676588e-03 5.692599620493358310e-04 1.301854974704890477e-01 9.073788734805684347e-03 4.103343465045592581e-02 0.000000000000000000e+00 1.328021248339973344e-03 6.944444444444444059e-03 3.264579314438344204e-02 1.547987616099071300e-03 0.000000000000000000e+00 1.453911020645536447e-04 1.051131302333867777e-02 0.000000000000000000e+00 0.000000000000000000e+00 1.714089818306479347e-04 3.746044707563540160e-02 0.000000000000000000e+00 8.613264427217915591e-04 3.987240829346092529e-04 2.432272098081866840e-02 7.149666348903717600e-04 2.905569007263922310e-03 0.000000000000000000e+00 0.000000000000000000e+00 0.000000000000000000e+00 1.659751037344398342e-02 0.000000000000000000e+00 0.000000000000000000e+00 9.794319294809011086e-04 0.000000000000000000e+00 0.000000000000000000e+00 0.000000000000000000e+00 0.000000000000000000e+00 2.794857462269424329e-04 9.878169245966415216e-04 1.353179972936400643e-03 0.000000000000000000e+00 0.000000000000000000e+00 1.910828025477706929e-02 0.000000000000000000e+00 0.000000000000000000e+00 0.000000000000000000e+00 1.745200698080279266e-03 0.000000000000000000e+00 0.000000000000000000e+00 0.000000000000000000e+00
5.159071367153912624e-03 0.000000000000000000e+00 5.331040412725709249e-02 3.009458297506448742e-03 2.966466036113499793e-01 5.159071367153912624e-03 7.523645743766121941e-02 5.588993981083405053e-03 0.000000000000000000e+00 3.249390739236393023e-03 0.000000000000000000e+00 1.913509376195943407e-04 3.522571819425444895e-02 8.699434536755110874e-04 1.508909974542929910e-01 7.374631268436578069e-04 6.468305304010349812e-04 0.000000000000000000e+00 2.402979694821578765e-04 0.000000000000000000e+00 1.014713343480466712e-03 0.000000000000000000e+00 3.730710530778361730e-03 5.668934240362811941e-04 1.318391562294001212e-03 4.205214465937762852e-03 4.266491631112570050e-03 0.000000000000000000e+00 5.311857436600410896e-03 0.000000000000000000e+00 5.869632375656471703e-03 3.925767309064953463e-03 2.587991718426501222e-04 9.244707405010631543e-05 2.588661661920787192e-04 0.000000000000000000e+00 7.315288953913679903e-04 0.000000000000000000e+00 8.375209380234505986e-04 0.000000000000000000e+00 0.000000000000000000e+00 0.000000000000000000e+00 0.000000000000000000e+00 0.000000000000000000e+00 0.000000000000000000e+00 0.000000000000000000e+00 2.072968490878938691e-04 0.000000000000000000e+00 1.275347532202525294e-04 0.000000000000000000e+00 9.433072351664936999e-05 0.000000000000000000e+00 3.548616039744499780e-04 0.000000000000000000e+00 2.037074760643715649e-04 0.000000000000000000e+00 1.471237310578196213e-04 0.000000000000000000e+00 0.000000000000000000e+00 0.000000000000000000e+00 1.306677120083627245e-04 0.000000000000000000e+00 2.060156571899464362e-04 0.000000000000000000e+00 3.388681802778719309e-04 0.000000000000000000e+00 1.485773716662952310e-04 0.000000000000000000e+00 0.000000000000000000e+00 0.000000000000000000e+00 1.005692599620493406e-02 6.745362563237774101e-04 2.328368430063345457e-02 1.013171225937183452e-03 4.291845493562231745e-03 0.000000000000000000e+00 4.995126705653021165e-03 5.935598753524261913e-04 0.000000000000000000e+00 0.000000000000000000e+00 1.163128816516429158e-03 0.000000000000000000e+00 0.000000000000000000e+00 0.000000000000000000e+00 9.427494000685635598e-04 0.000000000000000000e+00 2.242152466367712971e-03 0.000000000000000000e+00 3.987240829346092529e-04 0.000000000000000000e+00 0.000000000000000000e+00 0.000000000000000000e+00 0.000000000000000000e+00 0.000000000000000000e+00 1.244813278008298670e-02 2.074688796680497927e-03 0.000000000000000000e+00 0.000000000000000000e+00 0.000000000000000000e+00 0.000000000000000000e+00 0.000000000000000000e+00 0.000000000000000000e+00 1.549426712116516974e-04 0.000000000000000000e+00 3.292723081988804530e-04 2.255299954894000891e-04 0.000000000000000000e+00 0.000000000000000000e+00 0.000000000000000000e+00 0.000000000000000000e+00 0.000000000000000000e+00 0.000000000000000000e+00 0.000000000000000000e+00 0.000000000000000000e+00 0.000000000000000000e+00 0.000000000000000000e+00
0.000000000000000000e+00 0.000000000000000000e+00 1.624695369618196512e-03 6.580016246953696024e-02 1.624695369618196512e-03 4.492282696994313596e-01 3.249390739236393023e-03 3.736799350121852020e-02 3.249390739236393023e-03 0.000000000000000000e+00 0.000000000000000000e+00 7.654037504783773628e-04 0.000000000000000000e+00 1.594896331738437012e-03 0.000000000000000000e+00 7.964601769911504314e-02 0.000000000000000000e+00 0.000000000000000000e+00 0.000000000000000000e+00 3.952178638474458943e-04 5.073566717402333559e-04 0.000000000000000000e+00 1.187044259793115135e-03 5.385487528344671398e-03 6.591957811470006059e-04 5.046257359125315596e-03 1.312766655726944464e-03 1.300390117035110562e-03 0.000000000000000000e+00 9.589260028767780534e-04 3.089280197713932703e-04 2.676659528907922737e-03 0.000000000000000000e+00 2.773412221503189327e-04 0.000000000000000000e+00 0.000000000000000000e+00 0.000000000000000000e+00 0.000000000000000000e+00 0.000000000000000000e+00 6.775067750677506769e-04 0.000000000000000000e+00 0.000000000000000000e+00 0.000000000000000000e+00 0.000000000000000000e+00 0.000000000000000000e+00 1.345532831001076306e-04 0.000000000000000000e+00 3.024803387779794557e-04 0.000000000000000000e+00 0.000000000000000000e+00 0.000000000000000000e+00 1.920122887864823347e-04 0.000000000000000000e+00 0.000000000000000000e+00 0.000000000000000000e+00 1.826484018264840233e-04 0.000000000000000000e+00 0.000000000000000000e+00 0.000000000000000000e+00 0.000000000000000000e+00 0.000000000000000000e+00 0.000000000000000000e+00 0.000000000000000000e+00 0.000000000000000000e+00 0.000000000000000000e+00 0.000000000000000000e+00 0.000000000000000000e+00 0.000000000000000000e+00 0.000000000000000000e+00 0.000000000000000000e+00 0.000000000000000000e+00 5.396290050590219281e-03 0.000000000000000000e+00 1.080715974332995682e-02 0.000000000000000000e+00 0.000000000000000000e+00 0.000000000000000000e+00 1.038729781866745781e-03 0.000000000000000000e+00 0.000000000000000000e+00 0.000000000000000000e+00 1.781578478531979366e-04 0.000000000000000000e+00 0.000000000000000000e+00 0.000000000000000000e+00 3.062161886291721747e-04 0.000000000000000000e+00 0.000000000000000000e+00 0.000000000000000000e+00 0.000000000000000000e+00 0.000000000000000000e+00 0.000000000000000000e+00 0.000000000000000000e+00 0.000000000000000000e+00 0.000000000000000000e+00 0.000000000000000000e+00 0.000000000000000000e+00 0.000000000000000000e+00 0.000000000000000000e+00 0.000000000000000000e+00 0.000000000000000000e+00 0.000000000000000000e+00 0.000000000000000000e+00 0.000000000000000000e+00 0.000000000000000000e+00 0.000000000000000000e+00 0.000000000000000000e+00 0.000000000000000000e+00 0.000000000000000000e+00 0.000000000000000000e+00 0.000000000000000000e+00 0.000000000000000000e+00 0.000000000000000000e+00 0.000000000000000000e+00 0.000000000000000000e+00 0.000000000000000000e+00
1.585460170146945069e-01 7.733952049497293518e-04 6.805877803557618122e-02 5.800464037122969596e-03 0.000000000000000000e+00 0.000000000000000000e+00 1.140757927300850710e-01 2.320185614849187838e-02 0.000000000000000000e+00 0.000000000000000000e+00 0.000000000000000000e+00 2.104860313815537856e-03 6.583447332421341058e-02 8.699434536755110874e-04 4.628558204119416963e-04 0.000000000000000000e+00 2.953859422164726092e-02 1.721466689619555743e-04 1.766190075693860329e-02 1.580871455389783577e-03 0.000000000000000000e+00 0.000000000000000000e+00 1.407495336611836595e-02 1.984126984126984017e-03 0.000000000000000000e+00 0.000000000000000000e+00 0.000000000000000000e+00 0.000000000000000000e+00 4.883481836874571658e-02 4.794630014383890267e-04 2.471424158171146163e-03 1.784439685938615230e-03 1.682194616977225740e-03 3.235647591753721027e-03 0.000000000000000000e+00 0.000000000000000000e+00 1.219214825652279984e-03 0.000000000000000000e+00 0.000000000000000000e+00 0.000000000000000000e+00 2.832861189801699851e-03 0.000000000000000000e+00 1.441545336600836148e-04 0.000000000000000000e+00 0.000000000000000000e+00 0.000000000000000000e+00 0.000000000000000000e+00 0.000000000000000000e+00 0.000000000000000000e+00 0.000000000000000000e+00 4.716536175832468500e-04 0.000000000000000000e+00 0.000000000000000000e+00 0.000000000000000000e+00 6.111224281931147218e-04 0.000000000000000000e+00 1.618361041636015834e-03 0.000000000000000000e+00 8.454872120059183727e-04 0.000000000000000000e+00 1.280543577681954835e-02 0.000000000000000000e+00 9.682735887927482882e-03 0.000000000000000000e+00 1.101321585903083759e-02 0.000000000000000000e+00 3.714434291657380503e-04 0.000000000000000000e+00 2.032520325203252031e-04 0.000000000000000000e+00 1.726755218216318929e-02 0.000000000000000000e+00 2.739256976545111945e-03 1.182033096926713919e-03 0.000000000000000000e+00 0.000000000000000000e+00 8.528265107212475160e-04 2.967799376762130957e-04 0.000000000000000000e+00 0.000000000000000000e+00 5.524861878453038444e-03 0.000000000000000000e+00 0.000000000000000000e+00 0.000000000000000000e+00 4.199520054850873832e-03 0.000000000000000000e+00 0.000000000000000000e+00 0.000000000000000000e+00 3.588516746411483330e-03 0.000000000000000000e+00 0.000000000000000000e+00 4.842615012106537544e-04 0.000000000000000000e+00 0.000000000000000000e+00 0.000000000000000000e+00 0.000000000000000000e+00 0.000000000000000000e+00 0.000000000000000000e+00 0.000000000000000000e+00 0.000000000000000000e+00 0.000000000000000000e+00 0.000000000000000000e+00 0.000000000000000000e+00 0.000000000000000000e+00 0.000000000000000000e+00 0.000000000000000000e+00 0.000000000000000000e+00 0.000000000000000000e+00 0.000000000000000000e+00 0.000000000000000000e+00 0.000000000000000000e+00 0.000000000000000000e+00 0.000000000000000000e+00 0.000000000000000000e+00 0.000000000000000000e+00 0.000000000000000000e+00
5.740528128587830221e-04 7.271335629544584123e-02 2.487562189054726321e-03 4.496747034060467191e-02 0.000000000000000000e+00 0.000000000000000000e+00 1.128970531955606621e-02 1.777650210486031446e-01 1.913509376195943407e-04 7.654037504783773628e-04 2.104860313815537856e-03 0.000000000000000000e+00 1.196990424076607371e-03 1.578947368421052544e-01 2.314279102059708482e-04 1.425762045231071702e-02 4.312203536006899694e-04 7.178516095713548262e-02 3.844767511714526024e-03 1.491947436024108203e-02 0.000000000000000000e+00 0.000000000000000000e+00 3.561132779379345623e-03 9.637188208616779758e-03 0.000000000000000000e+00 0.000000000000000000e+00 0.000000000000000000e+00 0.000000000000000000e+00 5.140507196710075201e-04 6.952213520856639906e-02 9.267840593141798110e-04 1.427551748750892227e-03 7.763975155279502580e-04 8.042895442359249483e-03 0.000000000000000000e+00 0.000000000000000000e+00 4.876859302609119935e-04 2.374670184696569836e-03 0.000000000000000000e+00 0.000000000000000000e+00 2.832861189801699851e-03 0.000000000000000000e+00 0.000000000000000000e+00 0.000000000000000000e+00 0.000000000000000000e+00 0.000000000000000000e+00 0.000000000000000000e+00 0.000000000000000000e+00 0.000000000000000000e+00 6.808014005057381416e-04 0.000000000000000000e+00 1.632104454685099791e-03 0.000000000000000000e+00 0.000000000000000000e+00 0.000000000000000000e+00 1.826484018264840125e-03 1.471237310578196213e-04 1.003995492265136701e-02 2.113718030014795932e-04 2.368265245707519041e-03 0.000000000000000000e+00 5.162523900573613538e-03 2.060156571899464362e-04 1.306165099268547479e-02 0.000000000000000000e+00 5.391190006574621621e-03 2.228660574994428465e-04 5.051525560719337567e-04 6.097560975609756092e-04 5.385155701240927281e-03 0.000000000000000000e+00 3.496346261944913159e-02 1.369628488272555972e-03 1.198919284025667074e-02 0.000000000000000000e+00 0.000000000000000000e+00 1.218323586744639309e-03 1.127763763169609655e-02 0.000000000000000000e+00 9.560229445506692250e-03 0.000000000000000000e+00 2.618920363442009749e-02 0.000000000000000000e+00 1.131221719457013676e-03 0.000000000000000000e+00 1.837297131775033135e-02 0.000000000000000000e+00 0.000000000000000000e+00 0.000000000000000000e+00 1.463318172829740881e-02 0.000000000000000000e+00 0.000000000000000000e+00 0.000000000000000000e+00 0.000000000000000000e+00 8.298755186721991708e-03 4.149377593360995854e-03 0.000000000000000000e+00 0.000000000000000000e+00 1.958863858961802217e-03 0.000000000000000000e+00 0.000000000000000000e+00 0.000000000000000000e+00 0.000000000000000000e+00 2.794857462269424329e-04 0.000000000000000000e+00 1.127649977447000391e-03 0.000000000000000000e+00 0.000000000000000000e+00 0.000000000000000000e+00 0.000000000000000000e+00 0.000000000000000000e+00 0.000000000000000000e+00 0.000000000000000000e+00 0.000000000000000000e+00 0.000000000000000000e+00 0.000000000000000000e+00
4.189466484268125623e-02 1.709986320109439101e-04 4.822161422708618611e-02 5.813953488372092943e-03 2.564979480164158651e-03 1.709986320109439101e-04 1.882694938440492571e-01 2.205882352941176613e-02 3.522571819425444895e-02 0.000000000000000000e+00 6.583447332421341058e-02 1.196990424076607371e-03 0.000000000000000000e+00 6.814557053791503970e-03 2.281879194630872520e-01 1.474926253687315614e-03 7.330746011211729425e-03 0.000000000000000000e+00 6.488045176018262909e-03 8.892401936567533027e-04 0.000000000000000000e+00 0.000000000000000000e+00 3.917246057317280011e-02 1.162131519274376378e-02 6.591957811470006059e-04 0.000000000000000000e+00 0.000000000000000000e+00 0.000000000000000000e+00 8.704592186429060963e-02 4.794630014383890267e-04 2.038924930491195497e-02 9.992862241256245809e-03 6.469979296066252945e-03 2.033835629102338696e-03 1.294330830960393379e-03 0.000000000000000000e+00 3.413801511826383955e-03 0.000000000000000000e+00 0.000000000000000000e+00 0.000000000000000000e+00 0.000000000000000000e+00 0.000000000000000000e+00 5.766181346403344591e-04 0.000000000000000000e+00 1.722949689869055802e-04 0.000000000000000000e+00 6.218905472636815802e-04 0.000000000000000000e+00 2.550695064405050587e-04 0.000000000000000000e+00 8.489765116498443299e-04 0.000000000000000000e+00 3.548616039744499780e-04 0.000000000000000000e+00 1.629659808514972519e-03 0.000000000000000000e+00 2.501103427982933562e-03 0.000000000000000000e+00 1.268230818008877613e-03 0.000000000000000000e+00 1.698680256108715467e-02 0.000000000000000000e+00 1.277297074577667980e-02 0.000000000000000000e+00 2.338190443917316161e-02 0.000000000000000000e+00 1.782928459995542772e-03 2.020610224287734810e-04 6.097560975609756092e-04 0.000000000000000000e+00 2.903225806451613031e-02 4.496908375491849401e-04 2.790618044855332908e-02 3.377237419790611074e-03 2.145922746781115872e-03 0.000000000000000000e+00 2.071150097465886825e-02 2.225849532571598163e-03 4.643962848297213467e-03 0.000000000000000000e+00 1.482989241058447170e-02 0.000000000000000000e+00 0.000000000000000000e+00 0.000000000000000000e+00 1.474117243743572163e-02 0.000000000000000000e+00 1.121076233183856486e-03 0.000000000000000000e+00 1.375598086124401979e-02 0.000000000000000000e+00 7.149666348903717600e-04 0.000000000000000000e+00 0.000000000000000000e+00 0.000000000000000000e+00 1.659751037344398342e-02 8.298755186721991708e-03 1.338688085676037432e-03 0.000000000000000000e+00 9.794319294809011086e-04 0.000000000000000000e+00 9.416195856873822581e-04 0.000000000000000000e+00 3.098853424233033948e-04 0.000000000000000000e+00 6.585446163977609060e-04 4.510599909788001781e-04 0.000000000000000000e+00 0.000000000000000000e+00 0.000000000000000000e+00 0.000000000000000000e+00 0.000000000000000000e+00 0.000000000000000000e+00 0.000000000000000000e+00 0.000000000000000000e+00 0.000000000000000000e+00 0.000000000000000000e+00
