3.249165152664083567e-01 5.079429383087558092e-01 3.928796183930148844e-01 5.206741603522304640e-01 3.732669318593702656e-01 0.000000000000000000e+00 3.725578363526139691e-01 4.984157375863230710e-01 3.971105666491043795e-01 0.000000000000000000e+00 3.368986740769074339e-01 4.946682719471627854e-01 3.685293949606929242e-01 4.588465624923276920e-01 3.971029217651245724e-01 4.639757209302325380e-01 3.749225313734031451e-01 4.962477066900930489e-01 3.934086181403401716e-01 5.302587919664466520e-01 0.000000000000000000e+00 0.000000000000000000e+00 4.326639725589108143e-01 0.000000000000000000e+00 0.000000000000000000e+00 0.000000000000000000e+00 0.000000000000000000e+00 0.000000000000000000e+00 4.052812914164058977e-01 5.165124636822416848e-01 4.369917040071525371e-01 4.694039578410423852e-01 4.084790560922968439e-01 5.233230560958392896e-01 0.000000000000000000e+00 0.000000000000000000e+00 4.741633054168421513e-01 5.722059174311926455e-01 5.366104388661036007e-01 0.000000000000000000e+00 0.000000000000000000e+00 0.000000000000000000e+00 0.000000000000000000e+00 0.000000000000000000e+00 4.242452534316567547e-01 0.000000000000000000e+00 4.703888360655738010e-01 0.000000000000000000e+00 4.139306473480400261e-01 4.975168387309357731e-01 4.194728221815032798e-01 4.982146559999999780e-01 0.000000000000000000e+00 0.000000000000000000e+00 4.355994515778804366e-01 0.000000000000000000e+00 3.528400012483571824e-01 5.068565888038578660e-01 4.276313590048774205e-01 5.307541982711733164e-01 4.142830628585034702e-01 4.610273508771929873e-01 3.798821865968058931e-01 4.992489540229884670e-01 4.331456722040213370e-01 4.689666605504587138e-01 4.338681462180651316e-01 5.307927733972074291e-01 4.072254236494838309e-01 4.884840563268434965e-01 3.925322241191159245e-01 4.929282076300957605e-01 3.945700662847646534e-01 4.960784773510030776e-01 4.289926666666666888e-01 0.000000000000000000e+00 4.094016404036317502e-01 4.813146831618405619e-01 0.000000000000000000e+00 0.000000000000000000e+00 3.780718290434944007e-01 0.000000000000000000e+00 0.000000000000000000e+00 4.670816981132074885e-01 4.543307402981378584e-01 0.000000000000000000e+00 4.579322089552239072e-01 0.000000000000000000e+00 4.521694109297171305e-01 0.000000000000000000e+00 4.442116746907681102e-01 4.859584988511029269e-01 4.312717923505732243e-01 4.715420901327194714e-01 4.654682531849598237e-01 4.218117289727393304e-01 0.000000000000000000e+00 0.000000000000000000e+00 4.650010261100687714e-01 4.226526573750000182e-01 0.000000000000000000e+00 0.000000000000000000e+00 4.450729978567068978e-01 4.501039799367299032e-01 4.577983328684369080e-01 3.913789433962264197e-01 0.000000000000000000e+00 0.000000000000000000e+00 0.000000000000000000e+00 0.000000000000000000e+00 0.000000000000000000e+00 4.596644083333332742e-01 4.168217870370369837e-01 4.239582046643866620e-01 0.000000000000000000e+00 0.000000000000000000e+00
5.079429383087558092e-01 3.319818532565764202e-01 5.280035340330028193e-01 3.773174556039285976e-01 0.000000000000000000e+00 3.890110682608695636e-01 5.073016502441614062e-01 3.495638764051913761e-01 0.000000000000000000e+00 3.746918762064777586e-01 4.796997431441141768e-01 3.656660329567861800e-01 4.887195240677966179e-01 3.889921473937008045e-01 0.000000000000000000e+00 3.855746145770450606e-01 4.666304050124406300e-01 3.546360278695702695e-01 5.378148113527380092e-01 3.884716607211308737e-01 0.000000000000000000e+00 0.000000000000000000e+00 4.709269497448159147e-01 4.332790565433992658e-01 0.000000000000000000e+00 0.000000000000000000e+00 0.000000000000000000e+00 0.000000000000000000e+00 4.876189162134996757e-01 4.243831440322486936e-01 4.725698107649333735e-01 4.430258565922381431e-01 5.235600456029655403e-01 4.716108177640369048e-01 4.961124549220272684e-01 4.082966344086021437e-01 5.094573735846970042e-01 5.034864999731852864e-01 0.000000000000000000e+00 0.000000000000000000e+00 0.000000000000000000e+00 4.354192623718351474e-01 0.000000000000000000e+00 4.801617702457264825e-01 4.667506074074074252e-01 4.065901337682327754e-01 0.000000000000000000e+00 0.000000000000000000e+00 0.000000000000000000e+00 4.186771186132676181e-01 4.788658134328358518e-01 4.210626930713464722e-01 0.000000000000000000e+00 4.080275233644859445e-01 0.000000000000000000e+00 4.395281304213776163e-01 5.201490597733452459e-01 3.715376287257985966e-01 4.954425705469247543e-01 4.310420040947421927e-01 4.871572021082931636e-01 4.248728807196092694e-01 4.829331211833404192e-01 4.117743768558717599e-01 4.862542622950818960e-01 4.212173383799475146e-01 4.967640599165628612e-01 4.398365183886873142e-01 5.388066107870969068e-01 3.698077515960479511e-01 5.289010746657661910e-01 3.918463221311668798e-01 5.011593177516003861e-01 3.968450517049367798e-01 0.000000000000000000e+00 4.398170485764223980e-01 4.887558826881518992e-01 4.139139480756579004e-01 0.000000000000000000e+00 4.274848225806452406e-01 0.000000000000000000e+00 4.228904450022659134e-01 0.000000000000000000e+00 4.081529630434783118e-01 0.000000000000000000e+00 4.246328208001614035e-01 0.000000000000000000e+00 4.716529038461538814e-01 0.000000000000000000e+00 4.476043220208016926e-01 4.777878028749980577e-01 4.419019390321399232e-01 4.561997911644560255e-01 4.323913303235220051e-01 4.666531525104791744e-01 4.621519983598763592e-01 4.868561176079282404e-01 0.000000000000000000e+00 4.585572203534695190e-01 5.009233487367970028e-01 4.903467272727273230e-01 4.412079103223131571e-01 4.617535702298280476e-01 4.464256847052399668e-01 4.713278573500967461e-01 4.690424888004944282e-01 0.000000000000000000e+00 4.720238653091723968e-01 4.323853720954506374e-01 0.000000000000000000e+00 0.000000000000000000e+00 0.000000000000000000e+00 0.000000000000000000e+00 4.219268490566038254e-01 0.000000000000000000e+00 0.000000000000000000e+00
3.928796183930148844e-01 5.280035340330028193e-01 2.818287173889852393e-01 4.734761614205842406e-01 2.240879776882487573e-01 4.063885390125384078e-01 3.192139061051407212e-01 4.714785592008296500e-01 3.041908031559289460e-01 4.437326017462776551e-01 4.025656492386243679e-01 4.850744997277562920e-01 3.636845018296614440e-01 4.683726576943847419e-01 3.476345645412881047e-01 4.418578622375540776e-01 4.066507678412906723e-01 5.098346038295525906e-01 3.786588397736128653e-01 5.319790189582404016e-01 3.587016271186440619e-01 0.000000000000000000e+00 2.937174329255219374e-01 4.722605205093358682e-01 2.456888050342084240e-01 4.231613931412004925e-01 2.812118836585679738e-01 4.468764222222222360e-01 3.727962019159633544e-01 4.970508777611558626e-01 3.942574922854154007e-01 4.375188329871763093e-01 4.226747129516151835e-01 5.124719703490195899e-01 4.845572242619808900e-01 0.000000000000000000e+00 4.609997209986649302e-01 0.000000000000000000e+00 0.000000000000000000e+00 0.000000000000000000e+00 0.000000000000000000e+00 0.000000000000000000e+00 4.688079798657717179e-01 0.000000000000000000e+00 4.582801038882289291e-01 0.000000000000000000e+00 0.000000000000000000e+00 0.000000000000000000e+00 4.165576426930806542e-01 0.000000000000000000e+00 4.193327938577335323e-01 5.284867202797202124e-01 0.000000000000000000e+00 0.000000000000000000e+00 0.000000000000000000e+00 0.000000000000000000e+00 4.240357112278059781e-01 5.035180000000000211e-01 4.497749902228848629e-01 5.037952640425419348e-01 4.238828066414823681e-01 0.000000000000000000e+00 4.099255659954240127e-01 5.220640095238096023e-01 4.244042869557250186e-01 4.770421642857143318e-01 4.609643171264856676e-01 5.046972798722982878e-01 4.011715865031594830e-01 0.000000000000000000e+00 3.838987579598606703e-01 5.148488432239143320e-01 3.802500318974718074e-01 4.690260602509193077e-01 3.812874077672827600e-01 0.000000000000000000e+00 4.182296803906626614e-01 4.730162824195916493e-01 4.104434352941176423e-01 0.000000000000000000e+00 3.938912913539283078e-01 0.000000000000000000e+00 0.000000000000000000e+00 0.000000000000000000e+00 4.366386931697531781e-01 0.000000000000000000e+00 0.000000000000000000e+00 0.000000000000000000e+00 4.330342710853355981e-01 0.000000000000000000e+00 4.240719513771697979e-01 4.377371376763105060e-01 4.349505702006115082e-01 4.816677613320529683e-01 4.475884493028743916e-01 4.222126002886003038e-01 4.567624438312894442e-01 0.000000000000000000e+00 4.689248095238095493e-01 4.484183410852713436e-01 3.722744183006536089e-01 4.527673029319165265e-01 4.173632082312521696e-01 4.350408573029720949e-01 4.520032235119047503e-01 4.054757769230769027e-01 0.000000000000000000e+00 0.000000000000000000e+00 4.355141030927835444e-01 0.000000000000000000e+00 0.000000000000000000e+00 0.000000000000000000e+00 4.480821818181818239e-01 4.326453931623931992e-01 4.294002649572649100e-01 0.000000000000000000e+00
5.206741603522304640e-01 3.773174556039285976e-01 4.734761614205842406e-01 2.839196881558210817e-01 4.544781676872104437e-01 2.472096340592556118e-01 4.634722470192741972e-01 3.372511761202670599e-01 3.908488667286392770e-01 2.586841639025119211e-01 4.851628814905011300e-01 3.989297418951724405e-01 4.420458370931622527e-01 3.727322516574598787e-01 4.290661617984439791e-01 3.297642464636075799e-01 5.096035617886178759e-01 4.218021590832925494e-01 5.380857404578407444e-01 3.389578017386780662e-01 0.000000000000000000e+00 3.067657725338491237e-01 4.608853646484459277e-01 2.728078908563984495e-01 4.310960966760751245e-01 2.324760210846781305e-01 4.502245336885336013e-01 2.972518111903368898e-01 4.731473098826471935e-01 3.924260297146864862e-01 3.878516832054426100e-01 3.130880848841077757e-01 5.168554514854563076e-01 4.231789212365531516e-01 0.000000000000000000e+00 4.622103175169683942e-01 5.526008529411764458e-01 4.850994055126862659e-01 0.000000000000000000e+00 0.000000000000000000e+00 0.000000000000000000e+00 4.312644395861969793e-01 0.000000000000000000e+00 4.775987241379309745e-01 0.000000000000000000e+00 4.181618138766060033e-01 0.000000000000000000e+00 0.000000000000000000e+00 0.000000000000000000e+00 4.405319038825557532e-01 0.000000000000000000e+00 4.262839535863702234e-01 0.000000000000000000e+00 0.000000000000000000e+00 0.000000000000000000e+00 4.313241999999999354e-01 4.655895184756263516e-01 4.177277447219415185e-01 0.000000000000000000e+00 4.456433153747615949e-01 4.849124208871087860e-01 4.326793609849237110e-01 0.000000000000000000e+00 4.030955473602823025e-01 0.000000000000000000e+00 4.119302799889974498e-01 4.804115115801605995e-01 4.584878004295868670e-01 5.233390220547435856e-01 4.311929505588376066e-01 5.056791060932012138e-01 3.786187379359240435e-01 4.707103359497791240e-01 3.797038691477934713e-01 4.789632705882353458e-01 3.659677846015568226e-01 4.658409779053689359e-01 4.222601281125261674e-01 0.000000000000000000e+00 0.000000000000000000e+00 0.000000000000000000e+00 3.870777642465784152e-01 0.000000000000000000e+00 4.296133023255814254e-01 4.596753005780345736e-01 4.166026780662885898e-01 0.000000000000000000e+00 3.992067466629471428e-01 0.000000000000000000e+00 4.189632572809369182e-01 4.574913848573107233e-01 4.374843572232591793e-01 4.332972972972973791e-01 4.387829855431337189e-01 4.583384534867815940e-01 4.532064158376084007e-01 4.412824676715556005e-01 0.000000000000000000e+00 4.676661232140384428e-01 4.307097465647465317e-01 4.573512819389853878e-01 4.422370104667473489e-01 0.000000000000000000e+00 4.157776296395654381e-01 0.000000000000000000e+00 4.514666926412393977e-01 0.000000000000000000e+00 4.923039082568807512e-01 4.427579436647955391e-01 0.000000000000000000e+00 0.000000000000000000e+00 4.645318115942028703e-01 0.000000000000000000e+00 0.000000000000000000e+00 0.000000000000000000e+00 0.000000000000000000e+00
3.732669318593702656e-01 0.000000000000000000e+00 2.240879776882487573e-01 4.544781676872104437e-01 2.089372639683605704e-01 4.636213374517068608e-01 3.050550056297657298e-01 4.613661706536184015e-01 2.513716019034703542e-01 4.287202170331796403e-01 3.653403024571808544e-01 0.000000000000000000e+00 3.345110976370909706e-01 4.137859679999999485e-01 3.134201921902872723e-01 3.970848229166666354e-01 3.947652888888888434e-01 0.000000000000000000e+00 3.822144880289575219e-01 0.000000000000000000e+00 3.885118229834130243e-01 0.000000000000000000e+00 2.320466701105135254e-01 4.284529091547576440e-01 1.700080445456917666e-01 4.336486124027113531e-01 2.832806222967869103e-01 4.194555714285714276e-01 3.344241517704476530e-01 0.000000000000000000e+00 3.575448701081304081e-01 4.358369286177810054e-01 3.986774644300143944e-01 3.880384174757281479e-01 0.000000000000000000e+00 0.000000000000000000e+00 0.000000000000000000e+00 0.000000000000000000e+00 0.000000000000000000e+00 0.000000000000000000e+00 4.336743783536585184e-01 0.000000000000000000e+00 0.000000000000000000e+00 0.000000000000000000e+00 0.000000000000000000e+00 0.000000000000000000e+00 0.000000000000000000e+00 0.000000000000000000e+00 0.000000000000000000e+00 0.000000000000000000e+00 4.021586807528408913e-01 0.000000000000000000e+00 0.000000000000000000e+00 0.000000000000000000e+00 0.000000000000000000e+00 0.000000000000000000e+00 3.683822750443262461e-01 0.000000000000000000e+00 0.000000000000000000e+00 0.000000000000000000e+00 3.935469005022569355e-01 0.000000000000000000e+00 3.833421078431372142e-01 0.000000000000000000e+00 3.750176720000000241e-01 0.000000000000000000e+00 4.032818591549295895e-01 0.000000000000000000e+00 4.089385870445343962e-01 0.000000000000000000e+00 3.527620630272536584e-01 5.129288353086617347e-01 3.710235942360833317e-01 0.000000000000000000e+00 3.200134842469704033e-01 0.000000000000000000e+00 3.828308371911846586e-01 0.000000000000000000e+00 0.000000000000000000e+00 0.000000000000000000e+00 3.779884857142857268e-01 0.000000000000000000e+00 0.000000000000000000e+00 0.000000000000000000e+00 4.211042163130647165e-01 0.000000000000000000e+00 0.000000000000000000e+00 0.000000000000000000e+00 0.000000000000000000e+00 0.000000000000000000e+00 0.000000000000000000e+00 0.000000000000000000e+00 0.000000000000000000e+00 0.000000000000000000e+00 0.000000000000000000e+00 0.000000000000000000e+00 0.000000000000000000e+00 0.000000000000000000e+00 0.000000000000000000e+00 0.000000000000000000e+00 0.000000000000000000e+00 0.000000000000000000e+00 0.000000000000000000e+00 4.267376111111110815e-01 0.000000000000000000e+00 0.000000000000000000e+00 0.000000000000000000e+00 0.000000000000000000e+00 0.000000000000000000e+00 0.000000000000000000e+00 0.000000000000000000e+00 0.000000000000000000e+00 0.000000000000000000e+00 0.000000000000000000e+00 0.000000000000000000e+00 0.000000000000000000e+00
0.000000000000000000e+00 3.890110682608695636e-01 4.063885390125384078e-01 2.472096340592556118e-01 4.636213374517068608e-01 1.958304219613276331e-01 4.158184575679808037e-01 2.636210920692613757e-01 4.503362660904787207e-01 1.872492075026131741e-01 0.000000000000000000e+00 2.925087118644067452e-01 4.063410306122448579e-01 2.988142998128082151e-01 4.187720384615384872e-01 2.621184207026537316e-01 0.000000000000000000e+00 0.000000000000000000e+00 0.000000000000000000e+00 3.221128928571428962e-01 4.635978149671052817e-01 3.100393530871578540e-01 4.307695320090518809e-01 2.340154910560056922e-01 4.598388905095583956e-01 2.009449499088444280e-01 4.836017164289305170e-01 2.480284140978121221e-01 0.000000000000000000e+00 3.129303808691408229e-01 3.824049941927624152e-01 2.719359928445767571e-01 0.000000000000000000e+00 3.572646894700729492e-01 0.000000000000000000e+00 4.864930353982301336e-01 0.000000000000000000e+00 0.000000000000000000e+00 0.000000000000000000e+00 0.000000000000000000e+00 0.000000000000000000e+00 0.000000000000000000e+00 0.000000000000000000e+00 0.000000000000000000e+00 0.000000000000000000e+00 0.000000000000000000e+00 0.000000000000000000e+00 0.000000000000000000e+00 0.000000000000000000e+00 0.000000000000000000e+00 0.000000000000000000e+00 0.000000000000000000e+00 0.000000000000000000e+00 0.000000000000000000e+00 0.000000000000000000e+00 0.000000000000000000e+00 0.000000000000000000e+00 4.023104593582887967e-01 0.000000000000000000e+00 0.000000000000000000e+00 0.000000000000000000e+00 3.753174877049180180e-01 0.000000000000000000e+00 4.091365700000000882e-01 0.000000000000000000e+00 0.000000000000000000e+00 0.000000000000000000e+00 4.490028803872426200e-01 0.000000000000000000e+00 4.131038703703703852e-01 5.016569196832872946e-01 3.605244638971843441e-01 4.179502555555556498e-01 3.334370685263378653e-01 0.000000000000000000e+00 3.070428576902552442e-01 3.017393469387755212e-01 3.563699470650246726e-01 0.000000000000000000e+00 0.000000000000000000e+00 0.000000000000000000e+00 0.000000000000000000e+00 0.000000000000000000e+00 4.291540425531915059e-01 0.000000000000000000e+00 4.080277802197802006e-01 0.000000000000000000e+00 0.000000000000000000e+00 0.000000000000000000e+00 0.000000000000000000e+00 0.000000000000000000e+00 0.000000000000000000e+00 0.000000000000000000e+00 0.000000000000000000e+00 0.000000000000000000e+00 0.000000000000000000e+00 0.000000000000000000e+00 0.000000000000000000e+00 0.000000000000000000e+00 0.000000000000000000e+00 0.000000000000000000e+00 0.000000000000000000e+00 0.000000000000000000e+00 0.000000000000000000e+00 0.000000000000000000e+00 0.000000000000000000e+00 0.000000000000000000e+00 0.000000000000000000e+00 0.000000000000000000e+00 0.000000000000000000e+00 0.000000000000000000e+00 0.000000000000000000e+00 0.000000000000000000e+00 0.000000000000000000e+00 0.000000000000000000e+00 0.000000000000000000e+00
3.725578363526139691e-01 5.073016502441614062e-01 3.192139061051407212e-01 4.634722470192741972e-01 3.050550056297657298e-01 4.158184575679808037e-01 3.010343978567283085e-01 4.686859889555540226e-01 2.546587142647344093e-01 4.424764143211284417e-01 3.845947141355269272e-01 4.826113090086778246e-01 3.096454979762563453e-01 4.501627808087581006e-01 2.976373779933914610e-01 4.412748170421347815e-01 4.014819107605747672e-01 5.148667206871746505e-01 4.221804010975619414e-01 5.256790917677656161e-01 0.000000000000000000e+00 0.000000000000000000e+00 3.587800510482278549e-01 4.579351454880374317e-01 0.000000000000000000e+00 3.798631205378505959e-01 3.548451609860011624e-01 3.976653625000000081e-01 3.727051486373071931e-01 4.880501456509316327e-01 3.536342851654943886e-01 4.477052106155310351e-01 4.073382322848518866e-01 5.096678001984584760e-01 0.000000000000000000e+00 0.000000000000000000e+00 4.391517420359194457e-01 0.000000000000000000e+00 0.000000000000000000e+00 0.000000000000000000e+00 0.000000000000000000e+00 0.000000000000000000e+00 4.460325835301321984e-01 5.069640585106383046e-01 4.140410938889864112e-01 0.000000000000000000e+00 0.000000000000000000e+00 0.000000000000000000e+00 4.202561956915687458e-01 0.000000000000000000e+00 4.113799690616726235e-01 0.000000000000000000e+00 0.000000000000000000e+00 0.000000000000000000e+00 4.329419012304744907e-01 0.000000000000000000e+00 4.045409771208054450e-01 4.985253749999999928e-01 4.185284012058713699e-01 0.000000000000000000e+00 4.147491338797257843e-01 4.786734233576642739e-01 4.017799823425184935e-01 0.000000000000000000e+00 4.105261976407137969e-01 4.954506632124352494e-01 4.449634995632423262e-01 5.023116898422090859e-01 4.366155261336060467e-01 0.000000000000000000e+00 3.552300116441481359e-01 5.081281047046682930e-01 3.732457203994183903e-01 4.643550960853609633e-01 3.875562552710212771e-01 0.000000000000000000e+00 4.145515788622347042e-01 4.676693265685584744e-01 0.000000000000000000e+00 0.000000000000000000e+00 4.066916141110226146e-01 0.000000000000000000e+00 0.000000000000000000e+00 0.000000000000000000e+00 4.309472248347998580e-01 4.834156836158192139e-01 4.454937945205478811e-01 0.000000000000000000e+00 4.331037718532900760e-01 0.000000000000000000e+00 4.409426287225317043e-01 4.326559920634920897e-01 4.220234258573555275e-01 0.000000000000000000e+00 4.365570750984893444e-01 0.000000000000000000e+00 4.582961878829134861e-01 0.000000000000000000e+00 0.000000000000000000e+00 4.342147936507935735e-01 4.888197480314959709e-01 4.106000970149253360e-01 3.825103046875000246e-01 0.000000000000000000e+00 4.158884450967389457e-01 4.207047523809523404e-01 0.000000000000000000e+00 0.000000000000000000e+00 0.000000000000000000e+00 0.000000000000000000e+00 0.000000000000000000e+00 0.000000000000000000e+00 0.000000000000000000e+00 3.778321009174311906e-01 0.000000000000000000e+00 0.000000000000000000e+00
4.984157375863230710e-01 3.495638764051913761e-01 4.714785592008296500e-01 3.372511761202670599e-01 4.613661706536184015e-01 2.636210920692613757e-01 4.686859889555540226e-01 2.848772635062907788e-01 4.528371168669975688e-01 2.663615525702853759e-01 4.948619966928419767e-01 3.502254126547083568e-01 4.470716689432174262e-01 3.125434107661320127e-01 4.006913677707199528e-01 3.134612295183417108e-01 5.078849571082111325e-01 4.057711794681213568e-01 5.153593526937730873e-01 4.254154871094351087e-01 3.520320112359551223e-01 0.000000000000000000e+00 4.605087108586160549e-01 3.164477118869443162e-01 3.938534908878105201e-01 2.518487851170767566e-01 4.213560000000000638e-01 2.903706963652482043e-01 4.773003539104593296e-01 3.643930653380632045e-01 4.082563210715281499e-01 3.398456846626465300e-01 5.019178752668745913e-01 4.012476430651019110e-01 0.000000000000000000e+00 4.701734446844494930e-01 0.000000000000000000e+00 4.409263747970667002e-01 0.000000000000000000e+00 0.000000000000000000e+00 0.000000000000000000e+00 0.000000000000000000e+00 0.000000000000000000e+00 3.752060210526316220e-01 0.000000000000000000e+00 4.528134838709677590e-01 0.000000000000000000e+00 4.576076068922305673e-01 0.000000000000000000e+00 4.008444566268353770e-01 4.626665984848484792e-01 3.991054247552036638e-01 0.000000000000000000e+00 4.228060193404634681e-01 0.000000000000000000e+00 4.274960300000000823e-01 4.670196577181208730e-01 4.106170493476793415e-01 0.000000000000000000e+00 4.187176058275938195e-01 4.847769041080334795e-01 4.096324228426708736e-01 4.432122966552832777e-01 4.066448547814324743e-01 4.684765679999999821e-01 3.965645069339864270e-01 5.037399716145832818e-01 4.234772291986423354e-01 4.745353692307692772e-01 3.899395395859105995e-01 4.998088742484253499e-01 3.457998767100889936e-01 4.575719187491159023e-01 3.688861395438782775e-01 4.165873999999999411e-01 3.749729084294273207e-01 4.604794101545334750e-01 4.037796965822412210e-01 0.000000000000000000e+00 3.592265733333333544e-01 4.508552576091581221e-01 3.873170793589961747e-01 0.000000000000000000e+00 4.176154026779421713e-01 0.000000000000000000e+00 4.152584521574841925e-01 0.000000000000000000e+00 4.436684246575341994e-01 0.000000000000000000e+00 4.249395153982646334e-01 4.475756693810780118e-01 3.977920298387097042e-01 4.452012670426065410e-01 4.181280366774193236e-01 4.571738485063400192e-01 4.445433712703309448e-01 4.375449482758621000e-01 0.000000000000000000e+00 0.000000000000000000e+00 4.101490902748650691e-01 0.000000000000000000e+00 4.119210992366412194e-01 0.000000000000000000e+00 4.098839279201861308e-01 4.513421372549020205e-01 4.343090149438256775e-01 0.000000000000000000e+00 0.000000000000000000e+00 4.246398836262825771e-01 0.000000000000000000e+00 0.000000000000000000e+00 0.000000000000000000e+00 0.000000000000000000e+00 0.000000000000000000e+00 0.000000000000000000e+00 0.000000000000000000e+00
3.971105666491043795e-01 0.000000000000000000e+00 3.041908031559289460e-01 3.908488667286392770e-01 2.513716019034703542e-01 4.503362660904787207e-01 2.546587142647344093e-01 4.528371168669975688e-01 2.494934741808072787e-01 4.230495516385540111e-01 3.885491656624653345e-01 0.000000000000000000e+00 2.744661810224865439e-01 0.000000000000000000e+00 2.820789841889382865e-01 0.000000000000000000e+00 0.000000000000000000e+00 0.000000000000000000e+00 4.300177314032808118e-01 0.000000000000000000e+00 0.000000000000000000e+00 0.000000000000000000e+00 3.322684640319067961e-01 4.053727314499999679e-01 2.305623138081694945e-01 4.185094999685310957e-01 2.695461291673698079e-01 4.663019876543210707e-01 3.520078865258835510e-01 0.000000000000000000e+00 3.360923046888523169e-01 3.727331014931435926e-01 3.349839016393442725e-01 0.000000000000000000e+00 0.000000000000000000e+00 0.000000000000000000e+00 0.000000000000000000e+00 0.000000000000000000e+00 0.000000000000000000e+00 0.000000000000000000e+00 0.000000000000000000e+00 0.000000000000000000e+00 0.000000000000000000e+00 0.000000000000000000e+00 0.000000000000000000e+00 0.000000000000000000e+00 0.000000000000000000e+00 0.000000000000000000e+00 0.000000000000000000e+00 0.000000000000000000e+00 4.080898959999999520e-01 0.000000000000000000e+00 0.000000000000000000e+00 0.000000000000000000e+00 0.000000000000000000e+00 0.000000000000000000e+00 4.308951240875912858e-01 0.000000000000000000e+00 0.000000000000000000e+00 0.000000000000000000e+00 4.144298638548052360e-01 0.000000000000000000e+00 4.040312185565250735e-01 0.000000000000000000e+00 4.426838076923077514e-01 0.000000000000000000e+00 3.844170800639787888e-01 0.000000000000000000e+00 0.000000000000000000e+00 0.000000000000000000e+00 3.457243769394199862e-01 5.093227833265226989e-01 3.791950574638606741e-01 0.000000000000000000e+00 4.005485294117646644e-01 0.000000000000000000e+00 4.021539283871420345e-01 0.000000000000000000e+00 0.000000000000000000e+00 0.000000000000000000e+00 3.952797596491228194e-01 0.000000000000000000e+00 0.000000000000000000e+00 0.000000000000000000e+00 3.973102112573099198e-01 0.000000000000000000e+00 4.017975509980858950e-01 0.000000000000000000e+00 4.522707664502164659e-01 0.000000000000000000e+00 0.000000000000000000e+00 0.000000000000000000e+00 4.056236984126983525e-01 3.754024895104894899e-01 0.000000000000000000e+00 0.000000000000000000e+00 0.000000000000000000e+00 0.000000000000000000e+00 0.000000000000000000e+00 0.000000000000000000e+00 0.000000000000000000e+00 0.000000000000000000e+00 0.000000000000000000e+00 0.000000000000000000e+00 0.000000000000000000e+00 0.000000000000000000e+00 0.000000000000000000e+00 0.000000000000000000e+00 0.000000000000000000e+00 0.000000000000000000e+00 0.000000000000000000e+00 0.000000000000000000e+00 0.000000000000000000e+00 0.000000000000000000e+00 0.000000000000000000e+00 0.000000000000000000e+00
0.000000000000000000e+00 3.746918762064777586e-01 4.437326017462776551e-01 2.586841639025119211e-01 4.287202170331796403e-01 1.872492075026131741e-01 4.424764143211284417e-01 2.663615525702853759e-01 4.230495516385540111e-01 2.461734713776354555e-01 0.000000000000000000e+00 3.568446138073648743e-01 4.116197793477416877e-01 3.515713072913804194e-01 4.329464035794096666e-01 2.658080236017265063e-01 0.000000000000000000e+00 3.886543109004650942e-01 0.000000000000000000e+00 3.856553492850738341e-01 0.000000000000000000e+00 3.264618426613042357e-01 4.312882309788502178e-01 2.667229492424715298e-01 4.352963400474793576e-01 2.198752385501649420e-01 4.648596814759761719e-01 2.624806762805935167e-01 4.456381759259259723e-01 3.246058528884534500e-01 3.889549132302891343e-01 2.969244147702306269e-01 0.000000000000000000e+00 3.820308052424197798e-01 0.000000000000000000e+00 0.000000000000000000e+00 0.000000000000000000e+00 4.159419853932584399e-01 0.000000000000000000e+00 0.000000000000000000e+00 0.000000000000000000e+00 0.000000000000000000e+00 0.000000000000000000e+00 0.000000000000000000e+00 0.000000000000000000e+00 0.000000000000000000e+00 0.000000000000000000e+00 0.000000000000000000e+00 0.000000000000000000e+00 0.000000000000000000e+00 0.000000000000000000e+00 3.564045775862069720e-01 0.000000000000000000e+00 0.000000000000000000e+00 0.000000000000000000e+00 0.000000000000000000e+00 0.000000000000000000e+00 3.844448998192218636e-01 0.000000000000000000e+00 0.000000000000000000e+00 0.000000000000000000e+00 3.947721220491270944e-01 0.000000000000000000e+00 3.987522148514846543e-01 0.000000000000000000e+00 4.068172886061576787e-01 0.000000000000000000e+00 4.222404886589447015e-01 0.000000000000000000e+00 0.000000000000000000e+00 4.909099234839896519e-01 3.276343973285694711e-01 4.101542841714965748e-01 3.321676217819280463e-01 0.000000000000000000e+00 3.193543553113684097e-01 4.438952164179104654e-01 3.661290287286674827e-01 0.000000000000000000e+00 0.000000000000000000e+00 0.000000000000000000e+00 3.289521490646520885e-01 0.000000000000000000e+00 0.000000000000000000e+00 0.000000000000000000e+00 3.917954744938070277e-01 0.000000000000000000e+00 3.768904606741572683e-01 0.000000000000000000e+00 4.331424866666666595e-01 0.000000000000000000e+00 3.567522972972972939e-01 0.000000000000000000e+00 0.000000000000000000e+00 0.000000000000000000e+00 0.000000000000000000e+00 0.000000000000000000e+00 0.000000000000000000e+00 0.000000000000000000e+00 4.129887000000000419e-01 0.000000000000000000e+00 4.081536888841043043e-01 0.000000000000000000e+00 0.000000000000000000e+00 0.000000000000000000e+00 0.000000000000000000e+00 0.000000000000000000e+00 0.000000000000000000e+00 0.000000000000000000e+00 0.000000000000000000e+00 0.000000000000000000e+00 0.000000000000000000e+00 0.000000000000000000e+00 0.000000000000000000e+00 0.000000000000000000e+00 0.000000000000000000e+00
3.368986740769074339e-01 4.796997431441141768e-01 4.025656492386243679e-01 4.851628814905011300e-01 3.653403024571808544e-01 0.000000000000000000e+00 3.845947141355269272e-01 4.948619966928419767e-01 3.885491656624653345e-01 0.000000000000000000e+00 2.909946406204382829e-01 4.848680891304362750e-01 2.957224534499514057e-01 4.583599321634198587e-01 3.778141284160296265e-01 0.000000000000000000e+00 3.487023397246612477e-01 4.873575108038028514e-01 4.358655752271065054e-01 5.169051229784425994e-01 0.000000000000000000e+00 0.000000000000000000e+00 4.094315924289885222e-01 4.716643896602285002e-01 0.000000000000000000e+00 0.000000000000000000e+00 0.000000000000000000e+00 0.000000000000000000e+00 3.683917503133806171e-01 4.506614441238991908e-01 4.113303627356610925e-01 4.757879324455205339e-01 4.184999525688695154e-01 4.956488699061628034e-01 0.000000000000000000e+00 5.180669791666665525e-01 4.549113461983109730e-01 0.000000000000000000e+00 0.000000000000000000e+00 0.000000000000000000e+00 0.000000000000000000e+00 0.000000000000000000e+00 0.000000000000000000e+00 0.000000000000000000e+00 0.000000000000000000e+00 0.000000000000000000e+00 0.000000000000000000e+00 0.000000000000000000e+00 4.200625976175115239e-01 0.000000000000000000e+00 4.317961347782853232e-01 0.000000000000000000e+00 0.000000000000000000e+00 0.000000000000000000e+00 0.000000000000000000e+00 0.000000000000000000e+00 3.927264946764398856e-01 0.000000000000000000e+00 4.235316952230161469e-01 5.213915792682927153e-01 4.204908558429843457e-01 4.990032797202798021e-01 4.044069934036946812e-01 0.000000000000000000e+00 4.380488800768856938e-01 0.000000000000000000e+00 4.376959004048915913e-01 0.000000000000000000e+00 0.000000000000000000e+00 0.000000000000000000e+00 3.755704357953062456e-01 5.125144889365409462e-01 3.774607853286228165e-01 4.846527830574260953e-01 0.000000000000000000e+00 0.000000000000000000e+00 4.034998537778432537e-01 4.759278643973214318e-01 0.000000000000000000e+00 0.000000000000000000e+00 3.061959720734697687e-01 0.000000000000000000e+00 0.000000000000000000e+00 0.000000000000000000e+00 4.315501047497102283e-01 0.000000000000000000e+00 0.000000000000000000e+00 0.000000000000000000e+00 4.592973323091659732e-01 0.000000000000000000e+00 3.654218389830509173e-01 0.000000000000000000e+00 4.126582222222222041e-01 0.000000000000000000e+00 4.385483460356158214e-01 0.000000000000000000e+00 0.000000000000000000e+00 0.000000000000000000e+00 0.000000000000000000e+00 0.000000000000000000e+00 0.000000000000000000e+00 0.000000000000000000e+00 0.000000000000000000e+00 0.000000000000000000e+00 0.000000000000000000e+00 0.000000000000000000e+00 0.000000000000000000e+00 0.000000000000000000e+00 0.000000000000000000e+00 0.000000000000000000e+00 0.000000000000000000e+00 0.000000000000000000e+00 0.000000000000000000e+00 0.000000000000000000e+00 0.000000000000000000e+00 0.000000000000000000e+00
4.946682719471627854e-01 3.656660329567861800e-01 4.850744997277562920e-01 3.989297418951724405e-01 0.000000000000000000e+00 2.925087118644067452e-01 4.826113090086778246e-01 3.502254126547083568e-01 0.000000000000000000e+00 3.568446138073648743e-01 4.848680891304362750e-01 2.893448823540045178e-01 4.603603152173913471e-01 2.937728286358737284e-01 0.000000000000000000e+00 3.631025674194152120e-01 0.000000000000000000e+00 3.245892600487537138e-01 5.024718391096758552e-01 4.342880047847312297e-01 0.000000000000000000e+00 0.000000000000000000e+00 4.765880457475059617e-01 4.212582077682948123e-01 0.000000000000000000e+00 3.527971961120064948e-01 0.000000000000000000e+00 0.000000000000000000e+00 4.666240082780488407e-01 3.758866560911111043e-01 4.432065316545212852e-01 4.064951706122957309e-01 4.945147899882118003e-01 4.125770221263782567e-01 0.000000000000000000e+00 0.000000000000000000e+00 0.000000000000000000e+00 4.589061502026343109e-01 0.000000000000000000e+00 0.000000000000000000e+00 0.000000000000000000e+00 0.000000000000000000e+00 0.000000000000000000e+00 0.000000000000000000e+00 0.000000000000000000e+00 0.000000000000000000e+00 0.000000000000000000e+00 3.958424017094017144e-01 0.000000000000000000e+00 4.240067004437877429e-01 0.000000000000000000e+00 4.179468023754018824e-01 0.000000000000000000e+00 0.000000000000000000e+00 0.000000000000000000e+00 4.309909584717348530e-01 0.000000000000000000e+00 4.166047786100023353e-01 0.000000000000000000e+00 4.179732447349029933e-01 4.826193103448276345e-01 4.274213965027960360e-01 0.000000000000000000e+00 4.228083563220294550e-01 0.000000000000000000e+00 4.297582296406037283e-01 0.000000000000000000e+00 4.290619603714177499e-01 0.000000000000000000e+00 4.172847788257795232e-01 5.052801708355055821e-01 3.674072954140622516e-01 4.636090858722977104e-01 3.875223800895681858e-01 0.000000000000000000e+00 4.176836344086022335e-01 4.761211206349391101e-01 4.062535764246317793e-01 0.000000000000000000e+00 4.388771370192308119e-01 0.000000000000000000e+00 4.095430897587463148e-01 0.000000000000000000e+00 3.086791363636363639e-01 0.000000000000000000e+00 4.424449955388135014e-01 0.000000000000000000e+00 4.473220183537263694e-01 0.000000000000000000e+00 4.479542562495547608e-01 0.000000000000000000e+00 0.000000000000000000e+00 0.000000000000000000e+00 0.000000000000000000e+00 0.000000000000000000e+00 0.000000000000000000e+00 0.000000000000000000e+00 0.000000000000000000e+00 0.000000000000000000e+00 0.000000000000000000e+00 0.000000000000000000e+00 0.000000000000000000e+00 0.000000000000000000e+00 0.000000000000000000e+00 0.000000000000000000e+00 0.000000000000000000e+00 0.000000000000000000e+00 0.000000000000000000e+00 0.000000000000000000e+00 0.000000000000000000e+00 0.000000000000000000e+00 0.000000000000000000e+00 0.000000000000000000e+00 0.000000000000000000e+00 0.000000000000000000e+00 0.000000000000000000e+00
3.685293949606929242e-01 4.887195240677966179e-01 3.636845018296614440e-01 4.420458370931622527e-01 3.345110976370909706e-01 4.063410306122448579e-01 3.096454979762563453e-01 4.470716689432174262e-01 2.744661810224865439e-01 4.116197793477416877e-01 2.957224534499514057e-01 4.603603152173913471e-01 2.782686827367407134e-01 4.507943014341595500e-01 2.770500813805792939e-01 4.478930121370890971e-01 4.058690813921634333e-01 0.000000000000000000e+00 4.200960845821817280e-01 4.806851551974518078e-01 0.000000000000000000e+00 0.000000000000000000e+00 3.641649616814443546e-01 4.504522523064008466e-01 3.488166686512205739e-01 4.186057996802552972e-01 3.633998307692307694e-01 4.072493604651162280e-01 3.476173070551371591e-01 4.945860389610389762e-01 3.530283375975329374e-01 4.264564070368375703e-01 4.103186376955927361e-01 4.755647449561878348e-01 4.133525770202020055e-01 0.000000000000000000e+00 4.132782826458890613e-01 0.000000000000000000e+00 0.000000000000000000e+00 0.000000000000000000e+00 0.000000000000000000e+00 0.000000000000000000e+00 0.000000000000000000e+00 0.000000000000000000e+00 0.000000000000000000e+00 0.000000000000000000e+00 0.000000000000000000e+00 0.000000000000000000e+00 0.000000000000000000e+00 0.000000000000000000e+00 4.253227240346023064e-01 0.000000000000000000e+00 0.000000000000000000e+00 0.000000000000000000e+00 4.174663949579831557e-01 0.000000000000000000e+00 4.099960577497140379e-01 5.077313039215687329e-01 4.359238319763774072e-01 0.000000000000000000e+00 4.313952929934659619e-01 0.000000000000000000e+00 4.170623419998382708e-01 0.000000000000000000e+00 4.294013637265673422e-01 0.000000000000000000e+00 4.410225354737955517e-01 0.000000000000000000e+00 4.357464418008865636e-01 0.000000000000000000e+00 3.503241599100826997e-01 4.913423593488441266e-01 3.848050472004211908e-01 4.453666215731114097e-01 3.778836001569373382e-01 0.000000000000000000e+00 4.050993770744361622e-01 4.569158522524062183e-01 3.801446962025316623e-01 0.000000000000000000e+00 4.014091752493730847e-01 0.000000000000000000e+00 0.000000000000000000e+00 0.000000000000000000e+00 4.414564442089503604e-01 0.000000000000000000e+00 0.000000000000000000e+00 0.000000000000000000e+00 4.546546709114717699e-01 0.000000000000000000e+00 4.253762640000000039e-01 4.154895572841726947e-01 4.229738688524590229e-01 4.382063333333333088e-01 4.379562684229791891e-01 0.000000000000000000e+00 0.000000000000000000e+00 0.000000000000000000e+00 4.396771495327103096e-01 0.000000000000000000e+00 0.000000000000000000e+00 0.000000000000000000e+00 4.222380559999999727e-01 4.282456119163079999e-01 4.249263485703170806e-01 0.000000000000000000e+00 0.000000000000000000e+00 0.000000000000000000e+00 0.000000000000000000e+00 0.000000000000000000e+00 0.000000000000000000e+00 0.000000000000000000e+00 0.000000000000000000e+00 0.000000000000000000e+00 0.000000000000000000e+00 0.000000000000000000e+00
