3.176019058941562112e-01 5.192678923104727673e-01 3.873123831046892396e-01 5.373773426089739624e-01 0.000000000000000000e+00 0.000000000000000000e+00 3.652745423096068755e-01 5.223367241908069003e-01 0.000000000000000000e+00 0.000000000000000000e+00 3.434311885331787773e-01 4.997159050605726183e-01 4.043621427312416583e-01 4.963980343882012924e-01 3.979720811290805571e-01 0.000000000000000000e+00 3.467894050420486929e-01 5.159198633724425553e-01 4.184691241871011380e-01 5.369949259277463360e-01 0.000000000000000000e+00 0.000000000000000000e+00 4.292654747474746735e-01 0.000000000000000000e+00 0.000000000000000000e+00 0.000000000000000000e+00 0.000000000000000000e+00 0.000000000000000000e+00 4.395662868481030050e-01 5.335286099517803082e-01 4.173532817620650981e-01 0.000000000000000000e+00 4.539450869526147070e-01 5.144793863839340897e-01 4.702875013985371444e-01 4.410908561782876935e-01 4.814809548023462060e-01 5.676414531388905838e-01 0.000000000000000000e+00 5.437044513274337243e-01 0.000000000000000000e+00 0.000000000000000000e+00 4.620247000000000104e-01 5.214457818181817972e-01 4.262873004500362661e-01 4.919191486694398652e-01 0.000000000000000000e+00 0.000000000000000000e+00 4.283200541124283500e-01 4.998362465036041979e-01 4.205064236529121313e-01 4.925507133454048447e-01 4.214435024372234495e-01 0.000000000000000000e+00 4.431514390976922235e-01 0.000000000000000000e+00 3.997307791140853883e-01 5.182714068205446223e-01 4.352631668334799309e-01 5.158208379713233871e-01 4.376586783659051072e-01 4.922990348610584710e-01 4.467414813004159657e-01 5.147191059666088586e-01 4.452939167833153133e-01 5.191950512820512342e-01 4.361372036690404630e-01 5.047635288321118407e-01 4.103538186000702526e-01 5.354773827512657736e-01 4.072669794311570834e-01 5.287311715195933681e-01 3.867759337277358322e-01 5.081060952543848819e-01 4.119571060606059820e-01 0.000000000000000000e+00 4.154768280286645910e-01 5.049944751818121746e-01 0.000000000000000000e+00 0.000000000000000000e+00 4.329839924836841880e-01 0.000000000000000000e+00 0.000000000000000000e+00 0.000000000000000000e+00 4.456123440083354370e-01 0.000000000000000000e+00 3.906032713178294591e-01 0.000000000000000000e+00 4.502992874270386747e-01 5.308094191729322286e-01 4.652947303133963541e-01 4.677222274067806551e-01 4.981611039486562031e-01 0.000000000000000000e+00 4.488409737495647756e-01 0.000000000000000000e+00 4.911229794520547420e-01 0.000000000000000000e+00 4.812769884714339641e-01 4.872111281512604974e-01 0.000000000000000000e+00 5.545700697674419422e-01 4.701697616418161196e-01 4.837951108620960894e-01 4.636933805611495041e-01 4.627756769345238164e-01 4.889448257661663244e-01 4.793608392857142131e-01 0.000000000000000000e+00 0.000000000000000000e+00 4.911363825136612626e-01 5.307985806451612776e-01 4.462457499999999966e-01 4.335659669421487172e-01 0.000000000000000000e+00 0.000000000000000000e+00
5.192678923104727673e-01 3.253359687112312160e-01 5.256012654666148975e-01 4.167646807200551806e-01 0.000000000000000000e+00 3.594373989075663189e-01 5.093326143441673226e-01 4.080533436748724485e-01 0.000000000000000000e+00 3.879846522246073737e-01 5.011754054657864277e-01 3.603877101507520497e-01 4.987958962835475907e-01 4.026239622411106334e-01 0.000000000000000000e+00 4.015085254359299638e-01 5.196756584111666966e-01 3.773852773577762720e-01 5.352704405616104388e-01 4.196240736086936374e-01 0.000000000000000000e+00 0.000000000000000000e+00 4.973156581496052664e-01 0.000000000000000000e+00 0.000000000000000000e+00 0.000000000000000000e+00 0.000000000000000000e+00 0.000000000000000000e+00 5.093719894081788491e-01 4.323957738655650473e-01 4.967511351351350801e-01 4.592428648648647638e-01 5.290865835878443280e-01 4.790245089797846023e-01 5.320022883435583383e-01 0.000000000000000000e+00 5.399787058498781711e-01 5.190383710541528473e-01 0.000000000000000000e+00 5.205086579449340611e-01 0.000000000000000000e+00 0.000000000000000000e+00 0.000000000000000000e+00 4.752189286667556356e-01 0.000000000000000000e+00 4.284504965925831077e-01 0.000000000000000000e+00 4.634465928116001665e-01 4.731794764021770017e-01 4.377978238143242495e-01 0.000000000000000000e+00 4.354725928468807239e-01 4.887067094594593764e-01 4.217580329485726698e-01 0.000000000000000000e+00 4.083077307743459006e-01 5.200396129557208758e-01 3.780192477307773857e-01 5.289361074200136237e-01 4.618925067934770978e-01 5.162754568439092973e-01 4.162961494401712925e-01 0.000000000000000000e+00 4.105536775410212336e-01 0.000000000000000000e+00 4.321286991826355783e-01 5.234826572240728337e-01 4.476453741606989944e-01 5.284692351463420312e-01 4.084920330073031902e-01 5.184250426024954450e-01 3.835997461258467967e-01 5.065491721822974469e-01 4.424424034075891132e-01 0.000000000000000000e+00 4.221562651515151643e-01 4.979198766545760435e-01 4.388409949462552251e-01 0.000000000000000000e+00 0.000000000000000000e+00 5.218349365079365532e-01 4.541188066605073570e-01 0.000000000000000000e+00 4.026233360655737670e-01 5.046379338842974516e-01 4.515828345766534357e-01 0.000000000000000000e+00 0.000000000000000000e+00 4.687931111111111604e-01 4.459366826205591328e-01 4.794194866918953801e-01 4.768683349646359315e-01 3.982092653061224397e-01 4.254453730328779382e-01 0.000000000000000000e+00 4.964027834468769385e-01 0.000000000000000000e+00 3.978710535714286012e-01 4.935731527777778016e-01 4.865625348349890689e-01 4.509428529411764197e-01 5.036988791666666687e-01 4.842983922477711034e-01 4.607166718013157580e-01 4.171682038834950701e-01 4.643830651989476754e-01 5.052329751182238482e-01 4.854051318718154984e-01 0.000000000000000000e+00 0.000000000000000000e+00 4.765479651307882869e-01 0.000000000000000000e+00 3.946619568965517577e-01 0.000000000000000000e+00 0.000000000000000000e+00 3.875203218390804172e-01
3.873123831046892396e-01 5.256012654666148975e-01 2.805575656232262016e-01 4.950237684322691400e-01 2.867845834038114661e-01 4.865959347082952080e-01 3.401955186529004305e-01 4.810230580399809108e-01 3.535501142412920128e-01 4.385345521397763791e-01 4.310957768526220701e-01 4.927511679872755845e-01 4.013906630900497818e-01 4.784937947177767548e-01 3.602731234271289718e-01 4.664445574046218179e-01 4.456163221821064502e-01 5.147728258603114782e-01 3.548879139921058967e-01 5.357894720304002822e-01 3.940503855499043473e-01 3.637226455696202509e-01 2.723864087944544154e-01 4.739522886995291562e-01 2.730698478234774296e-01 4.309303128195665633e-01 3.241850948500172858e-01 5.147719347826086311e-01 3.991542988936811476e-01 4.915147808657280848e-01 3.848661272722380122e-01 4.468589015743497095e-01 4.381906376098891331e-01 5.121375170098670937e-01 4.610178063862771514e-01 4.677487297297296953e-01 4.576108888891463056e-01 4.903973412409083354e-01 4.430842072344193250e-01 5.709290000000000198e-01 0.000000000000000000e+00 0.000000000000000000e+00 4.586940341337907290e-01 0.000000000000000000e+00 4.501920496566036989e-01 0.000000000000000000e+00 0.000000000000000000e+00 5.230581927083334248e-01 4.333131332931590141e-01 5.180563922062132454e-01 4.089019297371405681e-01 5.218052504797242586e-01 4.227780849627905124e-01 4.862736445863918844e-01 4.233011637987091902e-01 5.293836744186046772e-01 4.118324519661722971e-01 5.208786229300625958e-01 4.331020255846573797e-01 5.048176445082389607e-01 4.232327432478925067e-01 5.089030929084121802e-01 3.928712005253923722e-01 5.034301726495726825e-01 4.166442385915177238e-01 5.118478083333333206e-01 4.622266784995074373e-01 5.096865045834053642e-01 4.354966124630925139e-01 5.150961751737559435e-01 3.892308902966485906e-01 4.774319722345135020e-01 3.855456206175370548e-01 4.782529471963889445e-01 3.766020357722703049e-01 0.000000000000000000e+00 4.290688902708809649e-01 4.888859213523907288e-01 0.000000000000000000e+00 0.000000000000000000e+00 4.071211022923835188e-01 4.776937489889263588e-01 0.000000000000000000e+00 0.000000000000000000e+00 4.175184048890321908e-01 5.031313261673754367e-01 0.000000000000000000e+00 0.000000000000000000e+00 4.211066912442279486e-01 0.000000000000000000e+00 4.064267983534354256e-01 4.478259757582953027e-01 4.497876028368794077e-01 0.000000000000000000e+00 4.690490744199823370e-01 4.431121065115807278e-01 0.000000000000000000e+00 0.000000000000000000e+00 3.829880319999999783e-01 0.000000000000000000e+00 0.000000000000000000e+00 0.000000000000000000e+00 4.267636654568188748e-01 4.502802047789504769e-01 4.481228910411194644e-01 4.024265585585585780e-01 4.697960422365245470e-01 0.000000000000000000e+00 0.000000000000000000e+00 0.000000000000000000e+00 0.000000000000000000e+00 0.000000000000000000e+00 0.000000000000000000e+00 0.000000000000000000e+00 3.789650956521739000e-01 4.311390095238094577e-01
5.373773426089739624e-01 4.167646807200551806e-01 4.950237684322691400e-01 2.664797699777676221e-01 4.316822786136787493e-01 2.306714411766869754e-01 4.854282140835793902e-01 3.635232270072639715e-01 4.290691063912622227e-01 3.537556554720240887e-01 5.252205782170007442e-01 4.143193507712898405e-01 4.805046081859670193e-01 3.873912788050413170e-01 4.665360817773516189e-01 3.604535699398308535e-01 5.338625586330952855e-01 4.531765036007052716e-01 5.502434274192502528e-01 3.577126957605362700e-01 4.474539516129032446e-01 0.000000000000000000e+00 4.616523841526387617e-01 2.502820373478389926e-01 4.660418481104072752e-01 3.022342111425636579e-01 4.225374471288675937e-01 3.598295740562853506e-01 5.311665279428314790e-01 3.907774591434374223e-01 4.456419791665164887e-01 3.660671353589156074e-01 5.044408482695056373e-01 4.592915029432314000e-01 0.000000000000000000e+00 4.815112086934353330e-01 5.837532833333334281e-01 4.856366944830404209e-01 0.000000000000000000e+00 4.741147499902481077e-01 0.000000000000000000e+00 0.000000000000000000e+00 0.000000000000000000e+00 4.599987798583350385e-01 0.000000000000000000e+00 4.612293318328937741e-01 0.000000000000000000e+00 4.443531591942819770e-01 5.214386978417264729e-01 4.690074574978354005e-01 0.000000000000000000e+00 4.539728118686026659e-01 0.000000000000000000e+00 4.495626638270249775e-01 0.000000000000000000e+00 4.289833247834295982e-01 5.045198551660255992e-01 4.609884515310106456e-01 5.274489999999999457e-01 4.835731640125951469e-01 0.000000000000000000e+00 4.485758538013434049e-01 4.968176400000001158e-01 4.226205952964519064e-01 0.000000000000000000e+00 4.531548019021529594e-01 5.126192454659219688e-01 4.808107088833735721e-01 5.627354015090177963e-01 4.240927265280902692e-01 5.087481878839683613e-01 4.037404483177803871e-01 4.830636319643849541e-01 3.962388572056368963e-01 0.000000000000000000e+00 3.865772537313433288e-01 4.900379645968609421e-01 4.303247154317013656e-01 0.000000000000000000e+00 0.000000000000000000e+00 5.042403380360430676e-01 4.466908738775771104e-01 0.000000000000000000e+00 0.000000000000000000e+00 0.000000000000000000e+00 4.287538223006302496e-01 0.000000000000000000e+00 0.000000000000000000e+00 0.000000000000000000e+00 3.948973229654025863e-01 4.305816230625583163e-01 4.518830650531336923e-01 0.000000000000000000e+00 4.407864093773386505e-01 0.000000000000000000e+00 4.974404983374112743e-01 0.000000000000000000e+00 0.000000000000000000e+00 0.000000000000000000e+00 4.090878376068376454e-01 0.000000000000000000e+00 4.723260620155038114e-01 4.647413737705479164e-01 4.589706289641366510e-01 4.668203305785123547e-01 4.485181495229326742e-01 0.000000000000000000e+00 0.000000000000000000e+00 0.000000000000000000e+00 0.000000000000000000e+00 0.000000000000000000e+00 0.000000000000000000e+00 4.415730763888888744e-01 4.486575952380952303e-01 0.000000000000000000e+00 0.000000000000000000e+00
0.000000000000000000e+00 0.000000000000000000e+00 2.867845834038114661e-01 4.316822786136787493e-01 2.461569271014490690e-01 4.436370302523191533e-01 3.076025921391386531e-01 4.838836513090460922e-01 2.695642321410851028e-01 4.845713384740260032e-01 3.952967241379310992e-01 0.000000000000000000e+00 3.556354387958134966e-01 4.543381564840027198e-01 2.842648753563263853e-01 5.075582977227274251e-01 0.000000000000000000e+00 0.000000000000000000e+00 3.935482812864618540e-01 4.903895357142856737e-01 2.925225270527232468e-01 0.000000000000000000e+00 3.518828320702827028e-01 4.850087480518950334e-01 2.651168071099098689e-01 4.534544234785484740e-01 2.958202713196722011e-01 4.965189665611319803e-01 3.270611814380557369e-01 0.000000000000000000e+00 3.832211441212103331e-01 5.264853857582201258e-01 3.980157047079991295e-01 0.000000000000000000e+00 0.000000000000000000e+00 0.000000000000000000e+00 4.054248352272726841e-01 0.000000000000000000e+00 0.000000000000000000e+00 0.000000000000000000e+00 0.000000000000000000e+00 0.000000000000000000e+00 0.000000000000000000e+00 0.000000000000000000e+00 4.597974060606059843e-01 0.000000000000000000e+00 0.000000000000000000e+00 0.000000000000000000e+00 0.000000000000000000e+00 0.000000000000000000e+00 0.000000000000000000e+00 0.000000000000000000e+00 0.000000000000000000e+00 0.000000000000000000e+00 0.000000000000000000e+00 0.000000000000000000e+00 3.873721984623635928e-01 0.000000000000000000e+00 0.000000000000000000e+00 0.000000000000000000e+00 4.276347895595547510e-01 0.000000000000000000e+00 4.256742869644906668e-01 0.000000000000000000e+00 4.161636395322339532e-01 0.000000000000000000e+00 4.549246723981900664e-01 0.000000000000000000e+00 0.000000000000000000e+00 0.000000000000000000e+00 3.950085932507990116e-01 5.077784296766831851e-01 3.417922093434088704e-01 5.232739435472137934e-01 3.338202022536687630e-01 0.000000000000000000e+00 4.048417722547932862e-01 0.000000000000000000e+00 0.000000000000000000e+00 0.000000000000000000e+00 0.000000000000000000e+00 0.000000000000000000e+00 0.000000000000000000e+00 0.000000000000000000e+00 4.166525102133831759e-01 0.000000000000000000e+00 0.000000000000000000e+00 0.000000000000000000e+00 0.000000000000000000e+00 0.000000000000000000e+00 0.000000000000000000e+00 0.000000000000000000e+00 0.000000000000000000e+00 0.000000000000000000e+00 0.000000000000000000e+00 0.000000000000000000e+00 0.000000000000000000e+00 0.000000000000000000e+00 0.000000000000000000e+00 0.000000000000000000e+00 0.000000000000000000e+00 4.580797103448276397e-01 0.000000000000000000e+00 3.994555104895104458e-01 0.000000000000000000e+00 0.000000000000000000e+00 0.000000000000000000e+00 0.000000000000000000e+00 0.000000000000000000e+00 0.000000000000000000e+00 0.000000000000000000e+00 0.000000000000000000e+00 0.000000000000000000e+00 0.000000000000000000e+00 0.000000000000000000e+00 0.000000000000000000e+00
0.000000000000000000e+00 3.594373989075663189e-01 4.865959347082952080e-01 2.306714411766869754e-01 4.436370302523191533e-01 2.104817496459016335e-01 4.313366680571939504e-01 3.105478477216243594e-01 4.132410312500000016e-01 2.650366431088853059e-01 0.000000000000000000e+00 0.000000000000000000e+00 4.474658266482739455e-01 3.698676409420213473e-01 4.074848131868132328e-01 2.644693664652754128e-01 0.000000000000000000e+00 3.531499612403101174e-01 0.000000000000000000e+00 3.749511254324570109e-01 4.842424284471897322e-01 4.084813939233557512e-01 4.352562111087713292e-01 3.413394877203709266e-01 4.657156878235439446e-01 2.525320758946474342e-01 4.907181191496122752e-01 2.982761143857819430e-01 0.000000000000000000e+00 3.197653764000446541e-01 4.028722978545976052e-01 3.776942681521112677e-01 0.000000000000000000e+00 3.937355567681967705e-01 0.000000000000000000e+00 0.000000000000000000e+00 0.000000000000000000e+00 0.000000000000000000e+00 0.000000000000000000e+00 0.000000000000000000e+00 0.000000000000000000e+00 0.000000000000000000e+00 0.000000000000000000e+00 0.000000000000000000e+00 0.000000000000000000e+00 0.000000000000000000e+00 0.000000000000000000e+00 0.000000000000000000e+00 0.000000000000000000e+00 0.000000000000000000e+00 0.000000000000000000e+00 3.924176086956521758e-01 0.000000000000000000e+00 3.612447894736842691e-01 0.000000000000000000e+00 0.000000000000000000e+00 0.000000000000000000e+00 3.452278929894179726e-01 0.000000000000000000e+00 0.000000000000000000e+00 0.000000000000000000e+00 3.818204818965517666e-01 0.000000000000000000e+00 0.000000000000000000e+00 0.000000000000000000e+00 3.712897749463961450e-01 0.000000000000000000e+00 3.418041311475409350e-01 0.000000000000000000e+00 0.000000000000000000e+00 5.355087203700961140e-01 3.697002924215035957e-01 0.000000000000000000e+00 3.493996823407393704e-01 0.000000000000000000e+00 3.761288604651162881e-01 0.000000000000000000e+00 3.654790483306244453e-01 0.000000000000000000e+00 0.000000000000000000e+00 0.000000000000000000e+00 0.000000000000000000e+00 0.000000000000000000e+00 0.000000000000000000e+00 0.000000000000000000e+00 4.019352050682151734e-01 0.000000000000000000e+00 0.000000000000000000e+00 0.000000000000000000e+00 0.000000000000000000e+00 0.000000000000000000e+00 0.000000000000000000e+00 0.000000000000000000e+00 0.000000000000000000e+00 0.000000000000000000e+00 0.000000000000000000e+00 0.000000000000000000e+00 0.000000000000000000e+00 0.000000000000000000e+00 0.000000000000000000e+00 0.000000000000000000e+00 0.000000000000000000e+00 0.000000000000000000e+00 0.000000000000000000e+00 0.000000000000000000e+00 0.000000000000000000e+00 0.000000000000000000e+00 0.000000000000000000e+00 0.000000000000000000e+00 0.000000000000000000e+00 0.000000000000000000e+00 0.000000000000000000e+00 0.000000000000000000e+00 3.784242945736434049e-01 0.000000000000000000e+00 0.000000000000000000e+00
3.652745423096068755e-01 5.093326143441673226e-01 3.401955186529004305e-01 4.854282140835793902e-01 3.076025921391386531e-01 4.313366680571939504e-01 3.218917988932993857e-01 4.895451077947703955e-01 3.244549616180721907e-01 4.709510378136200215e-01 4.359005820259851949e-01 4.978195758549654459e-01 3.468103659340467382e-01 4.768985774680144507e-01 3.430962041564054599e-01 4.702186274797641730e-01 4.396110215460525827e-01 5.128459845842636700e-01 4.242990950622204105e-01 5.184165380684319091e-01 0.000000000000000000e+00 0.000000000000000000e+00 3.805486031498708233e-01 4.742841918000246793e-01 3.336704201989991736e-01 3.823148312499999868e-01 3.436130800000000152e-01 4.154751291542288505e-01 4.160282563096958097e-01 4.871358926440594872e-01 3.901852885165641438e-01 4.518446265159534181e-01 4.293987987806549556e-01 5.215104000014808561e-01 4.678457967758564706e-01 0.000000000000000000e+00 4.497986587657329394e-01 4.808624880178363203e-01 0.000000000000000000e+00 5.432812342342341339e-01 0.000000000000000000e+00 0.000000000000000000e+00 0.000000000000000000e+00 4.546768963730569713e-01 4.256775135267115706e-01 4.983586666666666720e-01 0.000000000000000000e+00 0.000000000000000000e+00 4.341237224202930678e-01 5.314204113475177182e-01 4.166964214279335610e-01 0.000000000000000000e+00 4.344269969226768335e-01 0.000000000000000000e+00 3.939839577464788745e-01 0.000000000000000000e+00 4.131915898552835364e-01 4.710092465142241558e-01 4.195988725334844349e-01 4.535407234042553304e-01 4.363255023919733744e-01 5.054942551724137534e-01 4.282596382874805374e-01 0.000000000000000000e+00 4.326189167642567335e-01 4.503568074534160526e-01 4.508879389718761788e-01 5.150847270704421721e-01 4.495802556735830624e-01 0.000000000000000000e+00 3.814603950284553013e-01 5.004281298392670996e-01 3.731411255972115759e-01 4.776086547912414826e-01 0.000000000000000000e+00 4.789251632653060975e-01 4.056761079404622161e-01 4.849619182729318911e-01 0.000000000000000000e+00 0.000000000000000000e+00 3.987957200152276727e-01 0.000000000000000000e+00 0.000000000000000000e+00 0.000000000000000000e+00 4.184844762650003491e-01 0.000000000000000000e+00 0.000000000000000000e+00 0.000000000000000000e+00 4.283794243060100593e-01 0.000000000000000000e+00 4.082253280361889392e-01 4.066563999999999734e-01 0.000000000000000000e+00 0.000000000000000000e+00 4.219517111111110164e-01 0.000000000000000000e+00 0.000000000000000000e+00 0.000000000000000000e+00 0.000000000000000000e+00 0.000000000000000000e+00 4.139151417910447717e-01 0.000000000000000000e+00 4.058703116966570490e-01 4.592239058823529008e-01 4.720114380952381561e-01 0.000000000000000000e+00 3.989773130434782211e-01 0.000000000000000000e+00 0.000000000000000000e+00 0.000000000000000000e+00 0.000000000000000000e+00 0.000000000000000000e+00 0.000000000000000000e+00 0.000000000000000000e+00 0.000000000000000000e+00 0.000000000000000000e+00
5.223367241908069003e-01 4.080533436748724485e-01 4.810230580399809108e-01 3.635232270072639715e-01 4.838836513090460922e-01 3.105478477216243594e-01 4.895451077947703955e-01 2.908640342935956968e-01 4.678345592807683362e-01 2.570067374896174983e-01 5.090473958322601078e-01 3.489765493764534487e-01 4.744915532776756151e-01 3.102954276025925440e-01 4.608412847522138645e-01 2.273035012865973481e-01 5.063217318804388301e-01 4.283943786315967395e-01 5.161603038614120953e-01 4.339430523481893620e-01 0.000000000000000000e+00 0.000000000000000000e+00 4.746559186103336270e-01 3.929547056032756669e-01 4.544365631589504795e-01 3.428711779116280778e-01 4.865356048553859392e-01 3.408552910937361347e-01 4.690137421658798766e-01 3.622754018399582110e-01 4.396946711836431931e-01 3.756166839057587525e-01 4.986838483841101732e-01 4.150956648126937210e-01 4.843890825688073609e-01 4.880750180419660134e-01 5.389365479497354450e-01 4.243921788206192480e-01 0.000000000000000000e+00 4.649659723404105383e-01 0.000000000000000000e+00 0.000000000000000000e+00 0.000000000000000000e+00 0.000000000000000000e+00 5.018423964497040757e-01 4.240880170400384563e-01 0.000000000000000000e+00 4.780713746565934397e-01 5.078173448275862256e-01 4.087589401029274039e-01 0.000000000000000000e+00 4.061522668855501172e-01 0.000000000000000000e+00 3.911697135643922296e-01 4.594440168539326019e-01 3.847425636951628536e-01 0.000000000000000000e+00 4.383523880686017171e-01 5.035826510067114015e-01 4.457438419016680475e-01 4.916567948717949221e-01 4.232859623235658564e-01 4.646453511450381879e-01 3.972791553695161348e-01 0.000000000000000000e+00 4.085926722526225241e-01 5.041617690118155304e-01 4.484494267827375813e-01 5.316645755089031145e-01 4.371911139240506339e-01 5.131475584274836077e-01 3.480184050588356892e-01 4.787103332962817648e-01 3.640278082941592608e-01 0.000000000000000000e+00 0.000000000000000000e+00 4.854232737251353846e-01 3.918370623422628984e-01 0.000000000000000000e+00 3.878334210526317438e-01 4.631918088235293940e-01 3.947502410919403459e-01 0.000000000000000000e+00 0.000000000000000000e+00 0.000000000000000000e+00 4.147940335361769981e-01 0.000000000000000000e+00 4.100711775147929394e-01 0.000000000000000000e+00 4.078420323098517208e-01 4.500778541987673353e-01 0.000000000000000000e+00 0.000000000000000000e+00 0.000000000000000000e+00 3.749568970000000112e-01 0.000000000000000000e+00 0.000000000000000000e+00 0.000000000000000000e+00 4.895832887840670944e-01 0.000000000000000000e+00 0.000000000000000000e+00 0.000000000000000000e+00 4.677554694986584827e-01 4.045167574616702066e-01 4.623390132450330148e-01 4.359057277450979484e-01 4.079845304878048085e-01 0.000000000000000000e+00 0.000000000000000000e+00 0.000000000000000000e+00 0.000000000000000000e+00 0.000000000000000000e+00 0.000000000000000000e+00 0.000000000000000000e+00 0.000000000000000000e+00 0.000000000000000000e+00
0.000000000000000000e+00 0.000000000000000000e+00 3.535501142412920128e-01 4.290691063912622227e-01 2.695642321410851028e-01 4.132410312500000016e-01 3.244549616180721907e-01 4.678345592807683362e-01 2.741415862816511950e-01 4.743424951096015807e-01 4.139393221636271103e-01 0.000000000000000000e+00 2.831803156179027448e-01 4.788319494906789764e-01 3.074613061841586226e-01 4.629181133870514109e-01 4.101785318531322999e-01 0.000000000000000000e+00 3.851037205882352765e-01 0.000000000000000000e+00 3.604602189039409210e-01 0.000000000000000000e+00 3.842703956185108405e-01 4.738735106966214805e-01 3.337121648172660660e-01 4.407634086125950534e-01 3.007043221865726701e-01 4.304649078947367369e-01 3.877657448223350012e-01 0.000000000000000000e+00 3.887991205710807918e-01 4.455061461171875847e-01 3.805085846485382617e-01 4.543013137254901523e-01 0.000000000000000000e+00 0.000000000000000000e+00 0.000000000000000000e+00 0.000000000000000000e+00 0.000000000000000000e+00 0.000000000000000000e+00 0.000000000000000000e+00 0.000000000000000000e+00 0.000000000000000000e+00 0.000000000000000000e+00 0.000000000000000000e+00 0.000000000000000000e+00 0.000000000000000000e+00 0.000000000000000000e+00 4.673296115702479381e-01 0.000000000000000000e+00 0.000000000000000000e+00 0.000000000000000000e+00 0.000000000000000000e+00 0.000000000000000000e+00 0.000000000000000000e+00 0.000000000000000000e+00 4.312963008321947234e-01 0.000000000000000000e+00 0.000000000000000000e+00 0.000000000000000000e+00 4.380835322851152625e-01 0.000000000000000000e+00 4.517422412818143940e-01 0.000000000000000000e+00 4.288166059392391483e-01 0.000000000000000000e+00 0.000000000000000000e+00 0.000000000000000000e+00 0.000000000000000000e+00 0.000000000000000000e+00 3.782533237200609300e-01 4.774169795401495553e-01 3.807630061580974945e-01 4.056495427637901163e-01 3.316153478152929490e-01 0.000000000000000000e+00 3.935495816082764664e-01 0.000000000000000000e+00 0.000000000000000000e+00 0.000000000000000000e+00 4.067486430778687323e-01 0.000000000000000000e+00 0.000000000000000000e+00 0.000000000000000000e+00 3.974545989579446048e-01 0.000000000000000000e+00 0.000000000000000000e+00 0.000000000000000000e+00 0.000000000000000000e+00 0.000000000000000000e+00 0.000000000000000000e+00 0.000000000000000000e+00 0.000000000000000000e+00 0.000000000000000000e+00 3.529916060606060335e-01 0.000000000000000000e+00 0.000000000000000000e+00 0.000000000000000000e+00 0.000000000000000000e+00 0.000000000000000000e+00 0.000000000000000000e+00 0.000000000000000000e+00 0.000000000000000000e+00 0.000000000000000000e+00 0.000000000000000000e+00 4.173075389644569366e-01 0.000000000000000000e+00 0.000000000000000000e+00 0.000000000000000000e+00 0.000000000000000000e+00 0.000000000000000000e+00 0.000000000000000000e+00 0.000000000000000000e+00 0.000000000000000000e+00 0.000000000000000000e+00 0.000000000000000000e+00
0.000000000000000000e+00 3.879846522246073737e-01 4.385345521397763791e-01 3.537556554720240887e-01 4.845713384740260032e-01 2.650366431088853059e-01 4.709510378136200215e-01 2.570067374896174983e-01 4.743424951096015807e-01 2.519963588127954734e-01 0.000000000000000000e+00 4.106861247770367540e-01 4.404654673822521738e-01 3.728426106421493524e-01 4.532190227963526219e-01 2.906564214243685940e-01 0.000000000000000000e+00 4.231538172478186977e-01 4.755065033557047127e-01 4.102256125000000031e-01 4.690738665737420598e-01 0.000000000000000000e+00 4.516044842544527649e-01 3.761561567877409473e-01 4.389498830675427898e-01 3.172519960788964255e-01 4.726816098459379334e-01 3.359295017240022663e-01 0.000000000000000000e+00 3.786604400558715722e-01 4.204094347685527477e-01 3.698096200914200993e-01 0.000000000000000000e+00 4.197367029982363995e-01 0.000000000000000000e+00 0.000000000000000000e+00 0.000000000000000000e+00 0.000000000000000000e+00 0.000000000000000000e+00 0.000000000000000000e+00 0.000000000000000000e+00 0.000000000000000000e+00 0.000000000000000000e+00 0.000000000000000000e+00 0.000000000000000000e+00 0.000000000000000000e+00 0.000000000000000000e+00 0.000000000000000000e+00 0.000000000000000000e+00 0.000000000000000000e+00 0.000000000000000000e+00 4.117895394736842407e-01 0.000000000000000000e+00 0.000000000000000000e+00 0.000000000000000000e+00 0.000000000000000000e+00 0.000000000000000000e+00 0.000000000000000000e+00 0.000000000000000000e+00 0.000000000000000000e+00 0.000000000000000000e+00 4.263876615319865393e-01 0.000000000000000000e+00 0.000000000000000000e+00 0.000000000000000000e+00 0.000000000000000000e+00 0.000000000000000000e+00 4.403536492183281470e-01 0.000000000000000000e+00 0.000000000000000000e+00 5.184329924211634744e-01 3.449193907897548650e-01 4.533524181818182064e-01 3.595728735494960193e-01 0.000000000000000000e+00 0.000000000000000000e+00 0.000000000000000000e+00 3.977353320057892549e-01 0.000000000000000000e+00 0.000000000000000000e+00 0.000000000000000000e+00 4.152684594497413895e-01 0.000000000000000000e+00 0.000000000000000000e+00 0.000000000000000000e+00 4.155289450043364030e-01 0.000000000000000000e+00 0.000000000000000000e+00 0.000000000000000000e+00 4.095581394393660313e-01 0.000000000000000000e+00 0.000000000000000000e+00 0.000000000000000000e+00 0.000000000000000000e+00 0.000000000000000000e+00 0.000000000000000000e+00 0.000000000000000000e+00 0.000000000000000000e+00 0.000000000000000000e+00 0.000000000000000000e+00 0.000000000000000000e+00 0.000000000000000000e+00 0.000000000000000000e+00 4.083658793103447926e-01 0.000000000000000000e+00 0.000000000000000000e+00 0.000000000000000000e+00 0.000000000000000000e+00 0.000000000000000000e+00 0.000000000000000000e+00 0.000000000000000000e+00 0.000000000000000000e+00 0.000000000000000000e+00 0.000000000000000000e+00 0.000000000000000000e+00 0.000000000000000000e+00
3.434311885331787773e-01 5.011754054657864277e-01 4.310957768526220701e-01 5.252205782170007442e-01 3.952967241379310992e-01 0.000000000000000000e+00 4.359005820259851949e-01 5.090473958322601078e-01 4.139393221636271103e-01 0.000000000000000000e+00 3.841769741773035651e-01 4.914813472155772911e-01 3.697120421472704921e-01 4.933487248506571166e-01 4.163060453506675640e-01 4.846070666666666416e-01 3.349727988142267576e-01 5.126195212103008547e-01 4.484413799954704571e-01 5.235575721090161005e-01 0.000000000000000000e+00 0.000000000000000000e+00 4.266935256133473908e-01 5.051798477287958722e-01 0.000000000000000000e+00 0.000000000000000000e+00 0.000000000000000000e+00 0.000000000000000000e+00 4.392976853762485256e-01 5.002194140845410697e-01 4.285534688699101924e-01 3.853884800000000332e-01 4.436694933599480972e-01 5.121057352641408267e-01 4.729686695446895794e-01 0.000000000000000000e+00 4.449733745375205607e-01 0.000000000000000000e+00 4.288001353383458225e-01 0.000000000000000000e+00 0.000000000000000000e+00 0.000000000000000000e+00 4.254808840579709650e-01 0.000000000000000000e+00 4.434298889664445298e-01 0.000000000000000000e+00 4.240350920245398170e-01 0.000000000000000000e+00 4.354470945229119150e-01 0.000000000000000000e+00 4.540622822670812297e-01 4.874414137931033508e-01 0.000000000000000000e+00 0.000000000000000000e+00 0.000000000000000000e+00 0.000000000000000000e+00 4.125535778563920730e-01 5.096997178168841680e-01 4.387027639382187205e-01 5.199038228755341606e-01 4.522156927980836572e-01 0.000000000000000000e+00 4.493223897910241793e-01 4.883193943224607425e-01 4.533730085121494002e-01 0.000000000000000000e+00 4.521395197227630613e-01 5.293667031250000043e-01 4.589461379162491084e-01 0.000000000000000000e+00 4.073815518003773839e-01 4.997934717160155138e-01 4.189096752810186342e-01 4.662640868789044157e-01 0.000000000000000000e+00 0.000000000000000000e+00 4.183843299272765881e-01 4.832636724447600951e-01 0.000000000000000000e+00 0.000000000000000000e+00 4.398341608145223125e-01 0.000000000000000000e+00 0.000000000000000000e+00 0.000000000000000000e+00 4.381289807195968833e-01 0.000000000000000000e+00 0.000000000000000000e+00 0.000000000000000000e+00 4.531800872269582947e-01 0.000000000000000000e+00 0.000000000000000000e+00 4.879107087505660800e-01 4.152070289855072094e-01 0.000000000000000000e+00 0.000000000000000000e+00 0.000000000000000000e+00 0.000000000000000000e+00 0.000000000000000000e+00 0.000000000000000000e+00 0.000000000000000000e+00 0.000000000000000000e+00 0.000000000000000000e+00 0.000000000000000000e+00 0.000000000000000000e+00 0.000000000000000000e+00 0.000000000000000000e+00 0.000000000000000000e+00 0.000000000000000000e+00 0.000000000000000000e+00 0.000000000000000000e+00 0.000000000000000000e+00 0.000000000000000000e+00 0.000000000000000000e+00 0.000000000000000000e+00 0.000000000000000000e+00 0.000000000000000000e+00
4.997159050605726183e-01 3.603877101507520497e-01 4.927511679872755845e-01 4.143193507712898405e-01 0.000000000000000000e+00 0.000000000000000000e+00 4.978195758549654459e-01 3.489765493764534487e-01 0.000000000000000000e+00 4.106861247770367540e-01 4.914813472155772911e-01 2.971605222105933031e-01 4.765203884875964802e-01 3.406819211394919722e-01 4.757471335072032126e-01 4.179392106985864164e-01 4.957712461625393696e-01 3.572239933004517920e-01 5.083673772397021562e-01 4.417229056200882020e-01 0.000000000000000000e+00 0.000000000000000000e+00 4.960147178097704668e-01 4.320529969036464024e-01 0.000000000000000000e+00 0.000000000000000000e+00 0.000000000000000000e+00 0.000000000000000000e+00 5.010298363297477353e-01 4.232730634474661247e-01 4.600978396985077046e-01 4.216968614776065993e-01 4.833089831786995805e-01 4.248907198710323296e-01 0.000000000000000000e+00 4.872091427614947956e-01 0.000000000000000000e+00 4.451709504561757735e-01 0.000000000000000000e+00 0.000000000000000000e+00 0.000000000000000000e+00 0.000000000000000000e+00 0.000000000000000000e+00 0.000000000000000000e+00 0.000000000000000000e+00 4.219095853965418863e-01 0.000000000000000000e+00 0.000000000000000000e+00 0.000000000000000000e+00 4.198098002109621474e-01 0.000000000000000000e+00 3.954838004045622135e-01 0.000000000000000000e+00 4.233981291913903600e-01 0.000000000000000000e+00 4.250393050404224216e-01 5.216632333333333094e-01 4.325925867792824175e-01 0.000000000000000000e+00 4.559425101184947926e-01 0.000000000000000000e+00 4.449204773691626258e-01 0.000000000000000000e+00 4.373662478963103450e-01 0.000000000000000000e+00 4.361654156366062685e-01 4.973496159999999944e-01 4.599884176086601051e-01 4.983696828458663575e-01 4.946283164556962708e-01 5.190056634613066100e-01 3.723827839736980061e-01 4.735056027867713957e-01 4.139983560012098218e-01 0.000000000000000000e+00 0.000000000000000000e+00 4.844871826780763890e-01 4.209143191489361224e-01 0.000000000000000000e+00 4.136730772436518766e-01 0.000000000000000000e+00 4.482187235015239191e-01 0.000000000000000000e+00 0.000000000000000000e+00 0.000000000000000000e+00 4.654934652522381144e-01 0.000000000000000000e+00 4.201710636942675436e-01 0.000000000000000000e+00 4.604780189548159930e-01 0.000000000000000000e+00 0.000000000000000000e+00 4.417632934188535643e-01 0.000000000000000000e+00 0.000000000000000000e+00 0.000000000000000000e+00 0.000000000000000000e+00 0.000000000000000000e+00 0.000000000000000000e+00 0.000000000000000000e+00 0.000000000000000000e+00 0.000000000000000000e+00 4.742126400000000186e-01 0.000000000000000000e+00 0.000000000000000000e+00 0.000000000000000000e+00 0.000000000000000000e+00 0.000000000000000000e+00 0.000000000000000000e+00 0.000000000000000000e+00 0.000000000000000000e+00 0.000000000000000000e+00 0.000000000000000000e+00 0.000000000000000000e+00 0.000000000000000000e+00 0.000000000000000000e+00
4.043621427312416583e-01 4.987958962835475907e-01 4.013906630900497818e-01 4.805046081859670193e-01 3.556354387958134966e-01 4.474658266482739455e-01 3.468103659340467382e-01 4.744915532776756151e-01 2.831803156179027448e-01 4.404654673822521738e-01 3.697120421472704921e-01 4.765203884875964802e-01 3.192798077624647846e-01 4.711686745660211839e-01 3.122802180982134912e-01 4.746536131712907336e-01 4.373681095035223398e-01 5.255224452554745351e-01 4.288034718924861322e-01 5.120373710756480623e-01 0.000000000000000000e+00 0.000000000000000000e+00 3.972496019679267465e-01 4.798812875314579784e-01 3.805046231725146555e-01 3.706095679012345601e-01 0.000000000000000000e+00 3.935929999999999707e-01 4.223388154312496257e-01 4.668009244211699937e-01 3.966966502481399370e-01 4.603021008311782292e-01 4.230333495618042172e-01 5.072368761936020265e-01 4.615065788689588500e-01 0.000000000000000000e+00 4.489250796948046629e-01 4.337505112781955274e-01 4.477558686634759422e-01 0.000000000000000000e+00 0.000000000000000000e+00 0.000000000000000000e+00 0.000000000000000000e+00 0.000000000000000000e+00 0.000000000000000000e+00 0.000000000000000000e+00 0.000000000000000000e+00 0.000000000000000000e+00 4.518153635023585135e-01 5.131170342465752876e-01 4.445811702013319766e-01 5.057781534090909359e-01 0.000000000000000000e+00 4.695772459016391842e-01 0.000000000000000000e+00 0.000000000000000000e+00 4.224731609279263611e-01 4.838859136455187504e-01 4.491642450711412771e-01 0.000000000000000000e+00 4.623390264520234605e-01 5.268396048387096187e-01 4.549030940333732564e-01 4.802720262237762938e-01 4.506160336751229845e-01 4.985193298429320130e-01 4.348479090941153591e-01 0.000000000000000000e+00 4.151782805028314538e-01 0.000000000000000000e+00 3.735471341834101233e-01 4.755368783806351862e-01 4.091363093122159511e-01 4.720322981428310416e-01 4.096544773541436757e-01 0.000000000000000000e+00 4.240373330526108209e-01 4.726427791057942196e-01 0.000000000000000000e+00 0.000000000000000000e+00 4.282624836175691341e-01 5.031874611398964303e-01 4.146444509803921541e-01 0.000000000000000000e+00 4.300703296037844403e-01 0.000000000000000000e+00 0.000000000000000000e+00 0.000000000000000000e+00 4.384986828564191863e-01 0.000000000000000000e+00 4.118343254242683438e-01 0.000000000000000000e+00 0.000000000000000000e+00 0.000000000000000000e+00 4.350418105263157975e-01 4.263835510204082024e-01 0.000000000000000000e+00 0.000000000000000000e+00 0.000000000000000000e+00 0.000000000000000000e+00 0.000000000000000000e+00 0.000000000000000000e+00 4.411856347890318886e-01 4.316211102362205176e-01 0.000000000000000000e+00 4.621265462962962922e-01 0.000000000000000000e+00 0.000000000000000000e+00 0.000000000000000000e+00 0.000000000000000000e+00 0.000000000000000000e+00 0.000000000000000000e+00 4.460834366197183321e-01 0.000000000000000000e+00 0.000000000000000000e+00 4.365100740740740504e-01
