3.029459081895643502e-01 5.105051461848442163e-01 3.452604404042401987e-01 5.171639515622838967e-01 3.175419563351522534e-01 0.000000000000000000e+00 3.268064521721375515e-01 4.967372231904099156e-01 3.563675038469034106e-01 0.000000000000000000e+00 3.299850693711231520e-01 4.784265610325978968e-01 3.576167631862769980e-01 5.045878302806634519e-01 3.240377323515037933e-01 0.000000000000000000e+00 3.409003148453840781e-01 4.979821998567230401e-01 3.865403592566312718e-01 5.213958662188815651e-01 4.443765826771653438e-01 0.000000000000000000e+00 3.917768353653751645e-01 4.980913681268767657e-01 0.000000000000000000e+00 0.000000000000000000e+00 0.000000000000000000e+00 0.000000000000000000e+00 3.727829079576909233e-01 5.104284756484824825e-01 4.468635190802335289e-01 4.216909999999999825e-01 4.846962749436253826e-01 5.036269946701333877e-01 3.936253160307601195e-01 0.000000000000000000e+00 4.428677860457471138e-01 5.373741999999999130e-01 4.545856928120351470e-01 0.000000000000000000e+00 4.011171046824229536e-01 0.000000000000000000e+00 3.821412035162949916e-01 0.000000000000000000e+00 0.000000000000000000e+00 0.000000000000000000e+00 0.000000000000000000e+00 0.000000000000000000e+00 3.814841325803934868e-01 5.120703983050847174e-01 4.011611623210551980e-01 0.000000000000000000e+00 3.952697552351595034e-01 0.000000000000000000e+00 4.068969926694553929e-01 0.000000000000000000e+00 3.173866571385797197e-01 4.938783582946408290e-01 3.781279720991704840e-01 4.800828076677132739e-01 3.563427289313071400e-01 4.415220688996904230e-01 3.835874336966241804e-01 0.000000000000000000e+00 3.920074695591319602e-01 4.628108376539784574e-01 3.914532420864660911e-01 4.964639413597601858e-01 3.781503893366798819e-01 4.921734565970927178e-01 3.545214285744850424e-01 5.130992702548795581e-01 3.485046627005923825e-01 4.823800722269502295e-01 0.000000000000000000e+00 0.000000000000000000e+00 3.781502276820834507e-01 4.895659465561165158e-01 3.738929636752137409e-01 0.000000000000000000e+00 4.115133323459573278e-01 4.478676059192494563e-01 0.000000000000000000e+00 0.000000000000000000e+00 4.241573091526695261e-01 4.951161259259259095e-01 4.142103819929190966e-01 4.518751168259814710e-01 4.279899025709304472e-01 4.752590720321974160e-01 4.137901861539267645e-01 4.178563411601426969e-01 4.062168303956450455e-01 4.116951206648474804e-01 4.218323881028718803e-01 4.274682461775189957e-01 0.000000000000000000e+00 0.000000000000000000e+00 4.331664166666667204e-01 4.017724224137931288e-01 4.231654438379861549e-01 0.000000000000000000e+00 4.170996656393117230e-01 0.000000000000000000e+00 4.321598798692693477e-01 4.123621682242989972e-01 0.000000000000000000e+00 0.000000000000000000e+00 3.985312471910112397e-01 0.000000000000000000e+00 0.000000000000000000e+00 4.175218224299065417e-01 0.000000000000000000e+00 4.150831650485437008e-01 0.000000000000000000e+00 0.000000000000000000e+00
5.105051461848442163e-01 3.117908248907989011e-01 5.141517749694244355e-01 3.371829039648922555e-01 0.000000000000000000e+00 3.066000498281962749e-01 4.730248163838475794e-01 3.671744867881572838e-01 0.000000000000000000e+00 3.321073576713555742e-01 0.000000000000000000e+00 3.283465824626581320e-01 0.000000000000000000e+00 3.672518383614810644e-01 0.000000000000000000e+00 3.516143924409410038e-01 4.952580596157953319e-01 3.495493322551664894e-01 5.160889634912986246e-01 3.407289463165545373e-01 0.000000000000000000e+00 0.000000000000000000e+00 4.720788132189992492e-01 4.177043983146008221e-01 0.000000000000000000e+00 0.000000000000000000e+00 0.000000000000000000e+00 0.000000000000000000e+00 4.814557912672433604e-01 4.032726016523986989e-01 4.687849030257023597e-01 0.000000000000000000e+00 5.148108421150916492e-01 4.960310239978437674e-01 0.000000000000000000e+00 3.792793838383837768e-01 0.000000000000000000e+00 4.980741053380737249e-01 5.303067428571428543e-01 3.912952131944444356e-01 0.000000000000000000e+00 4.453999350947387414e-01 0.000000000000000000e+00 3.649728420072163582e-01 0.000000000000000000e+00 4.122845408129874878e-01 0.000000000000000000e+00 4.312342269230769465e-01 0.000000000000000000e+00 4.053329761933841535e-01 4.938557131782945753e-01 4.044381938535527299e-01 0.000000000000000000e+00 4.038699460998061985e-01 0.000000000000000000e+00 3.977111496427376269e-01 5.106911194338327187e-01 3.487627061266554418e-01 5.277209509192106740e-01 4.036138092319079274e-01 4.742348551401869283e-01 3.904535859174392276e-01 4.799136000000000513e-01 3.860369890026925099e-01 4.971814144230769505e-01 4.016189875710177715e-01 4.804726275667301483e-01 3.726343019104351728e-01 5.277800380782516898e-01 3.284064129767720885e-01 4.960173144739840057e-01 3.704568513299923427e-01 4.642993089242057891e-01 3.876610417741185866e-01 0.000000000000000000e+00 3.912857389025666266e-01 4.795053123189481070e-01 3.852956058999353339e-01 0.000000000000000000e+00 4.178114386080992726e-01 4.547384222222221606e-01 4.257122645155936858e-01 0.000000000000000000e+00 0.000000000000000000e+00 4.653133452699297901e-01 4.293161146328570710e-01 0.000000000000000000e+00 4.323033130637500276e-01 4.727479966666666700e-01 4.204860866986763202e-01 4.489620714285714742e-01 4.259231997952689364e-01 4.370844920831271629e-01 4.078243757382870038e-01 4.367999623298676193e-01 4.256067633045655385e-01 4.385859108041637588e-01 0.000000000000000000e+00 0.000000000000000000e+00 3.988042380504717710e-01 0.000000000000000000e+00 0.000000000000000000e+00 4.680263623188405386e-01 4.168306612903225350e-01 4.474807577983441753e-01 4.367770402651143247e-01 0.000000000000000000e+00 4.625898909090908062e-01 4.297173124914623332e-01 0.000000000000000000e+00 0.000000000000000000e+00 0.000000000000000000e+00 3.611291465517241228e-01 0.000000000000000000e+00 0.000000000000000000e+00 4.642338585858585276e-01
3.452604404042401987e-01 5.141517749694244355e-01 2.618029561295386887e-01 4.405196337334004730e-01 1.972013150862867992e-01 4.275468505541871744e-01 3.035609648373521208e-01 4.473693697039275996e-01 2.413301113630576533e-01 4.096181749085048285e-01 3.643015424164706140e-01 4.598428358823496986e-01 3.389658137238213409e-01 4.319863732685375046e-01 3.055808261931902137e-01 4.315583810296617640e-01 3.845206440203885467e-01 4.889246516645638918e-01 2.873287940662763718e-01 5.163773925610646298e-01 3.339893695778013427e-01 0.000000000000000000e+00 2.660188650340261085e-01 4.365859567740263958e-01 2.312576483382275394e-01 4.094198751078331755e-01 2.826905862068965214e-01 3.847457428571428584e-01 3.315810277375090820e-01 4.660174722895796262e-01 3.956597034810841462e-01 4.248137707304259769e-01 4.049510431790121490e-01 4.812250396975050748e-01 4.589750557807278919e-01 0.000000000000000000e+00 4.349997975486394886e-01 5.224069268108584296e-01 4.148421619870188981e-01 0.000000000000000000e+00 3.803037619047618945e-01 0.000000000000000000e+00 4.183961022009646258e-01 0.000000000000000000e+00 3.947811032261970277e-01 0.000000000000000000e+00 4.130152736842104821e-01 0.000000000000000000e+00 4.046132728526604105e-01 3.952459803921568038e-01 4.041757662789569605e-01 0.000000000000000000e+00 4.041281294342342623e-01 0.000000000000000000e+00 3.941706472230238067e-01 0.000000000000000000e+00 3.846226741443092290e-01 4.746214412467928967e-01 3.826885382438904304e-01 4.797758099173553559e-01 3.663972381618667562e-01 4.143049632352940881e-01 3.978885544371561500e-01 4.549250076923077590e-01 3.818577091048566685e-01 4.223380519480519069e-01 4.206089771420270518e-01 4.357944401159884462e-01 3.967182172211435320e-01 4.791761890822096026e-01 3.466788882889573209e-01 4.878596187990469901e-01 3.438750612478542190e-01 4.456298863751055883e-01 0.000000000000000000e+00 0.000000000000000000e+00 3.831111031356993490e-01 4.413405895860601502e-01 3.746727857142857498e-01 0.000000000000000000e+00 3.619564442649139679e-01 4.795621249999999502e-01 0.000000000000000000e+00 0.000000000000000000e+00 3.871238497666818490e-01 0.000000000000000000e+00 3.812250927152317503e-01 0.000000000000000000e+00 3.775803192735750491e-01 0.000000000000000000e+00 3.852410526663881951e-01 0.000000000000000000e+00 3.981268754134511534e-01 0.000000000000000000e+00 4.097335950230925339e-01 4.040775885567158277e-01 0.000000000000000000e+00 0.000000000000000000e+00 0.000000000000000000e+00 4.125241000000000047e-01 0.000000000000000000e+00 0.000000000000000000e+00 4.085506065573770718e-01 0.000000000000000000e+00 4.088787468553459203e-01 3.955368715596330742e-01 0.000000000000000000e+00 0.000000000000000000e+00 0.000000000000000000e+00 0.000000000000000000e+00 0.000000000000000000e+00 0.000000000000000000e+00 0.000000000000000000e+00 3.935534017857142963e-01 3.891249494949494681e-01 0.000000000000000000e+00
5.171639515622838967e-01 3.371829039648922555e-01 4.405196337334004730e-01 2.839124343445995624e-01 4.275255569620253215e-01 2.315585486142621718e-01 4.547785575619627818e-01 3.025963880123004324e-01 4.350997525140699040e-01 2.780793610409648675e-01 4.620707874529528802e-01 3.597648672222675814e-01 4.391449784143657276e-01 3.419474395057419125e-01 3.990509402923918536e-01 2.885851905961236974e-01 4.808337547536465362e-01 3.928954504949115356e-01 5.129193214628469111e-01 3.167374415708782975e-01 4.025869672131147659e-01 0.000000000000000000e+00 4.411700384484931181e-01 2.738669274009354893e-01 3.798798380550321152e-01 3.293181666427880683e-01 4.436978444444444336e-01 3.343630895799802882e-01 4.550929678018656999e-01 3.474624519338286310e-01 4.101909368387707810e-01 3.723591369111103333e-01 5.078417160370573002e-01 4.042817608698418552e-01 0.000000000000000000e+00 4.855938038068535190e-01 0.000000000000000000e+00 4.834314061577410504e-01 0.000000000000000000e+00 0.000000000000000000e+00 0.000000000000000000e+00 0.000000000000000000e+00 0.000000000000000000e+00 4.123485140622198952e-01 0.000000000000000000e+00 3.800697438806545092e-01 0.000000000000000000e+00 3.679110251559014055e-01 0.000000000000000000e+00 3.810018771962922490e-01 4.742144315068493321e-01 3.923068356754725317e-01 0.000000000000000000e+00 3.580727695098730456e-01 0.000000000000000000e+00 3.591320376467022624e-01 5.205557173489618883e-01 4.042230440419199433e-01 4.841837422153604242e-01 4.169876334611929969e-01 4.768736033628412363e-01 3.888148646041527101e-01 4.610896763457431047e-01 3.786876524225064045e-01 5.019091391304347782e-01 3.972253605545176813e-01 4.861012549005017114e-01 4.281111438028876170e-01 5.316249313769372264e-01 3.819145557630683196e-01 4.823994808101572662e-01 3.645591382658441848e-01 4.271017596179216835e-01 3.628981752515846870e-01 0.000000000000000000e+00 3.552177603586889609e-01 4.556809982659638658e-01 3.867460963048465206e-01 0.000000000000000000e+00 3.958041287396635854e-01 0.000000000000000000e+00 4.039911233039374938e-01 0.000000000000000000e+00 2.950370869565216991e-01 4.634851136470651833e-01 3.941142444018891355e-01 0.000000000000000000e+00 0.000000000000000000e+00 4.162456491228070932e-01 3.774705546810144807e-01 4.375145034000328392e-01 4.175526746089637253e-01 4.068575461538461724e-01 0.000000000000000000e+00 4.115728329509636962e-01 4.118013274235957644e-01 0.000000000000000000e+00 0.000000000000000000e+00 4.846606390977443168e-01 3.490226500000000454e-01 3.660466901408450657e-01 0.000000000000000000e+00 4.223303340925306237e-01 4.450560797793664536e-01 4.326692285714285324e-01 4.672407385507534316e-01 0.000000000000000000e+00 0.000000000000000000e+00 3.833318313253011866e-01 0.000000000000000000e+00 3.933086239316238575e-01 4.068398536423841194e-01 0.000000000000000000e+00 0.000000000000000000e+00 4.113140495049505962e-01 0.000000000000000000e+00
3.175419563351522534e-01 0.000000000000000000e+00 1.972013150862867992e-01 4.275255569620253215e-01 2.334850237151715746e-01 4.131758770861079788e-01 2.715086774425978788e-01 4.131822975358893646e-01 2.423575281811436721e-01 4.091742744802975840e-01 0.000000000000000000e+00 0.000000000000000000e+00 3.588878164473684462e-01 4.369588987341772590e-01 2.713546991721159651e-01 4.254071578947368759e-01 3.281608787878788069e-01 0.000000000000000000e+00 0.000000000000000000e+00 0.000000000000000000e+00 3.018038989069647404e-01 3.721985766965429376e-01 1.367351914375487532e-01 4.236994765088687442e-01 2.350556133482464838e-01 4.252215368248137284e-01 2.565862150507415285e-01 4.386043929353233839e-01 3.024002467465798372e-01 4.069177064220182993e-01 3.354813789381602129e-01 3.998227100238986864e-01 0.000000000000000000e+00 0.000000000000000000e+00 0.000000000000000000e+00 0.000000000000000000e+00 4.212022121951219944e-01 0.000000000000000000e+00 0.000000000000000000e+00 0.000000000000000000e+00 0.000000000000000000e+00 0.000000000000000000e+00 0.000000000000000000e+00 0.000000000000000000e+00 0.000000000000000000e+00 0.000000000000000000e+00 0.000000000000000000e+00 0.000000000000000000e+00 0.000000000000000000e+00 0.000000000000000000e+00 3.900149622641509994e-01 0.000000000000000000e+00 0.000000000000000000e+00 0.000000000000000000e+00 3.636792094240837714e-01 0.000000000000000000e+00 0.000000000000000000e+00 0.000000000000000000e+00 3.561089044776119539e-01 0.000000000000000000e+00 0.000000000000000000e+00 0.000000000000000000e+00 0.000000000000000000e+00 0.000000000000000000e+00 0.000000000000000000e+00 0.000000000000000000e+00 0.000000000000000000e+00 4.564034274809160019e-01 0.000000000000000000e+00 0.000000000000000000e+00 2.841872186112665566e-01 3.938350724147083870e-01 3.010012223814835242e-01 3.718736521739130496e-01 0.000000000000000000e+00 0.000000000000000000e+00 3.426121614338137888e-01 0.000000000000000000e+00 0.000000000000000000e+00 0.000000000000000000e+00 0.000000000000000000e+00 0.000000000000000000e+00 0.000000000000000000e+00 0.000000000000000000e+00 4.018580709441921250e-01 0.000000000000000000e+00 0.000000000000000000e+00 0.000000000000000000e+00 3.885079911469344616e-01 0.000000000000000000e+00 3.942485474452554484e-01 0.000000000000000000e+00 0.000000000000000000e+00 0.000000000000000000e+00 0.000000000000000000e+00 0.000000000000000000e+00 0.000000000000000000e+00 0.000000000000000000e+00 0.000000000000000000e+00 0.000000000000000000e+00 0.000000000000000000e+00 0.000000000000000000e+00 0.000000000000000000e+00 0.000000000000000000e+00 0.000000000000000000e+00 0.000000000000000000e+00 0.000000000000000000e+00 0.000000000000000000e+00 0.000000000000000000e+00 0.000000000000000000e+00 0.000000000000000000e+00 0.000000000000000000e+00 0.000000000000000000e+00 0.000000000000000000e+00 0.000000000000000000e+00 0.000000000000000000e+00
0.000000000000000000e+00 3.066000498281962749e-01 4.275468505541871744e-01 2.315585486142621718e-01 4.131758770861079788e-01 1.813478982796920824e-01 4.308685268317853367e-01 2.270872907095293214e-01 4.100873103838614808e-01 1.893632120296303567e-01 0.000000000000000000e+00 3.264657346938775739e-01 0.000000000000000000e+00 2.883670698750415151e-01 4.150018258276992889e-01 2.609581088012074557e-01 0.000000000000000000e+00 0.000000000000000000e+00 0.000000000000000000e+00 3.271979354838709386e-01 3.759666913693520685e-01 2.834300347152290400e-01 4.216640645881240546e-01 2.056247323932471338e-01 4.002439952448392790e-01 2.231283257218236449e-01 4.168763513786343800e-01 2.414761513045899921e-01 0.000000000000000000e+00 3.174808361267543733e-01 3.818547769100069100e-01 3.414005042037319138e-01 0.000000000000000000e+00 3.828340039854616350e-01 0.000000000000000000e+00 4.676828876404494073e-01 0.000000000000000000e+00 3.743028846153845790e-01 0.000000000000000000e+00 0.000000000000000000e+00 0.000000000000000000e+00 0.000000000000000000e+00 0.000000000000000000e+00 0.000000000000000000e+00 0.000000000000000000e+00 0.000000000000000000e+00 0.000000000000000000e+00 0.000000000000000000e+00 0.000000000000000000e+00 3.740364513144202041e-01 0.000000000000000000e+00 3.035688744680851148e-01 0.000000000000000000e+00 0.000000000000000000e+00 0.000000000000000000e+00 0.000000000000000000e+00 0.000000000000000000e+00 0.000000000000000000e+00 0.000000000000000000e+00 3.446307589649211245e-01 0.000000000000000000e+00 0.000000000000000000e+00 0.000000000000000000e+00 0.000000000000000000e+00 0.000000000000000000e+00 0.000000000000000000e+00 0.000000000000000000e+00 4.547481479457252118e-01 0.000000000000000000e+00 0.000000000000000000e+00 4.297414894627925031e-01 3.213461928774984377e-01 0.000000000000000000e+00 3.201819305786831049e-01 0.000000000000000000e+00 0.000000000000000000e+00 0.000000000000000000e+00 3.257652272986865105e-01 0.000000000000000000e+00 0.000000000000000000e+00 0.000000000000000000e+00 3.449360309274256964e-01 0.000000000000000000e+00 0.000000000000000000e+00 0.000000000000000000e+00 0.000000000000000000e+00 0.000000000000000000e+00 0.000000000000000000e+00 0.000000000000000000e+00 3.336563058848163732e-01 0.000000000000000000e+00 0.000000000000000000e+00 0.000000000000000000e+00 0.000000000000000000e+00 0.000000000000000000e+00 0.000000000000000000e+00 3.799363284671532504e-01 0.000000000000000000e+00 0.000000000000000000e+00 0.000000000000000000e+00 0.000000000000000000e+00 0.000000000000000000e+00 0.000000000000000000e+00 0.000000000000000000e+00 0.000000000000000000e+00 0.000000000000000000e+00 0.000000000000000000e+00 0.000000000000000000e+00 0.000000000000000000e+00 0.000000000000000000e+00 0.000000000000000000e+00 0.000000000000000000e+00 0.000000000000000000e+00 0.000000000000000000e+00 0.000000000000000000e+00 0.000000000000000000e+00
3.268064521721375515e-01 4.730248163838475794e-01 3.035609648373521208e-01 4.547785575619627818e-01 2.715086774425978788e-01 4.308685268317853367e-01 2.858312781069911046e-01 4.483740779343032279e-01 2.920245626496336122e-01 4.096506027539729144e-01 3.808093668904869999e-01 4.549333867766309214e-01 2.897421560237957716e-01 4.337648521489734788e-01 3.085169321684934074e-01 4.301711690749863704e-01 3.640606377950959538e-01 4.605327218092907793e-01 3.653208667149747124e-01 4.895522824148045293e-01 0.000000000000000000e+00 0.000000000000000000e+00 3.410291697606154249e-01 4.445554461119669010e-01 2.453696097560975342e-01 4.536641447368421343e-01 0.000000000000000000e+00 0.000000000000000000e+00 3.248108775446952312e-01 4.577829183531365032e-01 4.002344501326662307e-01 4.285550407606588674e-01 3.722806666695627209e-01 4.758784991407091214e-01 4.710440112359550180e-01 0.000000000000000000e+00 4.199074012781690568e-01 0.000000000000000000e+00 3.962194318106326274e-01 0.000000000000000000e+00 3.679416491935484368e-01 0.000000000000000000e+00 4.077238754726159597e-01 0.000000000000000000e+00 3.705467936653430994e-01 0.000000000000000000e+00 4.046075024875622206e-01 4.598693735632183310e-01 3.695313174983219651e-01 4.158799272727272678e-01 3.875335121289389395e-01 0.000000000000000000e+00 3.942575115666878127e-01 0.000000000000000000e+00 3.796025415737190323e-01 0.000000000000000000e+00 3.742220643326096274e-01 4.610960791005363490e-01 3.682957394101171178e-01 0.000000000000000000e+00 3.693264698356190645e-01 4.528407250272662998e-01 4.023657357774629850e-01 4.780502728017883562e-01 3.855910711474988539e-01 4.331300463576158721e-01 4.048052010122166200e-01 4.850951009713417306e-01 4.381918132509826092e-01 0.000000000000000000e+00 3.222771170971633348e-01 4.918052447918292436e-01 3.287354709178157419e-01 4.475279148842356558e-01 0.000000000000000000e+00 0.000000000000000000e+00 3.591786787886241950e-01 4.419718820104819312e-01 3.630791565615971717e-01 0.000000000000000000e+00 3.762575897722903462e-01 4.294882462686567259e-01 3.599497039473684157e-01 0.000000000000000000e+00 3.986932454333016462e-01 0.000000000000000000e+00 3.741055920005526558e-01 0.000000000000000000e+00 3.937550542071739379e-01 4.577268638743455798e-01 0.000000000000000000e+00 3.900028235294117906e-01 3.789241852269635280e-01 3.991983556585678161e-01 4.048598171803517998e-01 4.086259120879121021e-01 0.000000000000000000e+00 0.000000000000000000e+00 0.000000000000000000e+00 0.000000000000000000e+00 3.983761983471074131e-01 0.000000000000000000e+00 4.275381290322580741e-01 0.000000000000000000e+00 4.180621361899621857e-01 4.017568019801980306e-01 4.206975333333333178e-01 0.000000000000000000e+00 0.000000000000000000e+00 0.000000000000000000e+00 0.000000000000000000e+00 0.000000000000000000e+00 0.000000000000000000e+00 0.000000000000000000e+00 3.876285686274510422e-01 0.000000000000000000e+00
4.967372231904099156e-01 3.671744867881572838e-01 4.473693697039275996e-01 3.025963880123004324e-01 4.131822975358893646e-01 2.270872907095293214e-01 4.483740779343032279e-01 2.706541547355804100e-01 4.307846653553553673e-01 2.509704343010218941e-01 4.631221397394787997e-01 3.025949928274813128e-01 4.339941101424699688e-01 2.761309130971160708e-01 4.198755628646715365e-01 2.884436663691680169e-01 4.810243328828895937e-01 3.882687037639106498e-01 4.913086157967082590e-01 3.756056242572246018e-01 0.000000000000000000e+00 0.000000000000000000e+00 4.427287350017307666e-01 3.453335360794344000e-01 4.115197710774845530e-01 3.679610537634407930e-01 0.000000000000000000e+00 3.489832215099715196e-01 4.588090267061304406e-01 3.426249280682256981e-01 4.216934969693787449e-01 3.734070027289051463e-01 4.917552949367057225e-01 3.779356207286354574e-01 4.142746134453781370e-01 3.851914052825833878e-01 4.992680099251384229e-01 4.475400657057703735e-01 4.568860642201835187e-01 3.698042231730487850e-01 0.000000000000000000e+00 3.729043988095237516e-01 0.000000000000000000e+00 3.909626228363493050e-01 0.000000000000000000e+00 3.774237740966274179e-01 0.000000000000000000e+00 3.461048846153846337e-01 0.000000000000000000e+00 3.645822996161698359e-01 0.000000000000000000e+00 3.593262497221579865e-01 0.000000000000000000e+00 3.621416027678905913e-01 4.252740932642486982e-01 3.667124846122328252e-01 4.865390207734573425e-01 4.010330045285535050e-01 0.000000000000000000e+00 3.847046943268222496e-01 4.602378545261532894e-01 3.753791222330462030e-01 0.000000000000000000e+00 3.881574589046575818e-01 4.129518917197452788e-01 3.884530435318582775e-01 4.407289409868715424e-01 4.017059837690885593e-01 4.386783142685128922e-01 3.826812564873254829e-01 4.795694448276566213e-01 3.187011024234990830e-01 4.370142236485427545e-01 3.523906377374318999e-01 4.058384666666667306e-01 3.222663437500000172e-01 4.493520734136086103e-01 3.797035889423991950e-01 4.578472465753424814e-01 3.990670911962365675e-01 0.000000000000000000e+00 4.117840829991959994e-01 0.000000000000000000e+00 3.707439319727891536e-01 4.634101306532663056e-01 4.070553797950204888e-01 0.000000000000000000e+00 4.128186667741912674e-01 0.000000000000000000e+00 3.808742157993161292e-01 4.254917598330228423e-01 3.945467790396174901e-01 4.299984534883720677e-01 4.100248491985006294e-01 4.091043856909633014e-01 4.017367830655179661e-01 0.000000000000000000e+00 0.000000000000000000e+00 0.000000000000000000e+00 4.104515723954060280e-01 0.000000000000000000e+00 0.000000000000000000e+00 3.999392321468672740e-01 4.035743268253968452e-01 4.234659576767529354e-01 3.994864285714285201e-01 0.000000000000000000e+00 0.000000000000000000e+00 0.000000000000000000e+00 0.000000000000000000e+00 0.000000000000000000e+00 0.000000000000000000e+00 0.000000000000000000e+00 0.000000000000000000e+00 3.459528958333333293e-01 4.467790769230769454e-01
3.563675038469034106e-01 0.000000000000000000e+00 2.413301113630576533e-01 4.350997525140699040e-01 2.423575281811436721e-01 4.100873103838614808e-01 2.920245626496336122e-01 4.307846653553553673e-01 2.272224235819086946e-01 4.035731765437715057e-01 3.299238466476834830e-01 0.000000000000000000e+00 2.612401491643484008e-01 0.000000000000000000e+00 2.514904658898444167e-01 4.247913607427055149e-01 3.670577058823529804e-01 0.000000000000000000e+00 0.000000000000000000e+00 0.000000000000000000e+00 3.182853847826709881e-01 0.000000000000000000e+00 3.263081406926406913e-01 4.032413153356129709e-01 0.000000000000000000e+00 4.252912523688199831e-01 0.000000000000000000e+00 0.000000000000000000e+00 3.006670507823975824e-01 0.000000000000000000e+00 3.544202352941176470e-01 4.279896103790872819e-01 0.000000000000000000e+00 0.000000000000000000e+00 0.000000000000000000e+00 0.000000000000000000e+00 0.000000000000000000e+00 0.000000000000000000e+00 4.035006590909090973e-01 0.000000000000000000e+00 0.000000000000000000e+00 0.000000000000000000e+00 0.000000000000000000e+00 0.000000000000000000e+00 0.000000000000000000e+00 0.000000000000000000e+00 0.000000000000000000e+00 0.000000000000000000e+00 0.000000000000000000e+00 0.000000000000000000e+00 0.000000000000000000e+00 0.000000000000000000e+00 0.000000000000000000e+00 0.000000000000000000e+00 0.000000000000000000e+00 0.000000000000000000e+00 3.286257117647058412e-01 0.000000000000000000e+00 0.000000000000000000e+00 0.000000000000000000e+00 0.000000000000000000e+00 0.000000000000000000e+00 4.011544585240156557e-01 0.000000000000000000e+00 3.737996905335968512e-01 0.000000000000000000e+00 0.000000000000000000e+00 0.000000000000000000e+00 3.626827073170731941e-01 0.000000000000000000e+00 2.959951265196767434e-01 0.000000000000000000e+00 3.079293285021290072e-01 4.143026437284800245e-01 0.000000000000000000e+00 0.000000000000000000e+00 3.514433526923912976e-01 0.000000000000000000e+00 3.488182444444444252e-01 0.000000000000000000e+00 3.906094643606801142e-01 0.000000000000000000e+00 0.000000000000000000e+00 0.000000000000000000e+00 3.882217673589341556e-01 0.000000000000000000e+00 0.000000000000000000e+00 0.000000000000000000e+00 3.854583678160919402e-01 0.000000000000000000e+00 3.946434586466165406e-01 0.000000000000000000e+00 0.000000000000000000e+00 0.000000000000000000e+00 3.994107666666667500e-01 0.000000000000000000e+00 0.000000000000000000e+00 0.000000000000000000e+00 0.000000000000000000e+00 0.000000000000000000e+00 0.000000000000000000e+00 0.000000000000000000e+00 0.000000000000000000e+00 0.000000000000000000e+00 0.000000000000000000e+00 0.000000000000000000e+00 0.000000000000000000e+00 0.000000000000000000e+00 0.000000000000000000e+00 0.000000000000000000e+00 0.000000000000000000e+00 0.000000000000000000e+00 0.000000000000000000e+00 0.000000000000000000e+00 0.000000000000000000e+00 0.000000000000000000e+00
0.000000000000000000e+00 3.321073576713555742e-01 4.096181749085048285e-01 2.780793610409648675e-01 4.091742744802975840e-01 1.893632120296303567e-01 4.096506027539729144e-01 2.509704343010218941e-01 4.035731765437715057e-01 1.965014203311294116e-01 0.000000000000000000e+00 3.228843000871904900e-01 3.961288857142856723e-01 2.831175387066493521e-01 0.000000000000000000e+00 2.686811355173081006e-01 0.000000000000000000e+00 3.845447887323942826e-01 4.744394833333333561e-01 3.548829908911326214e-01 4.047364249999999553e-01 3.495522787449213964e-01 4.075825643258301212e-01 3.110422867460784224e-01 3.888782010877976369e-01 0.000000000000000000e+00 0.000000000000000000e+00 2.411041156148733822e-01 0.000000000000000000e+00 3.050376727031071100e-01 3.874377692401357876e-01 3.316219809696210885e-01 0.000000000000000000e+00 3.674672369628198543e-01 0.000000000000000000e+00 0.000000000000000000e+00 0.000000000000000000e+00 0.000000000000000000e+00 0.000000000000000000e+00 0.000000000000000000e+00 0.000000000000000000e+00 0.000000000000000000e+00 0.000000000000000000e+00 0.000000000000000000e+00 0.000000000000000000e+00 0.000000000000000000e+00 0.000000000000000000e+00 0.000000000000000000e+00 0.000000000000000000e+00 3.228271769230769417e-01 0.000000000000000000e+00 0.000000000000000000e+00 0.000000000000000000e+00 0.000000000000000000e+00 0.000000000000000000e+00 0.000000000000000000e+00 0.000000000000000000e+00 3.627179371515237283e-01 0.000000000000000000e+00 3.697605818181817772e-01 0.000000000000000000e+00 0.000000000000000000e+00 0.000000000000000000e+00 0.000000000000000000e+00 0.000000000000000000e+00 0.000000000000000000e+00 0.000000000000000000e+00 4.430023928790983723e-01 0.000000000000000000e+00 0.000000000000000000e+00 3.978324642857141713e-01 2.947490723816188485e-01 0.000000000000000000e+00 3.169774131286732244e-01 0.000000000000000000e+00 0.000000000000000000e+00 0.000000000000000000e+00 3.317410222542980791e-01 0.000000000000000000e+00 4.217560905923345427e-01 0.000000000000000000e+00 3.907056717877531171e-01 0.000000000000000000e+00 2.519119681318681137e-01 0.000000000000000000e+00 3.029548285714286360e-01 0.000000000000000000e+00 0.000000000000000000e+00 0.000000000000000000e+00 3.193466853146852413e-01 0.000000000000000000e+00 0.000000000000000000e+00 0.000000000000000000e+00 3.561989040000000939e-01 0.000000000000000000e+00 0.000000000000000000e+00 0.000000000000000000e+00 0.000000000000000000e+00 0.000000000000000000e+00 0.000000000000000000e+00 0.000000000000000000e+00 0.000000000000000000e+00 0.000000000000000000e+00 0.000000000000000000e+00 0.000000000000000000e+00 0.000000000000000000e+00 0.000000000000000000e+00 0.000000000000000000e+00 0.000000000000000000e+00 0.000000000000000000e+00 0.000000000000000000e+00 0.000000000000000000e+00 0.000000000000000000e+00 0.000000000000000000e+00 0.000000000000000000e+00 0.000000000000000000e+00
3.299850693711231520e-01 0.000000000000000000e+00 3.643015424164706140e-01 4.620707874529528802e-01 0.000000000000000000e+00 0.000000000000000000e+00 3.808093668904869999e-01 4.631221397394787997e-01 3.299238466476834830e-01 0.000000000000000000e+00 3.144956203484932100e-01 4.690518339162980110e-01 3.337459402870295855e-01 4.338996350070101760e-01 3.494965133208086661e-01 0.000000000000000000e+00 3.760536427814426541e-01 4.779013310285220584e-01 3.847922252690826883e-01 4.978470725542588071e-01 4.265583548387096857e-01 0.000000000000000000e+00 3.741849692000037142e-01 4.581836912962117814e-01 0.000000000000000000e+00 0.000000000000000000e+00 0.000000000000000000e+00 0.000000000000000000e+00 3.506129204283232048e-01 4.787245499999999709e-01 4.198408957551058029e-01 4.352086373606575131e-01 4.241920158495712245e-01 4.797119716049213500e-01 5.078631358024691123e-01 0.000000000000000000e+00 4.414703380281690404e-01 0.000000000000000000e+00 0.000000000000000000e+00 0.000000000000000000e+00 0.000000000000000000e+00 0.000000000000000000e+00 0.000000000000000000e+00 0.000000000000000000e+00 0.000000000000000000e+00 0.000000000000000000e+00 0.000000000000000000e+00 0.000000000000000000e+00 0.000000000000000000e+00 0.000000000000000000e+00 4.106128940295298291e-01 0.000000000000000000e+00 0.000000000000000000e+00 0.000000000000000000e+00 3.669194409313725203e-01 0.000000000000000000e+00 3.831344612079493062e-01 4.615341029411764162e-01 3.730186204049355525e-01 0.000000000000000000e+00 3.716951451396210415e-01 0.000000000000000000e+00 4.085296619822664232e-01 0.000000000000000000e+00 4.019199897861359116e-01 0.000000000000000000e+00 4.127421545931516667e-01 0.000000000000000000e+00 0.000000000000000000e+00 0.000000000000000000e+00 3.438596411690675869e-01 5.296084964850421573e-01 3.681800823367807340e-01 4.526770799507824350e-01 0.000000000000000000e+00 0.000000000000000000e+00 3.552581039174290134e-01 0.000000000000000000e+00 3.709142575757575777e-01 0.000000000000000000e+00 4.229586575119425040e-01 0.000000000000000000e+00 4.274138015873015783e-01 0.000000000000000000e+00 4.379492788245415436e-01 0.000000000000000000e+00 4.357372377622377169e-01 0.000000000000000000e+00 4.330798797755064933e-01 0.000000000000000000e+00 0.000000000000000000e+00 0.000000000000000000e+00 0.000000000000000000e+00 0.000000000000000000e+00 0.000000000000000000e+00 0.000000000000000000e+00 0.000000000000000000e+00 0.000000000000000000e+00 0.000000000000000000e+00 0.000000000000000000e+00 0.000000000000000000e+00 0.000000000000000000e+00 0.000000000000000000e+00 0.000000000000000000e+00 0.000000000000000000e+00 0.000000000000000000e+00 0.000000000000000000e+00 0.000000000000000000e+00 0.000000000000000000e+00 0.000000000000000000e+00 0.000000000000000000e+00 0.000000000000000000e+00 0.000000000000000000e+00 0.000000000000000000e+00 0.000000000000000000e+00 0.000000000000000000e+00
4.784265610325978968e-01 3.283465824626581320e-01 4.598428358823496986e-01 3.597648672222675814e-01 0.000000000000000000e+00 3.264657346938775739e-01 4.549333867766309214e-01 3.025949928274813128e-01 0.000000000000000000e+00 3.228843000871904900e-01 4.690518339162980110e-01 2.834424110152317655e-01 4.621248188311688487e-01 2.886969406975230523e-01 0.000000000000000000e+00 3.540733909226689846e-01 4.790276521164020807e-01 3.574660069734542645e-01 4.834554376551805088e-01 3.929087800412544573e-01 0.000000000000000000e+00 0.000000000000000000e+00 4.413438370705726754e-01 3.642474911978857977e-01 0.000000000000000000e+00 0.000000000000000000e+00 0.000000000000000000e+00 0.000000000000000000e+00 0.000000000000000000e+00 3.663032555074330898e-01 4.501974663398692345e-01 3.882169803921569073e-01 4.762081270189043591e-01 3.820069521749483443e-01 0.000000000000000000e+00 3.872568181818182853e-01 0.000000000000000000e+00 4.389316044959486462e-01 0.000000000000000000e+00 4.447474042553192231e-01 0.000000000000000000e+00 4.322639833333333792e-01 0.000000000000000000e+00 4.145045352112676218e-01 0.000000000000000000e+00 4.290565085675780432e-01 0.000000000000000000e+00 0.000000000000000000e+00 0.000000000000000000e+00 3.838678610940604585e-01 0.000000000000000000e+00 3.717171750000000108e-01 0.000000000000000000e+00 0.000000000000000000e+00 0.000000000000000000e+00 4.024777552245989987e-01 0.000000000000000000e+00 4.003391050130921669e-01 0.000000000000000000e+00 3.808657357902456853e-01 0.000000000000000000e+00 3.856848552811721897e-01 0.000000000000000000e+00 3.936224614221662255e-01 0.000000000000000000e+00 4.201541680141933632e-01 4.490264642857143551e-01 3.989358850574712956e-01 0.000000000000000000e+00 4.166233204913033505e-01 4.772879435257598724e-01 3.286158610171061034e-01 0.000000000000000000e+00 3.911476567505996482e-01 0.000000000000000000e+00 0.000000000000000000e+00 4.677762710341314967e-01 3.766155925438908758e-01 0.000000000000000000e+00 4.158178489902218944e-01 0.000000000000000000e+00 4.265967853742502758e-01 0.000000000000000000e+00 0.000000000000000000e+00 0.000000000000000000e+00 4.350578645600735594e-01 0.000000000000000000e+00 4.665500012960220877e-01 0.000000000000000000e+00 4.233881586497574290e-01 0.000000000000000000e+00 0.000000000000000000e+00 0.000000000000000000e+00 0.000000000000000000e+00 0.000000000000000000e+00 0.000000000000000000e+00 0.000000000000000000e+00 0.000000000000000000e+00 0.000000000000000000e+00 0.000000000000000000e+00 0.000000000000000000e+00 0.000000000000000000e+00 3.914600073529412305e-01 0.000000000000000000e+00 0.000000000000000000e+00 0.000000000000000000e+00 0.000000000000000000e+00 0.000000000000000000e+00 0.000000000000000000e+00 0.000000000000000000e+00 0.000000000000000000e+00 0.000000000000000000e+00 0.000000000000000000e+00 0.000000000000000000e+00 0.000000000000000000e+00 0.000000000000000000e+00
3.576167631862769980e-01 0.000000000000000000e+00 3.389658137238213409e-01 4.391449784143657276e-01 3.588878164473684462e-01 0.000000000000000000e+00 2.897421560237957716e-01 4.339941101424699688e-01 2.612401491643484008e-01 3.961288857142856723e-01 3.337459402870295855e-01 4.621248188311688487e-01 2.570145730911540527e-01 4.290149024304425462e-01 2.598888381508838163e-01 0.000000000000000000e+00 3.709954232900872229e-01 0.000000000000000000e+00 3.656028356803875390e-01 4.478080272727271716e-01 3.475101388888888754e-01 0.000000000000000000e+00 3.515046225221755694e-01 4.401255486993417843e-01 0.000000000000000000e+00 0.000000000000000000e+00 0.000000000000000000e+00 0.000000000000000000e+00 3.272250923139460865e-01 4.529750684185606113e-01 3.459790013493769245e-01 4.370284014311383025e-01 3.798794275537192289e-01 4.515663995400595598e-01 4.228870000000000129e-01 0.000000000000000000e+00 3.970440006263694088e-01 0.000000000000000000e+00 4.390577323943661847e-01 0.000000000000000000e+00 0.000000000000000000e+00 0.000000000000000000e+00 0.000000000000000000e+00 0.000000000000000000e+00 0.000000000000000000e+00 0.000000000000000000e+00 4.142632228915663073e-01 0.000000000000000000e+00 3.941587810218977750e-01 0.000000000000000000e+00 3.882044389702049014e-01 0.000000000000000000e+00 0.000000000000000000e+00 0.000000000000000000e+00 4.175459391361122097e-01 0.000000000000000000e+00 3.703986891224620992e-01 0.000000000000000000e+00 3.794320450525506261e-01 0.000000000000000000e+00 3.921555398594410713e-01 0.000000000000000000e+00 4.104185658204143050e-01 0.000000000000000000e+00 3.990042384431393141e-01 0.000000000000000000e+00 4.099745438177902490e-01 0.000000000000000000e+00 4.265884482631190355e-01 0.000000000000000000e+00 3.218760284030913188e-01 4.425054332051281403e-01 3.542316750538445635e-01 4.456724413624241210e-01 0.000000000000000000e+00 0.000000000000000000e+00 3.639592327157036289e-01 4.225534561403508360e-01 3.601786236472760416e-01 0.000000000000000000e+00 3.896650026550883550e-01 0.000000000000000000e+00 0.000000000000000000e+00 0.000000000000000000e+00 3.986415828000977601e-01 0.000000000000000000e+00 3.826502901515295707e-01 0.000000000000000000e+00 3.953803378372267030e-01 0.000000000000000000e+00 3.827492423375075115e-01 0.000000000000000000e+00 3.988266659891598342e-01 0.000000000000000000e+00 4.170767590361445509e-01 4.029484065934065828e-01 0.000000000000000000e+00 0.000000000000000000e+00 0.000000000000000000e+00 3.937613553719008230e-01 0.000000000000000000e+00 0.000000000000000000e+00 0.000000000000000000e+00 0.000000000000000000e+00 3.648259591836735538e-01 3.942174646464646770e-01 0.000000000000000000e+00 0.000000000000000000e+00 0.000000000000000000e+00 0.000000000000000000e+00 0.000000000000000000e+00 0.000000000000000000e+00 0.000000000000000000e+00 0.000000000000000000e+00 0.000000000000000000e+00 0.000000000000000000e+00
