0.000000000000000000e+00 1.153712699514226198e-02 4.592901878914405073e-02 1.802265705458290469e-03 1.877493546115935287e-03 0.000000000000000000e+00 9.830257086354647622e-02 1.471861471861471860e-03 3.487634749524413328e-03 0.000000000000000000e+00 2.243589743589743668e-01 0.000000000000000000e+00 3.282112486946143354e-02 1.280245807194981434e-04 2.814919071076706514e-03 2.040399918384003264e-04 5.946481665014866080e-02 5.381604696673189525e-03 3.898000449337227918e-02 2.430424379801032764e-02 0.000000000000000000e+00 0.000000000000000000e+00 9.247485839787308003e-04 0.000000000000000000e+00 0.000000000000000000e+00 0.000000000000000000e+00 0.000000000000000000e+00 0.000000000000000000e+00 3.420680997960144631e-02 2.217584137751109005e-03 9.697753353806368680e-04 3.642323802586049639e-04 4.915730337078651549e-03 1.138952164009111694e-02 1.874062968515742122e-03 0.000000000000000000e+00 5.600189035916824237e-02 1.863739904742182539e-03 1.015228426395939137e-03 3.683241252302025702e-04 7.518796992481202590e-03 0.000000000000000000e+00 0.000000000000000000e+00 0.000000000000000000e+00 1.317740075770054264e-03 4.309880400818877203e-04 3.513086246267346042e-04 0.000000000000000000e+00 3.347591593825553422e-03 2.869166029074215942e-04 5.336179295624333095e-03 0.000000000000000000e+00 4.685777287761852018e-03 0.000000000000000000e+00 4.825619653432770308e-03 0.000000000000000000e+00 2.000000000000000111e-01 3.555776068800132333e-03 2.277843994172957381e-02 1.992031872509960125e-03 4.777529859561622377e-02 1.369863013698630148e-03 7.669365146996165276e-03 2.035278154681139599e-03 2.951162183337686234e-02 2.004811547714514808e-04 9.474141677531508487e-03 4.357856959753909389e-03 7.920632360058073307e-02 6.684103458297006514e-03 9.731490308230060504e-02 1.451589490492088714e-04 3.664864864864864763e-02 2.057035998129967160e-03 0.000000000000000000e+00 0.000000000000000000e+00 4.813753581661891351e-02 3.113648157758173388e-03 0.000000000000000000e+00 0.000000000000000000e+00 1.837928153717627343e-03 5.808325266214907573e-04 0.000000000000000000e+00 0.000000000000000000e+00 2.600562694852102605e-02 2.261931689662972195e-04 0.000000000000000000e+00 0.000000000000000000e+00 3.122445643289194217e-02 1.486325802615933280e-04 2.024803847127309639e-03 1.511335012594458398e-03 3.664345914254305567e-04 5.260389268805891472e-04 4.933920704845815020e-02 2.702702702702702853e-03 5.903187721369539251e-04 0.000000000000000000e+00 7.610350076103500339e-04 1.203369434416365867e-03 7.604562737642585075e-04 0.000000000000000000e+00 9.539709038874314307e-04 2.194907813871817390e-04 1.099706744868035298e-03 5.686664771111742513e-04 3.307607497243660478e-03 0.000000000000000000e+00 0.000000000000000000e+00 0.000000000000000000e+00 0.000000000000000000e+00 0.000000000000000000e+00 0.000000000000000000e+00 0.000000000000000000e+00 0.000000000000000000e+00 0.000000000000000000e+00
1.153712699514226198e-02 0.000000000000000000e+00 2.269220295906326530e-03 7.526604874699621694e-02 0.000000000000000000e+00 2.126754572522330990e-03 2.719182597231377743e-03 1.153246753246753298e-01 0.000000000000000000e+00 8.422664624808576250e-03 4.166666666666666609e-03 1.170937398637690585e-01 1.491869312248247004e-04 3.290231724491102239e-02 0.000000000000000000e+00 7.141399714344011558e-03 4.360753221010901619e-03 3.457273320287018725e-02 2.347787014154122803e-02 4.294169500062964412e-02 0.000000000000000000e+00 0.000000000000000000e+00 8.091550109813893960e-04 3.401939105290015079e-04 0.000000000000000000e+00 0.000000000000000000e+00 0.000000000000000000e+00 3.041362530413625385e-04 2.039855640985407254e-03 3.613357683276806342e-02 8.081461128171973539e-04 5.463485703879074730e-04 1.029962546816479314e-02 5.789673500379650430e-03 3.748125937031484135e-04 0.000000000000000000e+00 1.417769376181474573e-03 6.978670532201283749e-02 0.000000000000000000e+00 1.620626151012891439e-02 0.000000000000000000e+00 2.493765586034912655e-03 0.000000000000000000e+00 0.000000000000000000e+00 3.294350189425135659e-04 1.831699170348022798e-03 0.000000000000000000e+00 1.052964093924397242e-04 0.000000000000000000e+00 4.208110175975516426e-03 0.000000000000000000e+00 9.230542017427264059e-03 0.000000000000000000e+00 2.188449848024315997e-03 2.193463478833077560e-04 2.344504206316370097e-03 2.923387096774193641e-03 2.733812949640287981e-01 0.000000000000000000e+00 3.286852589641434119e-02 5.250032812705079845e-04 3.698630136986301442e-02 4.260758414997869417e-04 2.333785617367706983e-02 0.000000000000000000e+00 1.222935044105854033e-02 1.564537157757496695e-03 6.408613176108689767e-03 9.033715115341183974e-03 3.196745132229002889e-02 8.738481093104544456e-04 4.906372477863260584e-02 3.459459459459459426e-03 2.720897615708274889e-02 0.000000000000000000e+00 3.401360544217686948e-03 5.042979942693409830e-03 4.449922158796056071e-02 0.000000000000000000e+00 0.000000000000000000e+00 3.341687552213868143e-04 4.259438528557599538e-03 0.000000000000000000e+00 0.000000000000000000e+00 3.041593795148657951e-04 2.314710095755108041e-02 0.000000000000000000e+00 5.254860746190225798e-04 0.000000000000000000e+00 1.947086801426872738e-02 1.265502404454568524e-03 4.534005037783375193e-03 7.328691828508611134e-04 5.260389268805891472e-03 1.233480176211453755e-02 5.675675675675675991e-02 0.000000000000000000e+00 0.000000000000000000e+00 0.000000000000000000e+00 6.016847172081829336e-03 1.520912547528517015e-03 3.754693366708385365e-03 2.384927259718578577e-04 3.072870939420544508e-03 0.000000000000000000e+00 1.705999431333522862e-03 0.000000000000000000e+00 0.000000000000000000e+00 0.000000000000000000e+00 0.000000000000000000e+00 0.000000000000000000e+00 0.000000000000000000e+00 0.000000000000000000e+00 2.232142857142857019e-03 0.000000000000000000e+00 0.000000000000000000e+00
4.592901878914405073e-02 2.269220295906326530e-03 0.000000000000000000e+00 5.492619292825266439e-03 1.377610889462567434e-01 2.126754572522330990e-03 2.507415952537903614e-01 9.350649350649350641e-03 2.726696258719086760e-02 7.656967840735069003e-03 2.500000000000000139e-02 5.838469023678235365e-03 3.401462031926003049e-02 3.328639098706951890e-03 1.642036124794745561e-02 1.836359926545602910e-03 2.061446977205153713e-02 1.304631441617742915e-03 6.897326443495843673e-02 5.540863871048986450e-03 5.494505494505494501e-04 7.283321194464676285e-04 1.722344237660386190e-01 7.994556897431535220e-03 4.879799067097237431e-02 2.041411490230387888e-03 1.304468498473494373e-02 1.216545012165450154e-03 2.949945080809665901e-02 1.304461257500652126e-03 2.181994504606432975e-02 8.377344745947914659e-03 1.299157303370786568e-02 9.016704631738800546e-03 2.998500749625187308e-03 0.000000000000000000e+00 1.701323251417769314e-02 0.000000000000000000e+00 0.000000000000000000e+00 0.000000000000000000e+00 1.503759398496240692e-03 0.000000000000000000e+00 9.062075215224286691e-04 0.000000000000000000e+00 4.117937736781420062e-03 3.232410300614158038e-04 8.782715615668364563e-04 0.000000000000000000e+00 7.067137809187279060e-03 0.000000000000000000e+00 3.308431163287086241e-03 0.000000000000000000e+00 1.929437706725468504e-03 0.000000000000000000e+00 4.167580609782847202e-03 1.379120121362570773e-04 9.979838709677418818e-03 6.615397337302571582e-04 5.827042775791285538e-03 1.280591918042117347e-03 2.887518046987793807e-03 3.424657534246575369e-04 8.521516829995738835e-04 5.427408412483039797e-04 1.044659179942543804e-03 4.009623095429029616e-04 1.720990873533246451e-02 1.153550371699564288e-03 2.226165510566220293e-02 2.906131938390003021e-04 3.987925007944073674e-02 2.177384235738133098e-03 9.264864864864864880e-02 2.244039270687237138e-03 1.428571428571428527e-02 0.000000000000000000e+00 7.369627507163323266e-02 4.540736896730669832e-03 0.000000000000000000e+00 0.000000000000000000e+00 8.354218880534669545e-04 0.000000000000000000e+00 2.120890774125132761e-03 0.000000000000000000e+00 3.649912554178389324e-03 0.000000000000000000e+00 9.541984732824427108e-04 0.000000000000000000e+00 6.212195520680072192e-03 0.000000000000000000e+00 2.024803847127309639e-03 1.007556675062972265e-03 2.198607548552583557e-03 0.000000000000000000e+00 4.669603524229074681e-02 1.081081081081081141e-02 0.000000000000000000e+00 0.000000000000000000e+00 0.000000000000000000e+00 1.203369434416365867e-03 0.000000000000000000e+00 0.000000000000000000e+00 4.769854519437157154e-04 6.584723441615451898e-04 1.099706744868035298e-03 0.000000000000000000e+00 1.102535832414553493e-03 0.000000000000000000e+00 0.000000000000000000e+00 0.000000000000000000e+00 0.000000000000000000e+00 0.000000000000000000e+00 0.000000000000000000e+00 0.000000000000000000e+00 1.700680272108843474e-03 0.000000000000000000e+00
1.802265705458290469e-03 7.526604874699621694e-02 5.492619292825266439e-03 0.000000000000000000e+00 1.173433466322459581e-03 2.913653764355593478e-02 4.449571522742254252e-03 2.362770562770562799e-01 6.341154090044388066e-04 6.087289433384379667e-02 4.487179487179486850e-03 3.535517353227375648e-02 3.729673280620617645e-03 2.637306362821661629e-02 1.876612714051137604e-03 1.244643950214241977e-02 1.585728444003964245e-03 2.527723418134376898e-02 6.066052572455627769e-03 1.372623095328044385e-01 0.000000000000000000e+00 0.000000000000000000e+00 1.086579586175008723e-02 2.298009865623405479e-01 1.076426264800861045e-03 4.666083406240886799e-02 2.775464890369137090e-04 9.124087591240875178e-03 2.196767613368900019e-03 3.000260892251500194e-02 8.727978018425730511e-03 2.531415042797304643e-02 3.160112359550561710e-03 2.220956719817767516e-02 3.748125937031484135e-04 2.457002457002456942e-03 7.088846880907372864e-04 3.271898943880720972e-02 0.000000000000000000e+00 2.946593001841620561e-03 0.000000000000000000e+00 7.481296758104737966e-03 0.000000000000000000e+00 0.000000000000000000e+00 0.000000000000000000e+00 3.016916280573214097e-03 0.000000000000000000e+00 1.052964093924397242e-04 0.000000000000000000e+00 4.112471308339709156e-03 0.000000000000000000e+00 3.913749815389160058e-03 0.000000000000000000e+00 2.431610942249240177e-04 0.000000000000000000e+00 8.274720728175423553e-04 1.209677419354838763e-03 1.711734061027040538e-02 3.972983710766785840e-04 3.557199772339214583e-02 1.312508203176269961e-04 3.253424657534246655e-03 4.260758414997869417e-04 1.492537313432835836e-03 0.000000000000000000e+00 2.205292702485966289e-03 4.345936549326380070e-04 1.973852858241476396e-02 9.678980480722697115e-04 1.424004649811101350e-02 1.588814744200826206e-03 3.846712149804035197e-02 1.945945945945945846e-03 8.125292192613370323e-02 0.000000000000000000e+00 1.360544217687074779e-02 2.177650429799427110e-03 1.004151530877010895e-01 0.000000000000000000e+00 0.000000000000000000e+00 1.670843776106934072e-04 5.808325266214907573e-04 0.000000000000000000e+00 0.000000000000000000e+00 0.000000000000000000e+00 1.055568121842720376e-03 0.000000000000000000e+00 0.000000000000000000e+00 0.000000000000000000e+00 1.337693222354340060e-03 2.024803847127309639e-03 7.556675062972291988e-03 1.099303774276291779e-03 5.260389268805891472e-03 1.585903083700440641e-02 8.108108108108108558e-02 0.000000000000000000e+00 2.127659574468085141e-03 3.044140030441400135e-03 4.813477737665463468e-03 7.604562737642585075e-04 3.754693366708385365e-03 1.430956355831147254e-03 3.072870939420544508e-03 7.331378299120234598e-04 1.705999431333522862e-03 1.102535832414553493e-03 0.000000000000000000e+00 0.000000000000000000e+00 0.000000000000000000e+00 0.000000000000000000e+00 0.000000000000000000e+00 0.000000000000000000e+00 0.000000000000000000e+00 0.000000000000000000e+00 0.000000000000000000e+00
1.877493546115935287e-03 0.000000000000000000e+00 1.377610889462567434e-01 1.173433466322459581e-03 0.000000000000000000e+00 4.253509145044661981e-03 1.161832564271588625e-02 6.060606060606060601e-04 3.253012048192771011e-01 5.742725880551301752e-03 6.410256410256410251e-04 0.000000000000000000e+00 4.028047143070267316e-03 2.560491614389962868e-04 8.257095941825005891e-02 8.161599673536013054e-04 1.982160555004955306e-04 0.000000000000000000e+00 2.134351831049202588e-03 1.259287243420224021e-04 1.428571428571428527e-02 3.641660597232337926e-03 3.548722691018379310e-02 1.360775642116006032e-03 1.668460710441334871e-01 6.999125109361330026e-03 8.492922564529559182e-02 3.953771289537713271e-03 1.067001412207751500e-02 1.304461257500652181e-04 4.687247454339744934e-03 2.913859042068839712e-03 1.755617977528089839e-03 2.847380410022778909e-04 0.000000000000000000e+00 4.914004914004913883e-04 1.181474480151228738e-03 0.000000000000000000e+00 0.000000000000000000e+00 0.000000000000000000e+00 0.000000000000000000e+00 0.000000000000000000e+00 0.000000000000000000e+00 0.000000000000000000e+00 3.294350189425135659e-04 1.077470100204719301e-04 3.513086246267346042e-04 0.000000000000000000e+00 3.719546215361725964e-04 0.000000000000000000e+00 0.000000000000000000e+00 0.000000000000000000e+00 0.000000000000000000e+00 0.000000000000000000e+00 0.000000000000000000e+00 0.000000000000000000e+00 2.016129032258064514e-04 0.000000000000000000e+00 2.648655807177857408e-04 0.000000000000000000e+00 5.250032812705079845e-04 0.000000000000000000e+00 4.260758414997869417e-04 0.000000000000000000e+00 0.000000000000000000e+00 0.000000000000000000e+00 6.953498478922207895e-04 0.000000000000000000e+00 3.226326826907565705e-04 0.000000000000000000e+00 2.272005084207181363e-02 1.741907388590506565e-03 3.535135135135135387e-02 5.610098176718092845e-04 7.142857142857142634e-03 0.000000000000000000e+00 3.323782234957019938e-03 0.000000000000000000e+00 0.000000000000000000e+00 0.000000000000000000e+00 1.503759398496240692e-03 0.000000000000000000e+00 2.651113467656415843e-03 0.000000000000000000e+00 1.672876587331761792e-03 0.000000000000000000e+00 9.541984732824427108e-04 0.000000000000000000e+00 1.961745953898970211e-03 0.000000000000000000e+00 0.000000000000000000e+00 0.000000000000000000e+00 0.000000000000000000e+00 0.000000000000000000e+00 1.762114537444933998e-03 0.000000000000000000e+00 0.000000000000000000e+00 0.000000000000000000e+00 0.000000000000000000e+00 0.000000000000000000e+00 0.000000000000000000e+00 0.000000000000000000e+00 0.000000000000000000e+00 0.000000000000000000e+00 3.665689149560117299e-04 0.000000000000000000e+00 0.000000000000000000e+00 0.000000000000000000e+00 0.000000000000000000e+00 0.000000000000000000e+00 0.000000000000000000e+00 0.000000000000000000e+00 0.000000000000000000e+00 0.000000000000000000e+00 0.000000000000000000e+00 0.000000000000000000e+00
0.000000000000000000e+00 2.126754572522330990e-03 2.126754572522330990e-03 2.913653764355593478e-02 4.253509145044661981e-03 0.000000000000000000e+00 1.647989452867501515e-04 1.134199134199134242e-02 1.268230818008877613e-03 2.503828483920367276e-01 0.000000000000000000e+00 6.487187804086928062e-04 1.491869312248247004e-04 3.840737421584944572e-04 1.172882946281961084e-03 1.183431952662721831e-01 0.000000000000000000e+00 0.000000000000000000e+00 0.000000000000000000e+00 1.007429794736179217e-03 1.098901098901098900e-03 4.297159504734159030e-02 1.733903594960120196e-03 3.010716108181663714e-02 1.112307140294223166e-02 2.388451443569553911e-01 4.163197335553705039e-03 1.906934306569343096e-01 0.000000000000000000e+00 1.565353509000782725e-02 1.179893324713108052e-02 1.420506283008559495e-02 0.000000000000000000e+00 3.416856492027334907e-03 0.000000000000000000e+00 9.828009828009827767e-04 0.000000000000000000e+00 1.863739904742182539e-03 0.000000000000000000e+00 7.366482504604051403e-04 0.000000000000000000e+00 0.000000000000000000e+00 0.000000000000000000e+00 9.485866059571238754e-05 0.000000000000000000e+00 2.154940200409438602e-04 0.000000000000000000e+00 5.264820469621985530e-04 0.000000000000000000e+00 2.869166029074215942e-04 0.000000000000000000e+00 4.430660168365086306e-04 0.000000000000000000e+00 2.431610942249240177e-04 0.000000000000000000e+00 8.274720728175423553e-04 0.000000000000000000e+00 8.269246671628214477e-05 1.324327903588928704e-04 4.268639726807057643e-04 0.000000000000000000e+00 0.000000000000000000e+00 0.000000000000000000e+00 0.000000000000000000e+00 0.000000000000000000e+00 0.000000000000000000e+00 8.691873098652759869e-05 2.178928479876954694e-03 0.000000000000000000e+00 0.000000000000000000e+00 1.509374006990784863e-03 3.766874727826970831e-02 3.243243243243243076e-04 4.067321178120616998e-02 0.000000000000000000e+00 0.000000000000000000e+00 0.000000000000000000e+00 2.464971458225220617e-03 0.000000000000000000e+00 0.000000000000000000e+00 0.000000000000000000e+00 1.936108422071636129e-04 0.000000000000000000e+00 2.162162162162162195e-03 0.000000000000000000e+00 5.277840609213601880e-04 0.000000000000000000e+00 1.050972149238045160e-03 0.000000000000000000e+00 1.337693222354340060e-03 2.531004808909137049e-04 0.000000000000000000e+00 0.000000000000000000e+00 0.000000000000000000e+00 8.810572687224669988e-04 0.000000000000000000e+00 0.000000000000000000e+00 0.000000000000000000e+00 0.000000000000000000e+00 0.000000000000000000e+00 0.000000000000000000e+00 0.000000000000000000e+00 0.000000000000000000e+00 0.000000000000000000e+00 0.000000000000000000e+00 0.000000000000000000e+00 0.000000000000000000e+00 0.000000000000000000e+00 0.000000000000000000e+00 0.000000000000000000e+00 0.000000000000000000e+00 0.000000000000000000e+00 0.000000000000000000e+00 0.000000000000000000e+00 0.000000000000000000e+00 0.000000000000000000e+00
9.830257086354647622e-02 2.719182597231377743e-03 2.507415952537903614e-01 4.449571522742254252e-03 1.161832564271588625e-02 1.647989452867501515e-04 0.000000000000000000e+00 1.264069264069264155e-02 1.353836398224476933e-01 3.828483920367534610e-04 1.778846153846153910e-01 4.054492377554330500e-03 2.901685812322840619e-01 5.249007809499424068e-03 1.712409101571663039e-02 1.020199959192001713e-03 1.506442021803766108e-02 2.283105022831050102e-03 6.740058413839586891e-03 9.822440498677748391e-03 0.000000000000000000e+00 0.000000000000000000e+00 8.669517974800601198e-03 6.633781255315530055e-03 3.946896304269823831e-03 0.000000000000000000e+00 1.110185956147654836e-03 0.000000000000000000e+00 3.561901773105288077e-02 1.695799634750847808e-03 8.889607240989170350e-03 6.556182844654890110e-03 2.808988764044943742e-03 1.205391040242976414e-02 1.124437781109445186e-03 0.000000000000000000e+00 6.143667296786389093e-03 0.000000000000000000e+00 0.000000000000000000e+00 0.000000000000000000e+00 0.000000000000000000e+00 0.000000000000000000e+00 4.531037607612143346e-04 0.000000000000000000e+00 8.235875473562839690e-04 1.077470100204719301e-04 1.756543123133673021e-04 0.000000000000000000e+00 3.161614283057466879e-03 1.912777352716143781e-04 2.668089647812166548e-03 1.476886722788362102e-04 1.102535832414553493e-03 0.000000000000000000e+00 8.773853915332310242e-04 1.379120121362570773e-04 6.250000000000000347e-03 6.615397337302571582e-04 6.886505098662429152e-03 1.707455890722823057e-03 1.128757054731592026e-02 5.136986301369862512e-04 2.769492969748615311e-03 1.763907734056987826e-03 1.175241577435361638e-02 2.004811547714514808e-04 2.955236853541938491e-03 1.025378108177390406e-03 2.581061461526052564e-03 8.718395815170009062e-04 9.310454401016841908e-02 2.612861082885760064e-03 7.199999999999999456e-02 3.085553997194950739e-03 7.142857142857142634e-03 3.401360544217686948e-03 6.395415472779369948e-02 4.021795537104307094e-03 0.000000000000000000e+00 0.000000000000000000e+00 4.344193817878027990e-03 0.000000000000000000e+00 5.302226935312831903e-04 0.000000000000000000e+00 2.790662307048893606e-02 0.000000000000000000e+00 9.541984732824427108e-04 0.000000000000000000e+00 3.825404610102991348e-02 0.000000000000000000e+00 1.012401923563654819e-03 0.000000000000000000e+00 0.000000000000000000e+00 1.052077853761178294e-03 1.762114537444934084e-02 1.351351351351351426e-02 0.000000000000000000e+00 0.000000000000000000e+00 0.000000000000000000e+00 0.000000000000000000e+00 0.000000000000000000e+00 0.000000000000000000e+00 2.384927259718578577e-04 0.000000000000000000e+00 7.331378299120234598e-04 5.686664771111742513e-04 0.000000000000000000e+00 0.000000000000000000e+00 0.000000000000000000e+00 0.000000000000000000e+00 0.000000000000000000e+00 0.000000000000000000e+00 0.000000000000000000e+00 0.000000000000000000e+00 0.000000000000000000e+00 0.000000000000000000e+00
1.471861471861471860e-03 1.153246753246753298e-01 9.350649350649350641e-03 2.362770562770562799e-01 6.060606060606060601e-04 1.134199134199134242e-02 1.264069264069264155e-02 0.000000000000000000e+00 9.511731135066582099e-04 1.232771822358346148e-01 8.333333333333333218e-03 1.183911774245864357e-01 7.906907354915709146e-03 1.951094610165151622e-01 2.345765892563922005e-04 1.815955927361763075e-02 2.180376610505450809e-03 1.532941943900847925e-02 1.303077960008986770e-02 8.437224530915502646e-03 0.000000000000000000e+00 0.000000000000000000e+00 1.918853311755866486e-02 1.956114985541758736e-02 1.076426264800861045e-03 2.333041703120443486e-03 2.775464890369137090e-04 1.216545012165450154e-03 3.295151420053350245e-03 1.813201147925906642e-02 1.390011314045579496e-02 8.377344745947914659e-03 6.086142322097378397e-03 7.498101746393317883e-03 0.000000000000000000e+00 2.457002457002456942e-03 0.000000000000000000e+00 4.348726444398425851e-03 0.000000000000000000e+00 1.104972375690607819e-03 0.000000000000000000e+00 0.000000000000000000e+00 0.000000000000000000e+00 0.000000000000000000e+00 0.000000000000000000e+00 2.585928240491326430e-03 0.000000000000000000e+00 0.000000000000000000e+00 1.859773107680862982e-04 7.746748278500382827e-03 0.000000000000000000e+00 1.115049475705213490e-02 0.000000000000000000e+00 3.525835866261398284e-03 0.000000000000000000e+00 2.344504206316370097e-03 3.024193548387096907e-04 8.517324071777061453e-03 2.648655807177857408e-04 7.114399544678429513e-03 2.625016406352539923e-04 8.904109589041095743e-03 2.130379207498934709e-04 3.663500678426051538e-03 0.000000000000000000e+00 5.813953488372092943e-03 6.953498478922207895e-04 5.639579594975647342e-03 4.839490240361348557e-04 5.812263876780006042e-04 1.906577693040991360e-03 9.428073740746116538e-02 4.324324324324324391e-03 4.235624123422159631e-02 0.000000000000000000e+00 6.802721088435373896e-03 4.928366762177650851e-03 3.827192527244421133e-02 0.000000000000000000e+00 0.000000000000000000e+00 0.000000000000000000e+00 4.453049370764763232e-03 0.000000000000000000e+00 0.000000000000000000e+00 7.603984487871644877e-05 2.427806680238256756e-02 0.000000000000000000e+00 0.000000000000000000e+00 0.000000000000000000e+00 2.036266349583828669e-02 7.593014426727411146e-04 0.000000000000000000e+00 3.664345914254305567e-04 2.104155707522356589e-03 7.048458149779735990e-03 8.108108108108108558e-03 5.903187721369539251e-04 0.000000000000000000e+00 0.000000000000000000e+00 0.000000000000000000e+00 0.000000000000000000e+00 0.000000000000000000e+00 0.000000000000000000e+00 1.097453906935908722e-03 7.331378299120234598e-04 0.000000000000000000e+00 0.000000000000000000e+00 0.000000000000000000e+00 0.000000000000000000e+00 0.000000000000000000e+00 0.000000000000000000e+00 0.000000000000000000e+00 0.000000000000000000e+00 0.000000000000000000e+00 0.000000000000000000e+00 0.000000000000000000e+00
3.487634749524413328e-03 0.000000000000000000e+00 2.726696258719086760e-02 6.341154090044388066e-04 3.253012048192771011e-01 1.268230818008877613e-03 1.353836398224476933e-01 9.511731135066582099e-04 0.000000000000000000e+00 0.000000000000000000e+00 3.205128205128205125e-04 0.000000000000000000e+00 1.476950619125764509e-02 2.560491614389962868e-04 2.038470560638048212e-01 2.040399918384003264e-04 0.000000000000000000e+00 0.000000000000000000e+00 4.493372275893057566e-04 0.000000000000000000e+00 8.791208791208791201e-03 0.000000000000000000e+00 2.080684313952144409e-03 1.360775642116006032e-03 3.588087549336203917e-03 1.458151064450277125e-03 3.608104357479877729e-03 0.000000000000000000e+00 1.019927820492703627e-02 0.000000000000000000e+00 1.293033780507515679e-03 1.821161901293024820e-04 1.170411985018726604e-04 0.000000000000000000e+00 3.748125937031484135e-04 0.000000000000000000e+00 0.000000000000000000e+00 0.000000000000000000e+00 0.000000000000000000e+00 0.000000000000000000e+00 0.000000000000000000e+00 0.000000000000000000e+00 3.020691738408095564e-04 0.000000000000000000e+00 0.000000000000000000e+00 0.000000000000000000e+00 1.756543123133673021e-04 0.000000000000000000e+00 0.000000000000000000e+00 0.000000000000000000e+00 3.201707577374599554e-04 0.000000000000000000e+00 5.512679162072767463e-04 0.000000000000000000e+00 2.193463478833077560e-04 0.000000000000000000e+00 1.008064516129032257e-04 0.000000000000000000e+00 1.324327903588928704e-04 0.000000000000000000e+00 2.625016406352539923e-04 0.000000000000000000e+00 0.000000000000000000e+00 0.000000000000000000e+00 1.828153564899451548e-03 0.000000000000000000e+00 0.000000000000000000e+00 1.281722635221738008e-04 0.000000000000000000e+00 0.000000000000000000e+00 1.318716237686685770e-02 5.806357961968354854e-04 2.129729729729729765e-02 1.870032725572697615e-04 0.000000000000000000e+00 0.000000000000000000e+00 2.636103151862464328e-03 0.000000000000000000e+00 0.000000000000000000e+00 0.000000000000000000e+00 1.837928153717627343e-03 0.000000000000000000e+00 5.302226935312831903e-04 0.000000000000000000e+00 2.281195346361493490e-03 0.000000000000000000e+00 0.000000000000000000e+00 0.000000000000000000e+00 2.288703612882131769e-03 0.000000000000000000e+00 0.000000000000000000e+00 0.000000000000000000e+00 0.000000000000000000e+00 0.000000000000000000e+00 0.000000000000000000e+00 0.000000000000000000e+00 0.000000000000000000e+00 0.000000000000000000e+00 0.000000000000000000e+00 0.000000000000000000e+00 0.000000000000000000e+00 0.000000000000000000e+00 0.000000000000000000e+00 0.000000000000000000e+00 0.000000000000000000e+00 0.000000000000000000e+00 0.000000000000000000e+00 0.000000000000000000e+00 0.000000000000000000e+00 0.000000000000000000e+00 0.000000000000000000e+00 0.000000000000000000e+00 0.000000000000000000e+00 0.000000000000000000e+00 0.000000000000000000e+00 0.000000000000000000e+00
0.000000000000000000e+00 8.422664624808576250e-03 7.656967840735069003e-03 6.087289433384379667e-02 5.742725880551301752e-03 2.503828483920367276e-01 3.828483920367534610e-04 1.232771822358346148e-01 0.000000000000000000e+00 0.000000000000000000e+00 0.000000000000000000e+00 4.703211157963023414e-03 1.491869312248247004e-04 7.425425681730892478e-03 2.111189303307529994e-03 1.085492756580289792e-01 0.000000000000000000e+00 4.892367906066535932e-04 0.000000000000000000e+00 5.037148973680896083e-04 0.000000000000000000e+00 0.000000000000000000e+00 3.121026470928216397e-03 7.654362986902534145e-03 2.870470039468963220e-03 1.953922426363371295e-02 2.775464890369137090e-04 6.995133819951338330e-03 4.707359171504785678e-04 6.522306287503261066e-03 7.111685792791336454e-03 2.549626661810234802e-03 2.340823970037453209e-04 1.803340926347760066e-03 0.000000000000000000e+00 4.914004914004913883e-04 0.000000000000000000e+00 4.141644232760405882e-04 0.000000000000000000e+00 0.000000000000000000e+00 0.000000000000000000e+00 0.000000000000000000e+00 0.000000000000000000e+00 0.000000000000000000e+00 0.000000000000000000e+00 1.077470100204719301e-04 0.000000000000000000e+00 0.000000000000000000e+00 0.000000000000000000e+00 2.869166029074215942e-04 0.000000000000000000e+00 4.430660168365086306e-04 0.000000000000000000e+00 2.431610942249240177e-04 0.000000000000000000e+00 4.137360364087711777e-04 0.000000000000000000e+00 1.653849334325642895e-04 0.000000000000000000e+00 4.268639726807057643e-04 0.000000000000000000e+00 1.712328767123287685e-04 0.000000000000000000e+00 0.000000000000000000e+00 0.000000000000000000e+00 2.004811547714514808e-04 0.000000000000000000e+00 7.690335811330428588e-04 1.613163413453782852e-04 2.906131938390003021e-04 7.944073721004131028e-04 1.320946436347800873e-02 0.000000000000000000e+00 1.748480598410472042e-02 0.000000000000000000e+00 0.000000000000000000e+00 0.000000000000000000e+00 2.854177477944992020e-03 0.000000000000000000e+00 0.000000000000000000e+00 0.000000000000000000e+00 1.161665053242981515e-03 0.000000000000000000e+00 5.405405405405405489e-04 0.000000000000000000e+00 1.432556736786549066e-03 0.000000000000000000e+00 5.254860746190225798e-04 0.000000000000000000e+00 2.080856123662306809e-03 2.531004808909137049e-04 0.000000000000000000e+00 0.000000000000000000e+00 0.000000000000000000e+00 8.810572687224669988e-04 0.000000000000000000e+00 0.000000000000000000e+00 0.000000000000000000e+00 0.000000000000000000e+00 1.203369434416365867e-03 0.000000000000000000e+00 0.000000000000000000e+00 0.000000000000000000e+00 2.194907813871817390e-04 0.000000000000000000e+00 2.843332385555871256e-04 0.000000000000000000e+00 0.000000000000000000e+00 0.000000000000000000e+00 0.000000000000000000e+00 0.000000000000000000e+00 0.000000000000000000e+00 0.000000000000000000e+00 0.000000000000000000e+00 0.000000000000000000e+00 0.000000000000000000e+00
2.243589743589743668e-01 4.166666666666666609e-03 2.500000000000000139e-02 4.487179487179486850e-03 6.410256410256410251e-04 0.000000000000000000e+00 1.778846153846153910e-01 8.333333333333333218e-03 3.205128205128205125e-04 0.000000000000000000e+00 0.000000000000000000e+00 3.243593902043464031e-04 1.048784126510517722e-01 1.280245807194981434e-04 3.518648838845883035e-03 0.000000000000000000e+00 2.041625371655103952e-02 6.523157208088714576e-04 7.301729948326218626e-03 2.140788313814380971e-03 0.000000000000000000e+00 0.000000000000000000e+00 3.005432897930875209e-03 1.700969552645007540e-04 0.000000000000000000e+00 0.000000000000000000e+00 0.000000000000000000e+00 0.000000000000000000e+00 1.176839792876196479e-02 0.000000000000000000e+00 1.616292225634394599e-04 0.000000000000000000e+00 2.340823970037453209e-04 1.803340926347760066e-03 0.000000000000000000e+00 0.000000000000000000e+00 0.000000000000000000e+00 0.000000000000000000e+00 0.000000000000000000e+00 0.000000000000000000e+00 0.000000000000000000e+00 0.000000000000000000e+00 0.000000000000000000e+00 0.000000000000000000e+00 0.000000000000000000e+00 0.000000000000000000e+00 0.000000000000000000e+00 0.000000000000000000e+00 0.000000000000000000e+00 0.000000000000000000e+00 4.268943436499466433e-04 0.000000000000000000e+00 0.000000000000000000e+00 0.000000000000000000e+00 0.000000000000000000e+00 0.000000000000000000e+00 5.745967741935483798e-03 0.000000000000000000e+00 1.721626274665607288e-03 1.422879908935685881e-04 7.087544297151857249e-03 0.000000000000000000e+00 2.769492969748615311e-03 0.000000000000000000e+00 7.312614259597806192e-03 0.000000000000000000e+00 8.691873098652759869e-05 0.000000000000000000e+00 1.613163413453782852e-04 0.000000000000000000e+00 2.963139497934540872e-02 1.451589490492088714e-04 1.081081081081081098e-03 2.805049088359046422e-04 0.000000000000000000e+00 0.000000000000000000e+00 4.584527220630372720e-04 5.189413596263621952e-04 2.463054187192118254e-03 0.000000000000000000e+00 3.508771929824561469e-03 0.000000000000000000e+00 0.000000000000000000e+00 0.000000000000000000e+00 6.311307124933464990e-03 0.000000000000000000e+00 0.000000000000000000e+00 0.000000000000000000e+00 3.923491907797940423e-03 0.000000000000000000e+00 0.000000000000000000e+00 0.000000000000000000e+00 0.000000000000000000e+00 0.000000000000000000e+00 0.000000000000000000e+00 0.000000000000000000e+00 0.000000000000000000e+00 0.000000000000000000e+00 0.000000000000000000e+00 0.000000000000000000e+00 0.000000000000000000e+00 0.000000000000000000e+00 0.000000000000000000e+00 0.000000000000000000e+00 0.000000000000000000e+00 0.000000000000000000e+00 0.000000000000000000e+00 0.000000000000000000e+00 0.000000000000000000e+00 0.000000000000000000e+00 0.000000000000000000e+00 0.000000000000000000e+00 0.000000000000000000e+00 0.000000000000000000e+00 0.000000000000000000e+00 0.000000000000000000e+00
0.000000000000000000e+00 1.170937398637690585e-01 5.838469023678235365e-03 3.535517353227375648e-02 0.000000000000000000e+00 6.487187804086928062e-04 4.054492377554330500e-03 1.183911774245864357e-01 0.000000000000000000e+00 4.703211157963023414e-03 3.243593902043464031e-04 0.000000000000000000e+00 1.193495449798597603e-03 2.066316732812699952e-01 0.000000000000000000e+00 1.142623954295041849e-02 3.964321110009910612e-04 6.033920417482060983e-02 3.707032127611772573e-03 2.405238634932628169e-02 0.000000000000000000e+00 0.000000000000000000e+00 2.311871459946826784e-03 2.721551284232012063e-03 0.000000000000000000e+00 0.000000000000000000e+00 0.000000000000000000e+00 0.000000000000000000e+00 0.000000000000000000e+00 3.548134620401774408e-02 8.081461128171973539e-04 3.278091422327445055e-03 1.989700374531835295e-03 8.257403189066059648e-03 0.000000000000000000e+00 0.000000000000000000e+00 0.000000000000000000e+00 1.035411058190101362e-03 0.000000000000000000e+00 3.683241252302025702e-04 0.000000000000000000e+00 0.000000000000000000e+00 0.000000000000000000e+00 0.000000000000000000e+00 0.000000000000000000e+00 3.232410300614158038e-04 0.000000000000000000e+00 0.000000000000000000e+00 0.000000000000000000e+00 3.825554705432287561e-04 0.000000000000000000e+00 1.033820705951853580e-03 0.000000000000000000e+00 2.431610942249240177e-04 0.000000000000000000e+00 6.895600606812853865e-04 1.008064516129032257e-04 2.240965848011246264e-02 0.000000000000000000e+00 9.960159362549800624e-04 0.000000000000000000e+00 6.164383561643835448e-03 0.000000000000000000e+00 1.085481682496607786e-02 0.000000000000000000e+00 4.009623095429029616e-03 8.691873098652759869e-05 1.666239425788259383e-03 3.226326826907565705e-04 2.906131938390003021e-04 5.560851604702891828e-04 4.594280737407461374e-02 9.729729729729729229e-04 5.984104721832632368e-03 0.000000000000000000e+00 0.000000000000000000e+00 5.730659025787965223e-04 5.319148936170212637e-03 0.000000000000000000e+00 1.059322033898305038e-02 0.000000000000000000e+00 1.432720232333010643e-02 0.000000000000000000e+00 1.621621621621621538e-03 0.000000000000000000e+00 1.877403302420267012e-02 0.000000000000000000e+00 0.000000000000000000e+00 0.000000000000000000e+00 1.961950059453032233e-02 0.000000000000000000e+00 0.000000000000000000e+00 0.000000000000000000e+00 0.000000000000000000e+00 1.762114537444933998e-03 0.000000000000000000e+00 0.000000000000000000e+00 0.000000000000000000e+00 0.000000000000000000e+00 0.000000000000000000e+00 0.000000000000000000e+00 0.000000000000000000e+00 0.000000000000000000e+00 2.194907813871817390e-04 0.000000000000000000e+00 0.000000000000000000e+00 0.000000000000000000e+00 0.000000000000000000e+00 0.000000000000000000e+00 0.000000000000000000e+00 0.000000000000000000e+00 0.000000000000000000e+00 0.000000000000000000e+00 0.000000000000000000e+00 0.000000000000000000e+00 0.000000000000000000e+00
3.282112486946143354e-02 1.491869312248247004e-04 3.401462031926003049e-02 3.729673280620617645e-03 4.028047143070267316e-03 1.491869312248247004e-04 2.901685812322840619e-01 7.906907354915709146e-03 1.476950619125764509e-02 1.491869312248247004e-04 1.048784126510517722e-01 1.193495449798597603e-03 0.000000000000000000e+00 1.664319549353475945e-03 1.986863711001642108e-01 4.080799836768006527e-04 1.070366699702675860e-02 3.261578604044357288e-04 3.033026286227813884e-03 7.555723460521344666e-04 0.000000000000000000e+00 0.000000000000000000e+00 1.259969945671020677e-02 3.061745194761013571e-03 3.588087549336204025e-04 5.832604257801108716e-04 2.775464890369137090e-04 3.041362530413625385e-04 7.876981013651342123e-02 2.608922515001304361e-04 3.070955228705350010e-03 4.006556182844654874e-03 1.053370786516853903e-03 1.328777524677296788e-03 3.748125937031484135e-04 0.000000000000000000e+00 2.362948960302457531e-04 0.000000000000000000e+00 5.076142131979695686e-04 0.000000000000000000e+00 1.503759398496240692e-03 0.000000000000000000e+00 0.000000000000000000e+00 0.000000000000000000e+00 0.000000000000000000e+00 0.000000000000000000e+00 0.000000000000000000e+00 0.000000000000000000e+00 1.859773107680862982e-04 0.000000000000000000e+00 4.268943436499466433e-04 0.000000000000000000e+00 5.512679162072767463e-04 0.000000000000000000e+00 2.193463478833077560e-04 0.000000000000000000e+00 2.217741935483870993e-03 1.653849334325642895e-04 2.648655807177857299e-03 0.000000000000000000e+00 1.312508203176269810e-02 0.000000000000000000e+00 6.604175543246697949e-03 0.000000000000000000e+00 1.671454687908070086e-02 0.000000000000000000e+00 8.691873098652760140e-04 1.281722635221738008e-04 0.000000000000000000e+00 0.000000000000000000e+00 6.085160470289164431e-02 1.016112643344462127e-03 1.416216216216216288e-02 8.415147265077139267e-04 0.000000000000000000e+00 0.000000000000000000e+00 2.166189111747850865e-02 9.081473793461339230e-04 7.389162561576354329e-03 0.000000000000000000e+00 8.020050125313283110e-03 1.936108422071636129e-04 0.000000000000000000e+00 0.000000000000000000e+00 1.710896509771120053e-02 0.000000000000000000e+00 0.000000000000000000e+00 0.000000000000000000e+00 1.275134870034330507e-02 0.000000000000000000e+00 0.000000000000000000e+00 0.000000000000000000e+00 3.664345914254305567e-04 0.000000000000000000e+00 3.524229074889867995e-03 0.000000000000000000e+00 0.000000000000000000e+00 0.000000000000000000e+00 0.000000000000000000e+00 0.000000000000000000e+00 0.000000000000000000e+00 0.000000000000000000e+00 0.000000000000000000e+00 2.194907813871817390e-04 3.665689149560117299e-04 0.000000000000000000e+00 1.102535832414553493e-03 0.000000000000000000e+00 0.000000000000000000e+00 0.000000000000000000e+00 0.000000000000000000e+00 0.000000000000000000e+00 0.000000000000000000e+00 0.000000000000000000e+00 0.000000000000000000e+00 0.000000000000000000e+00
