2.826165268926191798e-01 4.984449365010596988e-01 3.819546322850522202e-01 5.029699381447035877e-01 4.028964257768835044e-01 0.000000000000000000e+00 3.334673105837918095e-01 4.634957335703577819e-01 3.705198394495357594e-01 3.977147248322148165e-01 3.065647280841201083e-01 4.778585688106011808e-01 3.859896454630551421e-01 0.000000000000000000e+00 3.830998715708529567e-01 0.000000000000000000e+00 3.654784612988446479e-01 4.870512097699343235e-01 3.722903926657022966e-01 5.137697832561015643e-01 0.000000000000000000e+00 0.000000000000000000e+00 4.138463975370381687e-01 0.000000000000000000e+00 0.000000000000000000e+00 0.000000000000000000e+00 0.000000000000000000e+00 0.000000000000000000e+00 4.092821949258463321e-01 0.000000000000000000e+00 3.632107407407407229e-01 4.502538888888889534e-01 4.274717433377410170e-01 4.881250053898092411e-01 4.611853837209303197e-01 0.000000000000000000e+00 4.943880486798739038e-01 5.484772673267326315e-01 0.000000000000000000e+00 0.000000000000000000e+00 4.153708979792313793e-01 0.000000000000000000e+00 0.000000000000000000e+00 0.000000000000000000e+00 4.112206084044405796e-01 0.000000000000000000e+00 0.000000000000000000e+00 0.000000000000000000e+00 4.117246567125083523e-01 4.834519807692307380e-01 4.236553939132075564e-01 4.593292204724408467e-01 4.222519105900772729e-01 0.000000000000000000e+00 4.175791899250331229e-01 0.000000000000000000e+00 3.082758228347927676e-01 4.698040449175995836e-01 4.084981696400718509e-01 4.857922284769179977e-01 3.963776950789270059e-01 0.000000000000000000e+00 3.584806001052225910e-01 0.000000000000000000e+00 4.256296513790530089e-01 4.728595929203540660e-01 4.250484857740029487e-01 5.101673377446392932e-01 3.701873510550449109e-01 5.236504386964906388e-01 3.592243141130267992e-01 4.797576583268695627e-01 3.940586334525999490e-01 4.779390492102284504e-01 3.034442641509433880e-01 0.000000000000000000e+00 3.980833690562838867e-01 4.616868862909171423e-01 3.761331463414634424e-01 0.000000000000000000e+00 4.157346335704590889e-01 0.000000000000000000e+00 0.000000000000000000e+00 0.000000000000000000e+00 4.354460003645945210e-01 0.000000000000000000e+00 0.000000000000000000e+00 0.000000000000000000e+00 4.423086889192717197e-01 0.000000000000000000e+00 4.566522709365899435e-01 4.593853425398146673e-01 0.000000000000000000e+00 5.025295174129352782e-01 5.240818112939280571e-01 0.000000000000000000e+00 5.071388998211091570e-01 4.299138400000000471e-01 4.599157216814159232e-01 4.650392209448819258e-01 4.496064054054054182e-01 0.000000000000000000e+00 4.546384106734023267e-01 4.646735274151411743e-01 4.598360885971443102e-01 4.864756773674439039e-01 4.757352017431973334e-01 4.809056372549019298e-01 0.000000000000000000e+00 0.000000000000000000e+00 4.100699099337748454e-01 0.000000000000000000e+00 0.000000000000000000e+00 0.000000000000000000e+00 0.000000000000000000e+00 0.000000000000000000e+00
4.984449365010596988e-01 2.851915171330412502e-01 4.998304385436651009e-01 3.523872060858557198e-01 0.000000000000000000e+00 3.330457065217391488e-01 4.527384762984537625e-01 3.011616133302146281e-01 0.000000000000000000e+00 3.420802540747048259e-01 4.717541290322579961e-01 3.683454555873932335e-01 0.000000000000000000e+00 3.749678945743208369e-01 0.000000000000000000e+00 3.548124819894517001e-01 4.713283393310614411e-01 3.942398903776195285e-01 5.113682993685018108e-01 3.971608050867281858e-01 0.000000000000000000e+00 0.000000000000000000e+00 4.412385781624700298e-01 3.905668873376798578e-01 0.000000000000000000e+00 0.000000000000000000e+00 0.000000000000000000e+00 0.000000000000000000e+00 4.948495734865652196e-01 4.316857010991434485e-01 4.116647585227272144e-01 0.000000000000000000e+00 5.057409204505466382e-01 4.701361545135457898e-01 0.000000000000000000e+00 0.000000000000000000e+00 5.001150115989997369e-01 5.500706331460143428e-01 0.000000000000000000e+00 0.000000000000000000e+00 0.000000000000000000e+00 4.509883548793846564e-01 0.000000000000000000e+00 4.284769211090686536e-01 0.000000000000000000e+00 4.219261186014800491e-01 0.000000000000000000e+00 0.000000000000000000e+00 0.000000000000000000e+00 4.244403721160293630e-01 4.488313141666114836e-01 4.079241394578717039e-01 0.000000000000000000e+00 3.976715947309072408e-01 4.767790661764705340e-01 4.059943341880341561e-01 4.984176537456866951e-01 3.281156836513078878e-01 4.860066291268999583e-01 4.276171737896830582e-01 0.000000000000000000e+00 4.090576814273168549e-01 0.000000000000000000e+00 3.986915917351724903e-01 4.724099292035398578e-01 4.098514468540129796e-01 5.156100907963246938e-01 4.047026714231204969e-01 5.368065197543143707e-01 3.599589564338436243e-01 5.056965556764240199e-01 3.934807007430753401e-01 4.779802612128485895e-01 4.319089985838996948e-01 4.656004999999999727e-01 4.515501307497566952e-01 4.580547008597068981e-01 4.097293262562909377e-01 0.000000000000000000e+00 4.203109827586206659e-01 0.000000000000000000e+00 4.123387146227315836e-01 0.000000000000000000e+00 4.172749873417722077e-01 4.483394122748204369e-01 4.323947678399798211e-01 0.000000000000000000e+00 0.000000000000000000e+00 4.530090125786163102e-01 4.461143818883884782e-01 4.419248453974307655e-01 4.472635710625000316e-01 0.000000000000000000e+00 4.741765066201252266e-01 5.481904444444444247e-01 5.387651917808220503e-01 4.867228401696343520e-01 0.000000000000000000e+00 4.757765438596491259e-01 4.533686833333332999e-01 4.418150774647887080e-01 4.398366800000000354e-01 4.345755706675550889e-01 4.838757309416158447e-01 4.631867415730337445e-01 4.937553947133279664e-01 0.000000000000000000e+00 4.710940814102564378e-01 0.000000000000000000e+00 0.000000000000000000e+00 4.331548532110092165e-01 0.000000000000000000e+00 0.000000000000000000e+00 0.000000000000000000e+00 0.000000000000000000e+00 4.890125412919517633e-01
3.819546322850522202e-01 4.998304385436651009e-01 2.591610092188031400e-01 4.710109836535094074e-01 2.160303425069875771e-01 0.000000000000000000e+00 3.010269597732504465e-01 4.404294660490442603e-01 2.928692217769079398e-01 3.741904494481873011e-01 4.082594574736317372e-01 4.198667520833333500e-01 3.546560743316977127e-01 4.181267558724333644e-01 3.326850756913974916e-01 3.968464881794247501e-01 4.312956797889727079e-01 0.000000000000000000e+00 3.318931646961044701e-01 5.012215878991377327e-01 3.375077101014272718e-01 0.000000000000000000e+00 2.353401958660263915e-01 4.014437038223764298e-01 2.690142670749405274e-01 3.592802976936461112e-01 2.978411516171352580e-01 0.000000000000000000e+00 4.016936773211570166e-01 4.303069739325491305e-01 3.470092268478061626e-01 3.690959934533309950e-01 4.034413150495688161e-01 5.034716855397550761e-01 3.931502935563226941e-01 0.000000000000000000e+00 4.627304216422575278e-01 0.000000000000000000e+00 4.328728718334297620e-01 0.000000000000000000e+00 4.465121046060984700e-01 0.000000000000000000e+00 0.000000000000000000e+00 0.000000000000000000e+00 4.534771868629700609e-01 0.000000000000000000e+00 3.730751517857143207e-01 0.000000000000000000e+00 4.322769506664503325e-01 0.000000000000000000e+00 4.107065699256114977e-01 0.000000000000000000e+00 0.000000000000000000e+00 0.000000000000000000e+00 0.000000000000000000e+00 0.000000000000000000e+00 4.200770793140715664e-01 4.824418799596593699e-01 4.322249296572948651e-01 0.000000000000000000e+00 4.093005301448457423e-01 0.000000000000000000e+00 0.000000000000000000e+00 0.000000000000000000e+00 4.158149364301900741e-01 4.903333040834978451e-01 4.440202235376902173e-01 4.618993088235294198e-01 4.124286856842777627e-01 0.000000000000000000e+00 3.606475057728917299e-01 4.538058216425949754e-01 3.516250332474397111e-01 4.121625109551863564e-01 3.291554337287717069e-01 0.000000000000000000e+00 3.805757237908658497e-01 4.136986224185815186e-01 4.296564415584415153e-01 0.000000000000000000e+00 4.148944192368670958e-01 0.000000000000000000e+00 0.000000000000000000e+00 0.000000000000000000e+00 4.284238695518119422e-01 0.000000000000000000e+00 0.000000000000000000e+00 0.000000000000000000e+00 4.210026470951781508e-01 0.000000000000000000e+00 4.049147214172418852e-01 4.117493527458493396e-01 0.000000000000000000e+00 0.000000000000000000e+00 4.146944090909089886e-01 0.000000000000000000e+00 4.130992508188928714e-01 0.000000000000000000e+00 4.118580437005686101e-01 0.000000000000000000e+00 0.000000000000000000e+00 4.422461181102361749e-01 4.133430638966117954e-01 4.200647578086577627e-01 4.298647878787879018e-01 3.844718151658352845e-01 0.000000000000000000e+00 0.000000000000000000e+00 0.000000000000000000e+00 0.000000000000000000e+00 0.000000000000000000e+00 0.000000000000000000e+00 0.000000000000000000e+00 0.000000000000000000e+00 0.000000000000000000e+00 4.343759108910891786e-01
5.029699381447035877e-01 3.523872060858557198e-01 4.710109836535094074e-01 2.482074628836702102e-01 3.326192345679012119e-01 2.463454129591060027e-01 4.460332907793786439e-01 3.398878401993338239e-01 3.819464274016564076e-01 3.040635870039783417e-01 4.481992352115398148e-01 4.001833486199659062e-01 4.296438605690266477e-01 3.448392857093023900e-01 3.974767633809523915e-01 3.212099342373349042e-01 4.791117450980391657e-01 4.382901941298863457e-01 5.111062320438929385e-01 3.083015349649721459e-01 4.062387417184265548e-01 0.000000000000000000e+00 4.144209979518518328e-01 2.287908060383443132e-01 4.163541971830986288e-01 2.771046069059292516e-01 3.870086450216451146e-01 2.956909629926108285e-01 4.664889875037639966e-01 3.860245224826845400e-01 3.904759454353454173e-01 3.383932432177793603e-01 5.056914493614241835e-01 3.794046777641685297e-01 4.623858785046729425e-01 4.224741410256410701e-01 5.329203113370438727e-01 5.107852832279318189e-01 0.000000000000000000e+00 0.000000000000000000e+00 0.000000000000000000e+00 4.721664783566695278e-01 0.000000000000000000e+00 0.000000000000000000e+00 0.000000000000000000e+00 4.358981704237511190e-01 0.000000000000000000e+00 0.000000000000000000e+00 4.337291806451613607e-01 4.585961528333714621e-01 4.687713609022556294e-01 4.351557367567991386e-01 0.000000000000000000e+00 0.000000000000000000e+00 0.000000000000000000e+00 0.000000000000000000e+00 0.000000000000000000e+00 4.214942418852244410e-01 5.067760092592592525e-01 4.365528313603147526e-01 4.820279131210418733e-01 0.000000000000000000e+00 0.000000000000000000e+00 4.130095403908389251e-01 0.000000000000000000e+00 4.147130345610629543e-01 4.801795354469060584e-01 4.278502688949440969e-01 5.169606292134831804e-01 3.286969565961276318e-01 4.589758820264963068e-01 3.752311923539602412e-01 4.336052141708132690e-01 3.896648535695312887e-01 0.000000000000000000e+00 3.848428342018196391e-01 4.115699458653305776e-01 4.038290698107964705e-01 0.000000000000000000e+00 0.000000000000000000e+00 0.000000000000000000e+00 3.999668192059309124e-01 0.000000000000000000e+00 0.000000000000000000e+00 4.555939933333333358e-01 4.262446505579453593e-01 0.000000000000000000e+00 0.000000000000000000e+00 0.000000000000000000e+00 4.306872917942188295e-01 4.257931658054522894e-01 0.000000000000000000e+00 3.691509012738853901e-01 0.000000000000000000e+00 4.340008105053191900e-01 0.000000000000000000e+00 4.900975000000000192e-01 0.000000000000000000e+00 4.370536801194776499e-01 4.827321902654867491e-01 4.314233909774436437e-01 0.000000000000000000e+00 4.146431723052433904e-01 4.832587765472970975e-01 4.462840165993265384e-01 4.551996297556997750e-01 0.000000000000000000e+00 0.000000000000000000e+00 0.000000000000000000e+00 0.000000000000000000e+00 0.000000000000000000e+00 0.000000000000000000e+00 0.000000000000000000e+00 4.096387966101694977e-01 0.000000000000000000e+00 0.000000000000000000e+00
4.028964257768835044e-01 0.000000000000000000e+00 2.160303425069875771e-01 3.326192345679012119e-01 1.986725794385335309e-01 3.905249761904761585e-01 3.114867209092069267e-01 3.755990149253731203e-01 2.472159095638999382e-01 3.863449431114551191e-01 0.000000000000000000e+00 0.000000000000000000e+00 0.000000000000000000e+00 0.000000000000000000e+00 2.593752314884091303e-01 0.000000000000000000e+00 0.000000000000000000e+00 0.000000000000000000e+00 3.698707122050367557e-01 0.000000000000000000e+00 3.037530119980194065e-01 0.000000000000000000e+00 2.830220771699862303e-01 3.892332655269704067e-01 1.943630228399195747e-01 3.491135205479451442e-01 2.328899382956516606e-01 0.000000000000000000e+00 3.313751273120509322e-01 0.000000000000000000e+00 3.188082697878547589e-01 3.576310880886082733e-01 0.000000000000000000e+00 0.000000000000000000e+00 0.000000000000000000e+00 0.000000000000000000e+00 4.039422631578946654e-01 0.000000000000000000e+00 0.000000000000000000e+00 0.000000000000000000e+00 0.000000000000000000e+00 0.000000000000000000e+00 4.564157368421052352e-01 0.000000000000000000e+00 0.000000000000000000e+00 0.000000000000000000e+00 4.213736718750000776e-01 0.000000000000000000e+00 0.000000000000000000e+00 0.000000000000000000e+00 0.000000000000000000e+00 0.000000000000000000e+00 0.000000000000000000e+00 0.000000000000000000e+00 0.000000000000000000e+00 0.000000000000000000e+00 4.188410372474747345e-01 0.000000000000000000e+00 0.000000000000000000e+00 0.000000000000000000e+00 0.000000000000000000e+00 0.000000000000000000e+00 0.000000000000000000e+00 0.000000000000000000e+00 3.823641608141537529e-01 0.000000000000000000e+00 3.946230974084549703e-01 0.000000000000000000e+00 4.408782291666666353e-01 0.000000000000000000e+00 3.075656080695763350e-01 4.613589499999999899e-01 3.256333337403391481e-01 0.000000000000000000e+00 3.099558927406717568e-01 0.000000000000000000e+00 3.397731876834765297e-01 0.000000000000000000e+00 0.000000000000000000e+00 0.000000000000000000e+00 3.621130352941176467e-01 0.000000000000000000e+00 0.000000000000000000e+00 0.000000000000000000e+00 3.975470649720065364e-01 0.000000000000000000e+00 0.000000000000000000e+00 0.000000000000000000e+00 3.991666821705426305e-01 0.000000000000000000e+00 0.000000000000000000e+00 0.000000000000000000e+00 0.000000000000000000e+00 0.000000000000000000e+00 0.000000000000000000e+00 0.000000000000000000e+00 0.000000000000000000e+00 0.000000000000000000e+00 0.000000000000000000e+00 3.213357367187499869e-01 0.000000000000000000e+00 0.000000000000000000e+00 0.000000000000000000e+00 3.784371626972530822e-01 0.000000000000000000e+00 0.000000000000000000e+00 0.000000000000000000e+00 0.000000000000000000e+00 0.000000000000000000e+00 0.000000000000000000e+00 0.000000000000000000e+00 0.000000000000000000e+00 0.000000000000000000e+00 0.000000000000000000e+00 0.000000000000000000e+00 0.000000000000000000e+00
0.000000000000000000e+00 3.330457065217391488e-01 0.000000000000000000e+00 2.463454129591060027e-01 3.905249761904761585e-01 1.918270826883171076e-01 0.000000000000000000e+00 3.138249010996012611e-01 3.811218588573709876e-01 2.338310949246531489e-01 0.000000000000000000e+00 0.000000000000000000e+00 0.000000000000000000e+00 3.227273617021276797e-01 3.438191627906977410e-01 2.814970436888046268e-01 0.000000000000000000e+00 0.000000000000000000e+00 3.779074542103538770e-01 3.632582777777778049e-01 3.475103011218257931e-01 2.485897125896063264e-01 4.134962659534534568e-01 2.386893845522756186e-01 4.022037832507579513e-01 1.934839702785668969e-01 3.573128017584950578e-01 2.042078368615774797e-01 0.000000000000000000e+00 2.670973650418332901e-01 3.663103877889784532e-01 2.707494710293232854e-01 0.000000000000000000e+00 3.148737716049382906e-01 0.000000000000000000e+00 0.000000000000000000e+00 0.000000000000000000e+00 3.902124832800740184e-01 0.000000000000000000e+00 0.000000000000000000e+00 0.000000000000000000e+00 0.000000000000000000e+00 0.000000000000000000e+00 4.543140592592592175e-01 0.000000000000000000e+00 0.000000000000000000e+00 0.000000000000000000e+00 4.977764456521737713e-01 0.000000000000000000e+00 0.000000000000000000e+00 0.000000000000000000e+00 3.901262265625000114e-01 0.000000000000000000e+00 0.000000000000000000e+00 0.000000000000000000e+00 4.321542413793103554e-01 0.000000000000000000e+00 3.901005258620689475e-01 0.000000000000000000e+00 0.000000000000000000e+00 0.000000000000000000e+00 0.000000000000000000e+00 0.000000000000000000e+00 3.991489999999999760e-01 0.000000000000000000e+00 0.000000000000000000e+00 0.000000000000000000e+00 0.000000000000000000e+00 0.000000000000000000e+00 0.000000000000000000e+00 4.146109573368303436e-01 2.904506317412626770e-01 0.000000000000000000e+00 3.069381554811823065e-01 0.000000000000000000e+00 2.930353231872294684e-01 0.000000000000000000e+00 3.342289521534312913e-01 0.000000000000000000e+00 0.000000000000000000e+00 0.000000000000000000e+00 0.000000000000000000e+00 0.000000000000000000e+00 0.000000000000000000e+00 0.000000000000000000e+00 3.852597070037694915e-01 0.000000000000000000e+00 0.000000000000000000e+00 0.000000000000000000e+00 3.883531201745060724e-01 3.764758686131386978e-01 0.000000000000000000e+00 0.000000000000000000e+00 0.000000000000000000e+00 0.000000000000000000e+00 0.000000000000000000e+00 0.000000000000000000e+00 0.000000000000000000e+00 0.000000000000000000e+00 0.000000000000000000e+00 0.000000000000000000e+00 0.000000000000000000e+00 0.000000000000000000e+00 0.000000000000000000e+00 0.000000000000000000e+00 3.882066736842104682e-01 0.000000000000000000e+00 0.000000000000000000e+00 0.000000000000000000e+00 0.000000000000000000e+00 0.000000000000000000e+00 0.000000000000000000e+00 0.000000000000000000e+00 0.000000000000000000e+00 0.000000000000000000e+00 0.000000000000000000e+00
3.334673105837918095e-01 4.527384762984537625e-01 3.010269597732504465e-01 4.460332907793786439e-01 3.114867209092069267e-01 0.000000000000000000e+00 2.620108045653977702e-01 4.310166446455682698e-01 2.846991168405634265e-01 3.937047405275602707e-01 3.188670810379451437e-01 4.409951741907831568e-01 2.917989099358667682e-01 4.173381915143243304e-01 3.296794753565751024e-01 3.908069082245721471e-01 4.149535726760339438e-01 4.596804524445017859e-01 4.035199234608528585e-01 4.699693697947350257e-01 0.000000000000000000e+00 0.000000000000000000e+00 3.702560083113977107e-01 4.313992067961031629e-01 0.000000000000000000e+00 3.807771609660033363e-01 3.355489893396685908e-01 0.000000000000000000e+00 3.750273322269339071e-01 4.382779998392833387e-01 3.562818530724929378e-01 4.183739150480143554e-01 3.677644220806678965e-01 4.630677829166366388e-01 4.053237809294871763e-01 0.000000000000000000e+00 4.095338048390256835e-01 0.000000000000000000e+00 0.000000000000000000e+00 0.000000000000000000e+00 3.904611475409836552e-01 0.000000000000000000e+00 0.000000000000000000e+00 0.000000000000000000e+00 4.084129757242298542e-01 0.000000000000000000e+00 0.000000000000000000e+00 0.000000000000000000e+00 4.083485682224520796e-01 0.000000000000000000e+00 4.090051755742981632e-01 0.000000000000000000e+00 0.000000000000000000e+00 0.000000000000000000e+00 4.085216644405709197e-01 0.000000000000000000e+00 4.097835349216631395e-01 0.000000000000000000e+00 4.098359421542610570e-01 4.607823503326659020e-01 4.017991642706968958e-01 0.000000000000000000e+00 3.790413199650058962e-01 0.000000000000000000e+00 4.109280048920188055e-01 4.451429626865671119e-01 4.174837376607573036e-01 4.710584876033058199e-01 4.159821786181847059e-01 0.000000000000000000e+00 3.232921694410144098e-01 4.475373313264339181e-01 3.362911913222014770e-01 4.305666929326076864e-01 3.250540370421641234e-01 0.000000000000000000e+00 3.659161241050277180e-01 4.303642866789947896e-01 0.000000000000000000e+00 0.000000000000000000e+00 4.064351824403110713e-01 0.000000000000000000e+00 0.000000000000000000e+00 0.000000000000000000e+00 4.184497575471206599e-01 0.000000000000000000e+00 0.000000000000000000e+00 0.000000000000000000e+00 4.273336621303093774e-01 0.000000000000000000e+00 0.000000000000000000e+00 4.146887666666667083e-01 0.000000000000000000e+00 0.000000000000000000e+00 4.166228783783783585e-01 0.000000000000000000e+00 3.942658849557522660e-01 0.000000000000000000e+00 0.000000000000000000e+00 4.317951393442622798e-01 0.000000000000000000e+00 0.000000000000000000e+00 3.975175867768594440e-01 3.874045820895523073e-01 0.000000000000000000e+00 0.000000000000000000e+00 0.000000000000000000e+00 0.000000000000000000e+00 0.000000000000000000e+00 0.000000000000000000e+00 4.010365384615384166e-01 0.000000000000000000e+00 0.000000000000000000e+00 0.000000000000000000e+00 0.000000000000000000e+00 0.000000000000000000e+00
4.634957335703577819e-01 3.011616133302146281e-01 4.404294660490442603e-01 3.398878401993338239e-01 3.755990149253731203e-01 3.138249010996012611e-01 4.310166446455682698e-01 2.443483661916519556e-01 3.882092694637226948e-01 2.492122796682169072e-01 4.499470828188843474e-01 2.921770757875423175e-01 4.261301107096600593e-01 2.549747463622666355e-01 3.900921767362817150e-01 2.896036636418957144e-01 4.498202177338403995e-01 4.038191405071039353e-01 4.736444677293477623e-01 3.943941991591307650e-01 0.000000000000000000e+00 0.000000000000000000e+00 4.158112197537698895e-01 3.657629744846444542e-01 4.330685606060606929e-01 3.015735804823439503e-01 4.289243780487805857e-01 0.000000000000000000e+00 4.621568597749139973e-01 3.306785888230922010e-01 4.090928559913837304e-01 3.630982146589340487e-01 4.587126543241658583e-01 3.935508248428404854e-01 4.651353786407766977e-01 0.000000000000000000e+00 4.681254092266082245e-01 4.550559538228376999e-01 0.000000000000000000e+00 0.000000000000000000e+00 0.000000000000000000e+00 5.082888947368420229e-01 0.000000000000000000e+00 3.703310793035903825e-01 4.333465941176470326e-01 4.196269749587936970e-01 0.000000000000000000e+00 4.661167063624161444e-01 0.000000000000000000e+00 4.251264968076915451e-01 0.000000000000000000e+00 3.974412716723865202e-01 4.421703466666667692e-01 3.877037547089691727e-01 0.000000000000000000e+00 3.998504579048074437e-01 4.537177426470588859e-01 4.141527159188557183e-01 4.527177500240084917e-01 4.184409082595899054e-01 0.000000000000000000e+00 3.877255298315202547e-01 0.000000000000000000e+00 3.764080910361865540e-01 0.000000000000000000e+00 3.987602249770811902e-01 4.169444396293027211e-01 4.433089314440619710e-01 4.666466060893691425e-01 4.123461260884528357e-01 4.340106811508390727e-01 3.342393715528564901e-01 4.293244606589725065e-01 3.445407846129806551e-01 0.000000000000000000e+00 3.553066599278023041e-01 4.312412146607741414e-01 3.684174194865320606e-01 0.000000000000000000e+00 0.000000000000000000e+00 0.000000000000000000e+00 3.987523631184375361e-01 0.000000000000000000e+00 0.000000000000000000e+00 4.889779007633586749e-01 4.100794422720233090e-01 0.000000000000000000e+00 0.000000000000000000e+00 4.544551582733813433e-01 4.082281711617009590e-01 4.378471118012421948e-01 0.000000000000000000e+00 0.000000000000000000e+00 0.000000000000000000e+00 0.000000000000000000e+00 0.000000000000000000e+00 4.578169994388328057e-01 0.000000000000000000e+00 0.000000000000000000e+00 4.565079789473684424e-01 0.000000000000000000e+00 0.000000000000000000e+00 4.181900627072353549e-01 3.966547333333333425e-01 4.243338282828283403e-01 4.264206359892423470e-01 0.000000000000000000e+00 0.000000000000000000e+00 0.000000000000000000e+00 0.000000000000000000e+00 0.000000000000000000e+00 0.000000000000000000e+00 0.000000000000000000e+00 0.000000000000000000e+00 0.000000000000000000e+00 0.000000000000000000e+00
3.705198394495357594e-01 0.000000000000000000e+00 2.928692217769079398e-01 3.819464274016564076e-01 2.472159095638999382e-01 3.811218588573709876e-01 2.846991168405634265e-01 3.882092694637226948e-01 2.387645133857142776e-01 3.766173167231235408e-01 3.527324419128378685e-01 0.000000000000000000e+00 3.237365311549247893e-01 0.000000000000000000e+00 2.545354376983737232e-01 3.791445887500000111e-01 3.589494391877146029e-01 0.000000000000000000e+00 3.894587604062604291e-01 0.000000000000000000e+00 0.000000000000000000e+00 0.000000000000000000e+00 3.538223424962692598e-01 3.853415449864498465e-01 2.782255795525229725e-01 3.491946323529411811e-01 2.333134732470109884e-01 0.000000000000000000e+00 3.482401644078359504e-01 0.000000000000000000e+00 3.467971549961778588e-01 3.663546798555232242e-01 0.000000000000000000e+00 0.000000000000000000e+00 0.000000000000000000e+00 0.000000000000000000e+00 3.889437244578582420e-01 0.000000000000000000e+00 0.000000000000000000e+00 0.000000000000000000e+00 4.292142238805969345e-01 0.000000000000000000e+00 0.000000000000000000e+00 0.000000000000000000e+00 0.000000000000000000e+00 0.000000000000000000e+00 0.000000000000000000e+00 0.000000000000000000e+00 0.000000000000000000e+00 0.000000000000000000e+00 0.000000000000000000e+00 0.000000000000000000e+00 0.000000000000000000e+00 0.000000000000000000e+00 0.000000000000000000e+00 0.000000000000000000e+00 3.950409888198758157e-01 0.000000000000000000e+00 0.000000000000000000e+00 0.000000000000000000e+00 3.958555051546391867e-01 0.000000000000000000e+00 3.652763404255319202e-01 0.000000000000000000e+00 0.000000000000000000e+00 0.000000000000000000e+00 0.000000000000000000e+00 4.398270426829267721e-01 0.000000000000000000e+00 0.000000000000000000e+00 3.181173120446358360e-01 3.997923233333333104e-01 3.340299902707452029e-01 0.000000000000000000e+00 3.295904672133954660e-01 0.000000000000000000e+00 3.549696494346571973e-01 0.000000000000000000e+00 0.000000000000000000e+00 0.000000000000000000e+00 3.521658376831501291e-01 0.000000000000000000e+00 0.000000000000000000e+00 0.000000000000000000e+00 4.128804289729177679e-01 0.000000000000000000e+00 0.000000000000000000e+00 0.000000000000000000e+00 3.578172857142856711e-01 0.000000000000000000e+00 4.307026022624433903e-01 0.000000000000000000e+00 0.000000000000000000e+00 0.000000000000000000e+00 4.027516463414635428e-01 0.000000000000000000e+00 3.720546608643456876e-01 3.939368380952381066e-01 0.000000000000000000e+00 0.000000000000000000e+00 0.000000000000000000e+00 0.000000000000000000e+00 0.000000000000000000e+00 0.000000000000000000e+00 0.000000000000000000e+00 0.000000000000000000e+00 0.000000000000000000e+00 0.000000000000000000e+00 0.000000000000000000e+00 0.000000000000000000e+00 0.000000000000000000e+00 0.000000000000000000e+00 0.000000000000000000e+00 0.000000000000000000e+00 0.000000000000000000e+00 0.000000000000000000e+00
3.977147248322148165e-01 3.420802540747048259e-01 3.741904494481873011e-01 3.040635870039783417e-01 3.863449431114551191e-01 2.338310949246531489e-01 3.937047405275602707e-01 2.492122796682169072e-01 3.766173167231235408e-01 2.359023143580556980e-01 0.000000000000000000e+00 3.082631661075462270e-01 0.000000000000000000e+00 3.130926191834735861e-01 0.000000000000000000e+00 2.734096837248631284e-01 0.000000000000000000e+00 3.446214693877550639e-01 0.000000000000000000e+00 3.806434571660756716e-01 3.980530624999999989e-01 0.000000000000000000e+00 3.861290782934544419e-01 3.382006544725023045e-01 3.787743153960793641e-01 1.851779246031745874e-01 3.691958199448637234e-01 1.519963606845237958e-01 0.000000000000000000e+00 3.381587836948130588e-01 3.623288370897973509e-01 3.387664030482456234e-01 0.000000000000000000e+00 3.607990799999999387e-01 0.000000000000000000e+00 0.000000000000000000e+00 0.000000000000000000e+00 0.000000000000000000e+00 0.000000000000000000e+00 0.000000000000000000e+00 0.000000000000000000e+00 0.000000000000000000e+00 0.000000000000000000e+00 0.000000000000000000e+00 0.000000000000000000e+00 0.000000000000000000e+00 0.000000000000000000e+00 0.000000000000000000e+00 0.000000000000000000e+00 0.000000000000000000e+00 0.000000000000000000e+00 0.000000000000000000e+00 0.000000000000000000e+00 0.000000000000000000e+00 0.000000000000000000e+00 0.000000000000000000e+00 0.000000000000000000e+00 4.275425142857142147e-01 0.000000000000000000e+00 0.000000000000000000e+00 0.000000000000000000e+00 0.000000000000000000e+00 0.000000000000000000e+00 0.000000000000000000e+00 0.000000000000000000e+00 3.463327211538461681e-01 0.000000000000000000e+00 0.000000000000000000e+00 0.000000000000000000e+00 0.000000000000000000e+00 4.230278035520542712e-01 2.992680980640218813e-01 0.000000000000000000e+00 3.379795249515986089e-01 0.000000000000000000e+00 3.167942323804935900e-01 3.139132407407407843e-01 3.460067769944996097e-01 0.000000000000000000e+00 0.000000000000000000e+00 0.000000000000000000e+00 3.736831747572815776e-01 0.000000000000000000e+00 0.000000000000000000e+00 0.000000000000000000e+00 3.881607577871420967e-01 0.000000000000000000e+00 0.000000000000000000e+00 0.000000000000000000e+00 3.856587861714970145e-01 0.000000000000000000e+00 0.000000000000000000e+00 0.000000000000000000e+00 0.000000000000000000e+00 3.508320810810810486e-01 0.000000000000000000e+00 0.000000000000000000e+00 0.000000000000000000e+00 0.000000000000000000e+00 0.000000000000000000e+00 0.000000000000000000e+00 3.831801056910568715e-01 3.763978306451612466e-01 0.000000000000000000e+00 0.000000000000000000e+00 0.000000000000000000e+00 0.000000000000000000e+00 0.000000000000000000e+00 0.000000000000000000e+00 0.000000000000000000e+00 0.000000000000000000e+00 0.000000000000000000e+00 0.000000000000000000e+00 0.000000000000000000e+00 0.000000000000000000e+00 0.000000000000000000e+00
3.065647280841201083e-01 4.717541290322579961e-01 4.082594574736317372e-01 4.481992352115398148e-01 0.000000000000000000e+00 0.000000000000000000e+00 3.188670810379451437e-01 4.499470828188843474e-01 3.527324419128378685e-01 0.000000000000000000e+00 2.608893351983295195e-01 4.390069470588235934e-01 3.016365066148705698e-01 4.224070907118684381e-01 3.707099672318511785e-01 0.000000000000000000e+00 3.574763857806708134e-01 0.000000000000000000e+00 4.245110101015803217e-01 4.731357312699267514e-01 0.000000000000000000e+00 0.000000000000000000e+00 3.983176980503213005e-01 4.634538428104574281e-01 0.000000000000000000e+00 0.000000000000000000e+00 0.000000000000000000e+00 0.000000000000000000e+00 3.234139231922167901e-01 4.535851458333333142e-01 3.907969863812787437e-01 4.482456923076921784e-01 3.914416045487212337e-01 4.669691321520523797e-01 4.028104103539576486e-01 0.000000000000000000e+00 3.592661999999999800e-01 0.000000000000000000e+00 0.000000000000000000e+00 0.000000000000000000e+00 0.000000000000000000e+00 0.000000000000000000e+00 0.000000000000000000e+00 0.000000000000000000e+00 4.243174937728937945e-01 0.000000000000000000e+00 0.000000000000000000e+00 0.000000000000000000e+00 0.000000000000000000e+00 0.000000000000000000e+00 4.264559848705521405e-01 0.000000000000000000e+00 0.000000000000000000e+00 0.000000000000000000e+00 4.920116086956520807e-01 0.000000000000000000e+00 3.689626393258435555e-01 0.000000000000000000e+00 4.051088793775393104e-01 0.000000000000000000e+00 3.928618903163378917e-01 0.000000000000000000e+00 0.000000000000000000e+00 0.000000000000000000e+00 4.174930799444550589e-01 0.000000000000000000e+00 4.083346169443407558e-01 4.609931607486925653e-01 4.613625199999999982e-01 0.000000000000000000e+00 3.511783387619901164e-01 4.482398559878176258e-01 3.958992204488403499e-01 0.000000000000000000e+00 0.000000000000000000e+00 0.000000000000000000e+00 3.707464478132200814e-01 4.493748155051267013e-01 0.000000000000000000e+00 0.000000000000000000e+00 3.768666617962205256e-01 0.000000000000000000e+00 0.000000000000000000e+00 0.000000000000000000e+00 4.321450724757378570e-01 0.000000000000000000e+00 0.000000000000000000e+00 0.000000000000000000e+00 4.319871508284630068e-01 0.000000000000000000e+00 0.000000000000000000e+00 0.000000000000000000e+00 0.000000000000000000e+00 0.000000000000000000e+00 0.000000000000000000e+00 0.000000000000000000e+00 0.000000000000000000e+00 0.000000000000000000e+00 0.000000000000000000e+00 0.000000000000000000e+00 0.000000000000000000e+00 0.000000000000000000e+00 0.000000000000000000e+00 0.000000000000000000e+00 0.000000000000000000e+00 0.000000000000000000e+00 0.000000000000000000e+00 0.000000000000000000e+00 0.000000000000000000e+00 0.000000000000000000e+00 0.000000000000000000e+00 0.000000000000000000e+00 0.000000000000000000e+00 0.000000000000000000e+00 0.000000000000000000e+00 0.000000000000000000e+00
4.778585688106011808e-01 3.683454555873932335e-01 4.198667520833333500e-01 4.001833486199659062e-01 0.000000000000000000e+00 0.000000000000000000e+00 4.409951741907831568e-01 2.921770757875423175e-01 0.000000000000000000e+00 3.082631661075462270e-01 4.390069470588235934e-01 2.539401528462266189e-01 4.324564675356124543e-01 2.768777395522984963e-01 0.000000000000000000e+00 3.228195138461185110e-01 0.000000000000000000e+00 3.684178317685587456e-01 0.000000000000000000e+00 4.270463374706999216e-01 0.000000000000000000e+00 0.000000000000000000e+00 4.559930431717771904e-01 3.833281369697211227e-01 0.000000000000000000e+00 3.354961492537313350e-01 0.000000000000000000e+00 0.000000000000000000e+00 4.445627105263157963e-01 3.227461292639933199e-01 4.286553608351399980e-01 3.982100052119044720e-01 4.958776194968553819e-01 3.982491953756699954e-01 0.000000000000000000e+00 4.654597196148995142e-01 0.000000000000000000e+00 0.000000000000000000e+00 0.000000000000000000e+00 0.000000000000000000e+00 4.196706074766354821e-01 0.000000000000000000e+00 0.000000000000000000e+00 0.000000000000000000e+00 0.000000000000000000e+00 3.801457297297295979e-01 0.000000000000000000e+00 0.000000000000000000e+00 0.000000000000000000e+00 4.393459736192222298e-01 0.000000000000000000e+00 3.999616326323222615e-01 0.000000000000000000e+00 0.000000000000000000e+00 0.000000000000000000e+00 0.000000000000000000e+00 0.000000000000000000e+00 3.898933529135421572e-01 0.000000000000000000e+00 4.063801323239489283e-01 0.000000000000000000e+00 3.938575091475236545e-01 0.000000000000000000e+00 3.991914804875820733e-01 0.000000000000000000e+00 4.007174754264496985e-01 0.000000000000000000e+00 4.448760152067248730e-01 0.000000000000000000e+00 4.213724216867469341e-01 0.000000000000000000e+00 3.593799468229501581e-01 4.251403751451801050e-01 3.707438165443799893e-01 0.000000000000000000e+00 3.439957499999999890e-01 4.236309110098586683e-01 3.823773263441072046e-01 0.000000000000000000e+00 0.000000000000000000e+00 0.000000000000000000e+00 4.175291099449895404e-01 0.000000000000000000e+00 0.000000000000000000e+00 0.000000000000000000e+00 4.365944848851338045e-01 0.000000000000000000e+00 0.000000000000000000e+00 0.000000000000000000e+00 4.471700194667448391e-01 0.000000000000000000e+00 0.000000000000000000e+00 0.000000000000000000e+00 0.000000000000000000e+00 0.000000000000000000e+00 0.000000000000000000e+00 0.000000000000000000e+00 0.000000000000000000e+00 0.000000000000000000e+00 0.000000000000000000e+00 0.000000000000000000e+00 0.000000000000000000e+00 4.300533571428571400e-01 0.000000000000000000e+00 0.000000000000000000e+00 0.000000000000000000e+00 0.000000000000000000e+00 0.000000000000000000e+00 0.000000000000000000e+00 0.000000000000000000e+00 0.000000000000000000e+00 0.000000000000000000e+00 0.000000000000000000e+00 0.000000000000000000e+00 0.000000000000000000e+00 4.369097123287670748e-01
3.859896454630551421e-01 0.000000000000000000e+00 3.546560743316977127e-01 4.296438605690266477e-01 0.000000000000000000e+00 0.000000000000000000e+00 2.917989099358667682e-01 4.261301107096600593e-01 3.237365311549247893e-01 0.000000000000000000e+00 3.016365066148705698e-01 4.324564675356124543e-01 2.557254303327896050e-01 4.139486709728916747e-01 2.612869160954849890e-01 3.955370638528138416e-01 4.000174661264628839e-01 0.000000000000000000e+00 4.048535017348133813e-01 4.854612310077519588e-01 0.000000000000000000e+00 0.000000000000000000e+00 3.687753264528579877e-01 4.252324058685446606e-01 3.788744512195121872e-01 0.000000000000000000e+00 0.000000000000000000e+00 0.000000000000000000e+00 3.232169383849757271e-01 4.177882805276682543e-01 3.513768987099115115e-01 4.198949433600340786e-01 3.804448113967263678e-01 4.551460766279296077e-01 4.397348541666666333e-01 0.000000000000000000e+00 4.224543147935977405e-01 0.000000000000000000e+00 4.542158108108108050e-01 0.000000000000000000e+00 4.407028591549295160e-01 0.000000000000000000e+00 0.000000000000000000e+00 0.000000000000000000e+00 0.000000000000000000e+00 0.000000000000000000e+00 0.000000000000000000e+00 0.000000000000000000e+00 0.000000000000000000e+00 0.000000000000000000e+00 4.313947961407758047e-01 0.000000000000000000e+00 0.000000000000000000e+00 0.000000000000000000e+00 0.000000000000000000e+00 0.000000000000000000e+00 4.067000036814009678e-01 0.000000000000000000e+00 4.129015336335558062e-01 0.000000000000000000e+00 4.249351573793527792e-01 0.000000000000000000e+00 4.069507419879295207e-01 0.000000000000000000e+00 4.181794019527694806e-01 0.000000000000000000e+00 4.320134193200755868e-01 4.137059074074073695e-01 4.424834273218825609e-01 0.000000000000000000e+00 3.209744316660535501e-01 4.420998704449205507e-01 3.636168551082380462e-01 4.244688721243837226e-01 3.498935701648855368e-01 0.000000000000000000e+00 3.817376546487398770e-01 4.327566252443906802e-01 0.000000000000000000e+00 0.000000000000000000e+00 4.089018381840852090e-01 0.000000000000000000e+00 0.000000000000000000e+00 0.000000000000000000e+00 4.334590111050906081e-01 0.000000000000000000e+00 0.000000000000000000e+00 0.000000000000000000e+00 4.405274436977076324e-01 0.000000000000000000e+00 0.000000000000000000e+00 0.000000000000000000e+00 0.000000000000000000e+00 0.000000000000000000e+00 0.000000000000000000e+00 0.000000000000000000e+00 0.000000000000000000e+00 0.000000000000000000e+00 0.000000000000000000e+00 0.000000000000000000e+00 0.000000000000000000e+00 0.000000000000000000e+00 0.000000000000000000e+00 4.214123333333332777e-01 0.000000000000000000e+00 4.458910777777778112e-01 0.000000000000000000e+00 0.000000000000000000e+00 0.000000000000000000e+00 0.000000000000000000e+00 0.000000000000000000e+00 0.000000000000000000e+00 0.000000000000000000e+00 0.000000000000000000e+00 0.000000000000000000e+00 0.000000000000000000e+00
