0.000000000000000000e+00 1.948227654009199866e-02 3.758268190018039523e-02 1.813323153273525530e-03 6.907667510937140183e-04 0.000000000000000000e+00 1.147083449623220730e-01 3.679705623550116184e-03 3.633060853769300505e-03 0.000000000000000000e+00 2.772950510011333858e-01 1.116249402009248954e-03 5.881481481481481283e-02 0.000000000000000000e+00 2.911208151382824010e-03 0.000000000000000000e+00 8.341202392193892978e-02 4.973474801061007755e-03 4.360155973059198775e-02 2.341097974950251751e-02 0.000000000000000000e+00 0.000000000000000000e+00 1.425609123898393055e-03 2.027575020275750256e-04 2.433682161109758943e-04 0.000000000000000000e+00 3.487966515521450945e-04 0.000000000000000000e+00 9.562841530054645017e-03 1.620920682947914453e-03 1.095770326539557363e-03 5.269629369401018521e-04 5.307488173531786993e-03 1.148093532757531003e-02 1.124227093872962350e-03 0.000000000000000000e+00 4.795204795204795201e-02 1.908396946564885422e-03 1.728608470181503941e-03 0.000000000000000000e+00 2.096436058700209756e-03 0.000000000000000000e+00 0.000000000000000000e+00 0.000000000000000000e+00 2.893518518518518358e-04 0.000000000000000000e+00 0.000000000000000000e+00 0.000000000000000000e+00 3.792188092529389255e-04 0.000000000000000000e+00 4.218004218004218001e-03 0.000000000000000000e+00 5.896226415094339398e-04 1.314405888538380611e-04 2.463768115942028842e-03 1.185255422543558189e-04 2.573721163490471642e-01 2.440929505955868016e-03 2.781371280724450126e-02 5.498281786941580304e-04 3.395784543325527233e-02 0.000000000000000000e+00 2.950819672131147538e-03 7.924976885484083652e-04 1.101928374655647414e-02 0.000000000000000000e+00 8.317786069651741596e-03 4.693073024216256901e-04 9.390497520396735853e-02 7.466401194624191009e-03 3.198240653471567940e-02 9.366706561898318706e-04 1.792267645301698353e-02 2.105817320347459776e-03 6.572769953051642820e-03 0.000000000000000000e+00 5.362650482539051133e-02 6.377678126557049902e-03 0.000000000000000000e+00 0.000000000000000000e+00 8.243052284503062013e-04 0.000000000000000000e+00 0.000000000000000000e+00 0.000000000000000000e+00 1.030927835051546372e-02 0.000000000000000000e+00 0.000000000000000000e+00 0.000000000000000000e+00 6.751868820834338279e-03 0.000000000000000000e+00 7.525870178739416973e-03 4.506534474988733757e-04 2.894356005788711905e-04 5.592841163310961847e-04 3.042596348884381297e-02 2.487562189054726321e-03 2.538071065989847518e-03 1.295336787564766888e-03 3.205128205128205017e-03 0.000000000000000000e+00 1.154734411085450328e-03 1.416430594900849925e-03 3.544956493715758963e-03 0.000000000000000000e+00 1.220614828209764906e-02 0.000000000000000000e+00 1.288659793814432965e-03 0.000000000000000000e+00 6.666666666666666574e-02 2.890173410404624135e-03 0.000000000000000000e+00 0.000000000000000000e+00 1.980198019801980222e-03 0.000000000000000000e+00 0.000000000000000000e+00 0.000000000000000000e+00
1.948227654009199866e-02 0.000000000000000000e+00 3.507716977350170545e-03 7.797289559076159282e-02 0.000000000000000000e+00 6.201550387596899572e-04 5.674946506651781450e-03 9.055275577953764143e-02 0.000000000000000000e+00 9.276437847866419442e-04 9.444654325651681646e-04 9.121352256418434334e-02 7.407407407407407040e-04 1.688951442646023952e-03 0.000000000000000000e+00 5.932370970931382563e-04 5.508341202392194082e-03 7.145225464190980980e-02 1.937847099137421716e-02 7.269109212220531413e-02 0.000000000000000000e+00 0.000000000000000000e+00 2.592016588906168994e-04 0.000000000000000000e+00 0.000000000000000000e+00 0.000000000000000000e+00 0.000000000000000000e+00 0.000000000000000000e+00 1.366120218579234971e-03 2.885238815647287597e-02 0.000000000000000000e+00 3.513086246267346042e-04 1.211491865697473212e-02 1.400884769327996604e-02 5.621135469364811751e-04 6.293266205160478717e-04 2.597402597402597400e-03 4.904580152671755844e-02 4.321521175453759854e-04 2.522068095838587640e-03 0.000000000000000000e+00 1.297016861219195795e-03 0.000000000000000000e+00 0.000000000000000000e+00 1.446759259259259179e-04 5.242463958060288162e-04 0.000000000000000000e+00 0.000000000000000000e+00 0.000000000000000000e+00 1.237521656628991088e-03 1.110001110001110000e-04 3.800174174649671374e-03 0.000000000000000000e+00 9.200841219768664822e-04 0.000000000000000000e+00 2.014934218324048853e-03 4.212637913741223289e-03 2.184143721929310555e-01 9.702457956015524175e-04 1.855670103092783504e-02 5.854800936768149878e-04 3.395514567176692589e-02 1.147540983606557376e-03 9.906221106855104402e-03 0.000000000000000000e+00 7.705008255365988074e-03 1.243781094527363160e-03 5.068518866153557019e-03 2.719564869620860748e-02 1.562966650074663899e-01 1.885014137606031998e-03 4.313888744340948350e-02 1.024152940172399096e-03 3.329823637799420727e-02 0.000000000000000000e+00 5.446623093681917521e-03 1.164063277285842281e-02 6.806178375685102699e-02 0.000000000000000000e+00 0.000000000000000000e+00 3.532736693358455148e-04 3.834845967020324739e-04 0.000000000000000000e+00 4.921259842519684971e-04 0.000000000000000000e+00 8.506845985578870978e-03 0.000000000000000000e+00 6.443298969072164826e-04 0.000000000000000000e+00 7.851690294438386578e-03 2.116650987770460780e-03 8.111762054979720221e-03 2.894356005788711905e-04 3.914988814317673510e-03 1.419878296146044605e-02 6.218905472636816062e-02 0.000000000000000000e+00 1.295336787564766888e-03 2.136752136752136967e-03 1.776198934280639498e-03 0.000000000000000000e+00 1.416430594900849925e-03 1.933612632935868565e-03 1.958096729978460807e-03 5.424954792043399678e-03 2.257336343115123965e-03 0.000000000000000000e+00 5.861664712778429098e-03 0.000000000000000000e+00 0.000000000000000000e+00 2.583979328165374786e-03 0.000000000000000000e+00 3.960396039603960444e-03 9.276437847866419442e-04 0.000000000000000000e+00 0.000000000000000000e+00
3.758268190018039523e-02 3.507716977350170545e-03 0.000000000000000000e+00 4.485588852834510032e-03 1.052268017499424363e-01 3.410852713178294440e-03 2.960275374453437691e-01 1.047916166706663529e-02 3.693611867998788933e-02 2.473716759431045329e-03 2.701171137136380851e-02 2.551427204592568790e-03 3.007407407407407252e-02 6.333567909922589549e-03 1.067442988840368832e-02 2.570694087403598786e-03 9.442870632672331968e-03 8.289124668435013648e-04 1.174524400330851925e-01 5.735690038628116216e-03 6.531678641410842805e-04 6.968641114982578391e-04 1.564282011404873052e-01 9.124087591240875178e-03 6.400584083718666162e-02 6.003654398329417823e-03 3.139169863969306067e-03 0.000000000000000000e+00 6.284153005464481086e-03 1.512859304084720156e-03 6.793776024545255220e-03 9.485332864921834639e-03 5.307488173531786993e-03 5.371813777122392934e-03 1.686340640809443417e-03 0.000000000000000000e+00 1.238761238761238760e-02 5.725190839694656699e-04 8.643042350907519707e-04 0.000000000000000000e+00 1.048218029350104878e-03 0.000000000000000000e+00 0.000000000000000000e+00 0.000000000000000000e+00 2.170138888888888985e-03 0.000000000000000000e+00 0.000000000000000000e+00 0.000000000000000000e+00 3.033750474023511404e-03 0.000000000000000000e+00 6.438006438006438001e-03 0.000000000000000000e+00 1.474056603773585012e-03 0.000000000000000000e+00 3.043478260869565168e-03 0.000000000000000000e+00 4.312938816449347901e-03 9.763718023823472444e-05 1.034928848641655970e-02 4.123711340206185770e-04 4.918032786885246331e-03 0.000000000000000000e+00 3.278688524590163932e-04 0.000000000000000000e+00 5.509641873278237068e-03 0.000000000000000000e+00 1.018345771144278655e-02 1.877229209686502760e-04 1.311790113581826935e-02 0.000000000000000000e+00 3.600377002827521294e-02 4.787427798303585044e-03 2.321413331057438009e-02 2.961305606738615526e-03 9.389671361502347196e-04 0.000000000000000000e+00 4.487115709879613973e-02 5.281514698555057723e-03 0.000000000000000000e+00 0.000000000000000000e+00 4.710315591144606864e-04 0.000000000000000000e+00 0.000000000000000000e+00 0.000000000000000000e+00 5.394389834572045454e-03 0.000000000000000000e+00 3.266906239790917893e-04 0.000000000000000000e+00 5.305039787798408214e-03 0.000000000000000000e+00 1.411100658513640737e-03 0.000000000000000000e+00 0.000000000000000000e+00 0.000000000000000000e+00 1.419878296146044605e-02 0.000000000000000000e+00 0.000000000000000000e+00 0.000000000000000000e+00 1.068376068376068484e-03 8.880994671403197489e-04 0.000000000000000000e+00 0.000000000000000000e+00 1.289075088623912449e-03 0.000000000000000000e+00 6.329113924050632813e-03 0.000000000000000000e+00 0.000000000000000000e+00 0.000000000000000000e+00 3.333333333333333287e-02 0.000000000000000000e+00 0.000000000000000000e+00 1.519756838905775070e-03 0.000000000000000000e+00 0.000000000000000000e+00 0.000000000000000000e+00 0.000000000000000000e+00
1.813323153273525530e-03 7.797289559076159282e-02 4.485588852834510032e-03 0.000000000000000000e+00 2.763067004374856073e-03 4.620155038759689997e-02 7.628616615499116474e-03 2.230221582273418102e-01 1.816530426884650253e-03 4.236239950525665099e-02 1.888930865130336329e-03 4.449051188008291968e-02 3.851851851851851964e-03 5.010555946516537934e-02 1.455604075691412005e-03 3.757168281589875515e-03 6.295247088448221529e-04 1.259946949602122092e-02 5.435424790263499936e-03 1.467868430293807758e-01 0.000000000000000000e+00 0.000000000000000000e+00 9.331259720062209245e-03 2.356042173560421726e-01 1.216841080554879580e-03 1.801096319498825260e-02 6.975933031042901890e-04 6.763611768684477284e-04 9.562841530054644800e-04 1.264318132699373230e-02 7.012930089853167126e-03 3.688740558580713008e-02 4.499826929733471807e-03 1.632610069517589912e-02 0.000000000000000000e+00 3.775959723096287014e-03 1.998001998001998000e-03 1.870229007633587848e-02 0.000000000000000000e+00 4.203446826397646066e-03 0.000000000000000000e+00 2.594033722438391591e-03 0.000000000000000000e+00 0.000000000000000000e+00 0.000000000000000000e+00 8.737439930100481173e-05 0.000000000000000000e+00 5.359774889454642843e-04 0.000000000000000000e+00 5.775101064268624860e-04 0.000000000000000000e+00 1.187554429578022413e-03 0.000000000000000000e+00 2.628811777076761223e-04 0.000000000000000000e+00 1.303780964797913913e-03 3.009027081243731308e-04 1.689123218121460490e-02 3.234152652005174906e-04 2.694158075601374436e-02 0.000000000000000000e+00 3.353594634248585182e-03 1.639344262295081966e-04 2.641658961828027884e-04 0.000000000000000000e+00 2.339020363236103336e-03 3.886815920398010147e-04 1.426694199361742098e-02 2.719564869620860834e-03 4.728720756595320741e-03 2.136349355953502845e-03 1.821304053702450798e-02 2.475036272083297635e-03 3.724664385364569869e-02 9.389671361502347196e-04 0.000000000000000000e+00 4.974629390110436519e-03 6.058794220229198058e-02 0.000000000000000000e+00 0.000000000000000000e+00 3.532736693358455148e-04 3.834845967020324739e-04 0.000000000000000000e+00 4.921259842519684971e-04 1.798129944857348431e-04 8.911933889654055424e-04 0.000000000000000000e+00 0.000000000000000000e+00 0.000000000000000000e+00 6.543075245365321787e-04 9.407337723424271216e-04 4.055881027489860111e-03 2.894356005788711905e-04 0.000000000000000000e+00 2.028397565922920864e-03 1.243781094527363247e-02 0.000000000000000000e+00 0.000000000000000000e+00 0.000000000000000000e+00 8.880994671403197489e-04 1.154734411085450328e-03 0.000000000000000000e+00 6.445375443119562243e-04 5.874290189935382853e-04 2.712477396021699839e-03 5.016302984700275356e-04 0.000000000000000000e+00 1.172332942555685733e-03 0.000000000000000000e+00 0.000000000000000000e+00 0.000000000000000000e+00 1.519756838905775070e-03 1.980198019801980222e-03 0.000000000000000000e+00 2.493765586034912655e-03 0.000000000000000000e+00
6.907667510937140183e-04 0.000000000000000000e+00 1.052268017499424363e-01 2.763067004374856073e-03 0.000000000000000000e+00 4.341085271317829050e-03 3.070053028188668518e-03 7.999360051195904134e-04 2.888283378746593910e-01 2.782931354359925724e-03 0.000000000000000000e+00 0.000000000000000000e+00 1.481481481481481462e-04 5.629838142153412812e-04 1.407083939835031550e-01 7.909827961241843418e-04 0.000000000000000000e+00 0.000000000000000000e+00 9.452912678719130324e-04 0.000000000000000000e+00 4.506858262573481405e-02 2.787456445993031356e-03 3.252980819077241903e-02 2.635847526358475225e-03 1.426137746410318929e-01 1.096319498825371920e-02 1.360306941053365803e-01 4.396347649644910018e-03 1.133879781420765037e-02 0.000000000000000000e+00 4.821389436774052399e-03 2.810468997013876834e-03 1.961463020653051847e-03 0.000000000000000000e+00 0.000000000000000000e+00 0.000000000000000000e+00 3.996003996003996001e-04 0.000000000000000000e+00 0.000000000000000000e+00 0.000000000000000000e+00 3.144654088050314635e-03 0.000000000000000000e+00 0.000000000000000000e+00 0.000000000000000000e+00 0.000000000000000000e+00 0.000000000000000000e+00 1.891074130105900196e-04 0.000000000000000000e+00 0.000000000000000000e+00 0.000000000000000000e+00 0.000000000000000000e+00 0.000000000000000000e+00 2.948113207547169699e-04 0.000000000000000000e+00 0.000000000000000000e+00 0.000000000000000000e+00 1.003009027081243679e-04 0.000000000000000000e+00 0.000000000000000000e+00 0.000000000000000000e+00 1.170960187353629976e-04 0.000000000000000000e+00 0.000000000000000000e+00 0.000000000000000000e+00 0.000000000000000000e+00 0.000000000000000000e+00 3.109452736318407901e-04 0.000000000000000000e+00 0.000000000000000000e+00 0.000000000000000000e+00 2.010681746779767465e-02 1.717229536348025259e-03 2.739609114961167463e-02 6.580679126085811799e-04 5.633802816901408751e-03 0.000000000000000000e+00 3.183762809670679598e-03 0.000000000000000000e+00 0.000000000000000000e+00 0.000000000000000000e+00 0.000000000000000000e+00 0.000000000000000000e+00 5.053057099545225266e-04 0.000000000000000000e+00 5.394389834572045021e-04 0.000000000000000000e+00 0.000000000000000000e+00 0.000000000000000000e+00 0.000000000000000000e+00 0.000000000000000000e+00 4.703668861712135608e-04 0.000000000000000000e+00 0.000000000000000000e+00 0.000000000000000000e+00 0.000000000000000000e+00 0.000000000000000000e+00 0.000000000000000000e+00 0.000000000000000000e+00 1.068376068376068484e-03 0.000000000000000000e+00 0.000000000000000000e+00 0.000000000000000000e+00 0.000000000000000000e+00 0.000000000000000000e+00 0.000000000000000000e+00 0.000000000000000000e+00 0.000000000000000000e+00 0.000000000000000000e+00 0.000000000000000000e+00 0.000000000000000000e+00 0.000000000000000000e+00 0.000000000000000000e+00 0.000000000000000000e+00 0.000000000000000000e+00 0.000000000000000000e+00 0.000000000000000000e+00
0.000000000000000000e+00 6.201550387596899572e-04 3.410852713178294440e-03 4.620155038759689997e-02 4.341085271317829050e-03 0.000000000000000000e+00 4.651595497255558574e-04 3.199744020478361654e-03 3.027550711474417088e-03 1.808905380333951651e-01 0.000000000000000000e+00 1.594642002870355494e-04 1.481481481481481462e-04 2.814919071076706514e-03 1.940805434255215862e-03 5.279810164128929950e-02 0.000000000000000000e+00 0.000000000000000000e+00 0.000000000000000000e+00 4.682195949900503089e-04 1.306335728282168561e-03 4.947735191637630398e-02 3.240020736132711351e-03 3.102189781021897838e-02 9.247992212217084201e-03 4.306969459671104034e-02 2.092779909312870567e-03 9.029421711193777456e-02 1.366120218579234971e-04 3.241841365895829080e-02 5.917159763313609329e-03 1.159318461268224118e-02 1.153801776854736309e-04 2.422582683800294980e-03 0.000000000000000000e+00 6.293266205160478717e-04 0.000000000000000000e+00 0.000000000000000000e+00 0.000000000000000000e+00 4.203446826397646066e-04 0.000000000000000000e+00 0.000000000000000000e+00 0.000000000000000000e+00 0.000000000000000000e+00 0.000000000000000000e+00 0.000000000000000000e+00 0.000000000000000000e+00 1.339943722363660711e-04 0.000000000000000000e+00 0.000000000000000000e+00 0.000000000000000000e+00 1.583405906104029830e-04 0.000000000000000000e+00 0.000000000000000000e+00 0.000000000000000000e+00 4.741021690174232754e-04 0.000000000000000000e+00 0.000000000000000000e+00 0.000000000000000000e+00 1.374570446735395076e-04 1.170960187353629976e-04 2.095996646405365739e-04 0.000000000000000000e+00 1.320829480914013942e-04 0.000000000000000000e+00 0.000000000000000000e+00 0.000000000000000000e+00 1.032476065327576518e-03 0.000000000000000000e+00 0.000000000000000000e+00 5.026704366949419096e-04 2.268824478326481736e-02 4.267303917384996054e-04 2.882337457225585611e-02 0.000000000000000000e+00 6.535947712418300852e-03 1.989851756044174749e-04 2.391629297458894039e-03 0.000000000000000000e+00 0.000000000000000000e+00 0.000000000000000000e+00 3.834845967020324739e-04 0.000000000000000000e+00 0.000000000000000000e+00 0.000000000000000000e+00 4.050879040751843374e-04 0.000000000000000000e+00 1.932989690721649556e-03 0.000000000000000000e+00 4.362050163576881010e-04 4.703668861712135608e-04 0.000000000000000000e+00 0.000000000000000000e+00 5.592841163310961847e-04 0.000000000000000000e+00 4.975124378109452641e-03 0.000000000000000000e+00 0.000000000000000000e+00 0.000000000000000000e+00 0.000000000000000000e+00 0.000000000000000000e+00 0.000000000000000000e+00 0.000000000000000000e+00 0.000000000000000000e+00 0.000000000000000000e+00 0.000000000000000000e+00 0.000000000000000000e+00 0.000000000000000000e+00 0.000000000000000000e+00 0.000000000000000000e+00 0.000000000000000000e+00 0.000000000000000000e+00 0.000000000000000000e+00 0.000000000000000000e+00 0.000000000000000000e+00 0.000000000000000000e+00
1.147083449623220730e-01 5.674946506651781450e-03 2.960275374453437691e-01 7.628616615499116474e-03 3.070053028188668518e-03 4.651595497255558574e-04 0.000000000000000000e+00 2.359811215102791682e-02 4.904632152588556115e-02 5.256648113790970619e-03 4.967888175292784619e-02 9.886780417796205145e-03 1.281481481481481499e-01 6.896551724137930939e-03 1.698204754973313933e-03 1.977456990310460638e-03 7.554296506137866268e-03 1.823607427055702959e-03 2.670447831738154490e-02 1.088610558351867097e-02 1.306335728282168561e-03 0.000000000000000000e+00 3.032659409020217745e-02 9.124087591240875178e-03 1.216841080554879580e-03 7.830853563038371167e-04 0.000000000000000000e+00 3.381805884342238642e-04 9.426229508196722062e-03 3.566025502485411797e-03 1.095770326539557277e-02 8.958369927981732136e-03 8.191992615668627561e-03 1.242890246471455712e-02 6.183249016301292818e-03 6.293266205160478717e-04 2.397602397602397600e-03 9.541984732824427108e-04 4.321521175453759854e-04 0.000000000000000000e+00 0.000000000000000000e+00 0.000000000000000000e+00 0.000000000000000000e+00 0.000000000000000000e+00 1.880787037037036933e-03 8.737439930100481173e-05 0.000000000000000000e+00 0.000000000000000000e+00 2.085703450891164198e-03 0.000000000000000000e+00 1.043401043401043400e-02 7.917029530520149148e-05 3.832547169811320771e-03 0.000000000000000000e+00 7.391304347826086960e-03 0.000000000000000000e+00 1.083249749247743206e-02 4.881859011911735815e-04 1.471539456662354466e-02 2.749140893470790152e-04 2.552693208430913477e-02 0.000000000000000000e+00 3.278688524590163932e-03 1.320829480914013942e-04 1.671258034894398600e-02 0.000000000000000000e+00 7.773631840796020077e-03 9.386146048432513801e-05 6.398976163813789369e-04 0.000000000000000000e+00 8.551680804272698833e-02 8.950408492480615291e-03 7.937185286336093104e-03 3.685180310608054607e-03 0.000000000000000000e+00 1.089324618736383548e-03 1.233708088747388285e-02 1.016442451420029869e-02 0.000000000000000000e+00 0.000000000000000000e+00 2.001884126236457700e-03 0.000000000000000000e+00 0.000000000000000000e+00 0.000000000000000000e+00 2.523375689283145415e-02 0.000000000000000000e+00 3.266906239790917893e-04 0.000000000000000000e+00 1.796479382686279325e-02 1.090512540894220253e-04 9.407337723424271216e-04 0.000000000000000000e+00 2.894356005788711905e-04 0.000000000000000000e+00 2.028397565922920864e-03 0.000000000000000000e+00 0.000000000000000000e+00 0.000000000000000000e+00 0.000000000000000000e+00 0.000000000000000000e+00 1.154734411085450328e-03 0.000000000000000000e+00 3.222687721559781122e-04 0.000000000000000000e+00 9.041591320072332435e-04 0.000000000000000000e+00 0.000000000000000000e+00 0.000000000000000000e+00 0.000000000000000000e+00 0.000000000000000000e+00 0.000000000000000000e+00 0.000000000000000000e+00 0.000000000000000000e+00 0.000000000000000000e+00 0.000000000000000000e+00 0.000000000000000000e+00
3.679705623550116184e-03 9.055275577953764143e-02 1.047916166706663529e-02 2.230221582273418102e-01 7.999360051195904134e-04 3.199744020478361654e-03 2.359811215102791682e-02 0.000000000000000000e+00 4.541326067211626065e-03 1.224489795918367319e-01 1.114469210426898352e-02 1.385743900494338932e-01 7.703703703703703928e-03 2.143560872624911962e-01 2.668607472100922081e-03 4.152659679651967903e-03 2.360717658168082992e-03 6.299734748010610459e-03 2.020560085076214193e-02 2.188926606578485423e-02 0.000000000000000000e+00 0.000000000000000000e+00 2.851218247796786023e-02 4.298459042984590500e-02 1.946945728887807155e-03 1.305142260506395122e-03 6.975933031042901890e-04 0.000000000000000000e+00 3.142076502732240543e-03 1.264318132699373230e-02 1.512163050624589118e-02 1.545757948357632215e-02 1.269181954540210024e-02 1.211291341900147533e-02 0.000000000000000000e+00 4.405286343612335211e-03 7.992007992007992001e-04 1.908396946564885422e-03 0.000000000000000000e+00 2.101723413198823033e-03 0.000000000000000000e+00 0.000000000000000000e+00 0.000000000000000000e+00 7.949125596184419677e-05 0.000000000000000000e+00 8.737439930100480631e-04 0.000000000000000000e+00 4.019831167090982403e-04 1.896094046264694627e-04 1.567527431730055335e-03 0.000000000000000000e+00 4.591877127701686316e-03 0.000000000000000000e+00 1.840168243953732964e-03 0.000000000000000000e+00 2.370510845087116323e-03 5.015045135406218666e-04 1.415739113454403397e-02 4.851228978007762088e-04 1.965635738831615284e-02 4.683840749414519902e-04 3.458394466568853742e-02 4.918032786885245897e-04 3.037907806102232121e-03 1.836547291092745563e-04 1.086956521739130405e-02 5.441542288557214098e-04 8.635254364557911830e-03 1.599744040953447342e-04 7.466401194624191443e-04 7.288721332076657580e-03 9.179372430660352744e-02 8.790646069813091990e-03 1.526717557251908337e-02 9.389671361502347196e-04 1.089324618736383548e-03 1.979902497263953676e-02 1.614349775784753444e-02 0.000000000000000000e+00 0.000000000000000000e+00 1.177578897786151716e-04 2.300907580212194735e-03 0.000000000000000000e+00 4.921259842519684971e-04 1.798129944857348431e-04 1.352993599611115698e-02 0.000000000000000000e+00 6.443298969072164826e-04 1.205690860863274693e-04 1.330425299890948716e-02 7.055503292568203683e-04 0.000000000000000000e+00 0.000000000000000000e+00 0.000000000000000000e+00 1.014198782961460432e-02 7.462686567164178962e-03 0.000000000000000000e+00 0.000000000000000000e+00 0.000000000000000000e+00 0.000000000000000000e+00 0.000000000000000000e+00 0.000000000000000000e+00 0.000000000000000000e+00 0.000000000000000000e+00 9.041591320072332435e-04 0.000000000000000000e+00 0.000000000000000000e+00 0.000000000000000000e+00 3.333333333333333287e-02 0.000000000000000000e+00 0.000000000000000000e+00 1.519756838905775070e-03 0.000000000000000000e+00 0.000000000000000000e+00 0.000000000000000000e+00 0.000000000000000000e+00
3.633060853769300505e-03 0.000000000000000000e+00 3.693611867998788933e-02 1.816530426884650253e-03 2.888283378746593910e-01 3.027550711474417088e-03 4.904632152588556115e-02 4.541326067211626065e-03 0.000000000000000000e+00 5.565862708719851448e-03 7.555723460521344666e-04 0.000000000000000000e+00 5.540740740740740522e-02 5.629838142153412812e-04 1.838913148956816956e-01 2.372948388372553025e-03 6.295247088448221529e-04 1.657824933687002567e-04 1.063452676355902161e-03 0.000000000000000000e+00 9.797517962116263773e-03 0.000000000000000000e+00 4.147226542249870390e-03 3.244120032441200410e-03 4.867364322219517887e-04 7.308796658835813378e-03 6.975933031042901890e-03 6.763611768684477284e-04 9.972677595628415617e-03 2.161227577263885938e-04 1.095770326539557363e-03 2.283506060073774765e-03 9.230414214837890470e-04 1.053296819043606490e-04 1.124227093872962350e-03 0.000000000000000000e+00 1.998001998001998000e-04 0.000000000000000000e+00 0.000000000000000000e+00 0.000000000000000000e+00 1.048218029350104878e-03 0.000000000000000000e+00 0.000000000000000000e+00 0.000000000000000000e+00 0.000000000000000000e+00 0.000000000000000000e+00 0.000000000000000000e+00 0.000000000000000000e+00 0.000000000000000000e+00 0.000000000000000000e+00 0.000000000000000000e+00 0.000000000000000000e+00 5.896226415094339398e-04 0.000000000000000000e+00 0.000000000000000000e+00 0.000000000000000000e+00 6.018054162487462616e-04 0.000000000000000000e+00 1.617076326002587453e-04 0.000000000000000000e+00 1.053864168618266978e-03 0.000000000000000000e+00 4.918032786885245897e-04 0.000000000000000000e+00 3.673094582185491125e-04 0.000000000000000000e+00 2.332089552238805926e-04 9.386146048432513801e-05 3.199488081906894685e-04 2.488800398208063634e-04 1.765629908890983465e-02 1.405005984284747860e-03 1.638644704275838554e-02 8.554882863911555339e-04 4.694835680751173815e-03 0.000000000000000000e+00 3.084270221868470711e-03 5.979073243647235096e-04 0.000000000000000000e+00 0.000000000000000000e+00 4.710315591144606864e-04 0.000000000000000000e+00 5.053057099545225266e-04 0.000000000000000000e+00 1.258690961400143766e-03 0.000000000000000000e+00 0.000000000000000000e+00 0.000000000000000000e+00 2.411381721726549385e-04 0.000000000000000000e+00 2.351834430856067804e-04 0.000000000000000000e+00 0.000000000000000000e+00 0.000000000000000000e+00 2.028397565922920864e-03 0.000000000000000000e+00 0.000000000000000000e+00 0.000000000000000000e+00 0.000000000000000000e+00 8.880994671403197489e-04 0.000000000000000000e+00 0.000000000000000000e+00 3.222687721559781122e-04 0.000000000000000000e+00 0.000000000000000000e+00 0.000000000000000000e+00 0.000000000000000000e+00 0.000000000000000000e+00 0.000000000000000000e+00 0.000000000000000000e+00 0.000000000000000000e+00 0.000000000000000000e+00 0.000000000000000000e+00 0.000000000000000000e+00 0.000000000000000000e+00 0.000000000000000000e+00
0.000000000000000000e+00 9.276437847866419442e-04 2.473716759431045329e-03 4.236239950525665099e-02 2.782931354359925724e-03 1.808905380333951651e-01 5.256648113790970619e-03 1.224489795918367319e-01 5.565862708719851448e-03 0.000000000000000000e+00 3.777861730260672333e-04 3.348748206027746862e-03 1.481481481481481462e-04 2.885292047853624253e-02 3.639010189228529795e-03 1.846944828949970419e-01 0.000000000000000000e+00 3.315649867374005134e-04 1.181614084839891290e-04 1.404658784970150981e-03 6.531678641410842805e-04 3.484320557491289196e-03 2.203214100570243753e-03 8.110300081103000158e-03 1.946945728887807155e-03 8.613938919342208067e-03 1.046389954656435283e-03 1.386540412580317821e-02 0.000000000000000000e+00 1.523665441971039543e-02 4.821389436774052399e-03 9.134024240295099059e-03 0.000000000000000000e+00 1.790604592374130978e-03 0.000000000000000000e+00 0.000000000000000000e+00 0.000000000000000000e+00 0.000000000000000000e+00 0.000000000000000000e+00 0.000000000000000000e+00 0.000000000000000000e+00 1.297016861219195795e-03 0.000000000000000000e+00 0.000000000000000000e+00 0.000000000000000000e+00 0.000000000000000000e+00 0.000000000000000000e+00 2.679887444727321421e-04 0.000000000000000000e+00 8.250144377526606168e-05 0.000000000000000000e+00 1.583405906104029830e-04 0.000000000000000000e+00 0.000000000000000000e+00 0.000000000000000000e+00 4.741021690174232754e-04 0.000000000000000000e+00 0.000000000000000000e+00 0.000000000000000000e+00 4.123711340206185770e-04 0.000000000000000000e+00 2.724795640326975379e-03 0.000000000000000000e+00 3.962488442742041826e-04 0.000000000000000000e+00 4.127682993946064807e-04 7.773631840796019752e-05 6.570302233902759661e-04 0.000000000000000000e+00 0.000000000000000000e+00 5.026704366949419096e-04 9.887079148670447487e-03 4.267303917384996054e-04 9.081337193998419849e-03 0.000000000000000000e+00 1.089324618736383548e-03 4.974629390110436736e-04 2.790234180368709495e-03 0.000000000000000000e+00 1.408450704225352188e-03 0.000000000000000000e+00 1.406110187907452314e-03 0.000000000000000000e+00 0.000000000000000000e+00 0.000000000000000000e+00 2.511545005266142567e-03 0.000000000000000000e+00 1.288659793814432965e-03 0.000000000000000000e+00 2.835332606324972738e-03 0.000000000000000000e+00 0.000000000000000000e+00 0.000000000000000000e+00 5.592841163310961847e-04 0.000000000000000000e+00 2.487562189054726321e-03 0.000000000000000000e+00 0.000000000000000000e+00 0.000000000000000000e+00 0.000000000000000000e+00 0.000000000000000000e+00 0.000000000000000000e+00 0.000000000000000000e+00 0.000000000000000000e+00 0.000000000000000000e+00 0.000000000000000000e+00 0.000000000000000000e+00 0.000000000000000000e+00 0.000000000000000000e+00 0.000000000000000000e+00 0.000000000000000000e+00 0.000000000000000000e+00 0.000000000000000000e+00 0.000000000000000000e+00 0.000000000000000000e+00 0.000000000000000000e+00
2.772950510011333858e-01 9.444654325651681646e-04 2.701171137136380851e-02 1.888930865130336329e-03 0.000000000000000000e+00 0.000000000000000000e+00 4.967888175292784619e-02 1.114469210426898352e-02 7.555723460521344666e-04 3.777861730260672333e-04 0.000000000000000000e+00 1.754106203157391151e-03 1.197037037037037011e-01 7.037297677691766286e-04 4.852013585638039654e-04 0.000000000000000000e+00 8.404154863078375226e-02 9.946949602122015944e-04 3.237622592461301962e-02 3.160482266182839707e-03 0.000000000000000000e+00 0.000000000000000000e+00 3.888024883359253708e-03 1.216545012165450154e-03 2.433682161109758943e-04 0.000000000000000000e+00 0.000000000000000000e+00 0.000000000000000000e+00 4.836065573770492038e-02 1.080613788631942969e-04 3.725619110234495036e-03 0.000000000000000000e+00 4.269066574362524735e-03 2.001263956182852168e-03 1.686340640809443417e-03 0.000000000000000000e+00 9.990009990009990001e-04 1.908396946564885476e-04 8.643042350907519707e-04 0.000000000000000000e+00 0.000000000000000000e+00 0.000000000000000000e+00 0.000000000000000000e+00 0.000000000000000000e+00 1.446759259259259179e-04 0.000000000000000000e+00 0.000000000000000000e+00 0.000000000000000000e+00 0.000000000000000000e+00 0.000000000000000000e+00 2.220002220002220000e-04 0.000000000000000000e+00 5.896226415094339398e-04 0.000000000000000000e+00 2.898550724637681086e-04 0.000000000000000000e+00 1.133400200601805338e-02 9.763718023823472444e-05 9.702457956015524175e-04 1.374570446735395076e-04 1.206088992974238897e-02 2.095996646405365739e-04 4.098360655737705131e-03 1.320829480914013942e-04 5.509641873278237068e-03 0.000000000000000000e+00 1.554726368159204059e-03 9.386146048432513801e-05 1.599744040953447342e-04 0.000000000000000000e+00 3.964813069431354087e-02 9.366706561898318706e-04 5.120764700861995047e-03 3.290339563042905899e-04 0.000000000000000000e+00 0.000000000000000000e+00 2.089344343846383581e-03 2.391629297458894039e-03 0.000000000000000000e+00 0.000000000000000000e+00 1.295336787564766888e-03 0.000000000000000000e+00 0.000000000000000000e+00 0.000000000000000000e+00 5.754015823543514978e-03 0.000000000000000000e+00 0.000000000000000000e+00 0.000000000000000000e+00 2.290812635640222025e-03 0.000000000000000000e+00 2.351834430856067804e-04 0.000000000000000000e+00 0.000000000000000000e+00 0.000000000000000000e+00 0.000000000000000000e+00 0.000000000000000000e+00 0.000000000000000000e+00 0.000000000000000000e+00 0.000000000000000000e+00 0.000000000000000000e+00 0.000000000000000000e+00 0.000000000000000000e+00 3.222687721559781122e-04 0.000000000000000000e+00 0.000000000000000000e+00 0.000000000000000000e+00 0.000000000000000000e+00 0.000000000000000000e+00 0.000000000000000000e+00 0.000000000000000000e+00 0.000000000000000000e+00 0.000000000000000000e+00 0.000000000000000000e+00 0.000000000000000000e+00 0.000000000000000000e+00 0.000000000000000000e+00
1.116249402009248954e-03 9.121352256418434334e-02 2.551427204592568790e-03 4.449051188008291968e-02 0.000000000000000000e+00 1.594642002870355494e-04 9.886780417796205145e-03 1.385743900494338932e-01 0.000000000000000000e+00 3.348748206027746862e-03 1.754106203157391151e-03 0.000000000000000000e+00 1.333333333333333289e-03 1.583391977480647361e-01 0.000000000000000000e+00 4.548151077714059423e-03 1.573811772112055382e-04 4.757957559681697673e-02 4.726456339359565162e-03 1.673885052089429948e-02 0.000000000000000000e+00 0.000000000000000000e+00 2.462415759460860436e-03 1.338199513381995061e-02 0.000000000000000000e+00 0.000000000000000000e+00 0.000000000000000000e+00 0.000000000000000000e+00 5.464480874316939886e-04 4.516965636481521523e-02 1.095770326539557363e-03 6.323555243281222225e-03 2.422983731394946424e-03 1.263956182852327831e-02 0.000000000000000000e+00 4.405286343612335211e-03 0.000000000000000000e+00 1.717557251908396901e-03 0.000000000000000000e+00 4.203446826397646066e-04 1.048218029350104878e-03 0.000000000000000000e+00 0.000000000000000000e+00 0.000000000000000000e+00 0.000000000000000000e+00 8.737439930100481173e-05 0.000000000000000000e+00 0.000000000000000000e+00 1.896094046264694627e-04 7.425129939773946093e-04 0.000000000000000000e+00 2.691790040376850629e-03 0.000000000000000000e+00 1.840168243953732964e-03 0.000000000000000000e+00 5.333649401446011185e-03 0.000000000000000000e+00 4.979496192149970336e-03 1.617076326002587453e-04 4.261168384879725386e-03 1.170960187353629976e-04 3.039195137287780193e-02 0.000000000000000000e+00 9.774138158763703496e-03 0.000000000000000000e+00 7.292239955971381755e-03 0.000000000000000000e+00 4.693073024216256467e-03 1.599744040953447342e-04 7.466401194624191443e-04 6.911718504555450443e-04 3.054587084352396176e-02 1.109499018520098985e-03 9.739405106607002330e-03 0.000000000000000000e+00 0.000000000000000000e+00 3.382747985275096937e-03 1.634280019930244021e-02 0.000000000000000000e+00 0.000000000000000000e+00 1.177578897786151716e-04 6.007925348331842434e-03 0.000000000000000000e+00 2.460629921259842486e-03 0.000000000000000000e+00 2.835615328526290210e-02 0.000000000000000000e+00 3.221649484536082304e-03 0.000000000000000000e+00 2.344601962922573599e-02 4.703668861712135608e-04 4.506534474988733757e-04 0.000000000000000000e+00 0.000000000000000000e+00 0.000000000000000000e+00 0.000000000000000000e+00 0.000000000000000000e+00 0.000000000000000000e+00 0.000000000000000000e+00 0.000000000000000000e+00 0.000000000000000000e+00 0.000000000000000000e+00 0.000000000000000000e+00 0.000000000000000000e+00 4.520795660036166217e-04 0.000000000000000000e+00 0.000000000000000000e+00 0.000000000000000000e+00 0.000000000000000000e+00 0.000000000000000000e+00 0.000000000000000000e+00 0.000000000000000000e+00 0.000000000000000000e+00 0.000000000000000000e+00 0.000000000000000000e+00 0.000000000000000000e+00
5.881481481481481283e-02 7.407407407407407040e-04 3.007407407407407252e-02 3.851851851851851964e-03 1.481481481481481462e-04 1.481481481481481462e-04 1.281481481481481499e-01 7.703703703703703928e-03 5.540740740740740522e-02 1.481481481481481462e-04 1.197037037037037011e-01 1.333333333333333289e-03 0.000000000000000000e+00 2.533427163969035820e-03 1.756428918000970396e-01 7.909827961241843418e-04 5.193578847969782843e-03 6.631299734748010268e-04 1.169797943991492464e-02 7.023293924850754905e-04 0.000000000000000000e+00 0.000000000000000000e+00 2.216174183514774479e-02 3.244120032441200410e-03 0.000000000000000000e+00 1.044113808405116228e-03 0.000000000000000000e+00 0.000000000000000000e+00 8.975409836065573188e-02 4.322455154527771876e-04 9.861932938856015837e-03 6.323555243281222225e-03 5.192107995846313891e-03 8.426374552348851917e-04 3.934794828555368551e-03 0.000000000000000000e+00 5.994005994005994001e-04 0.000000000000000000e+00 4.321521175453759854e-04 0.000000000000000000e+00 1.048218029350104878e-03 0.000000000000000000e+00 0.000000000000000000e+00 0.000000000000000000e+00 4.340277777777777537e-04 0.000000000000000000e+00 0.000000000000000000e+00 0.000000000000000000e+00 5.688282138794083882e-04 0.000000000000000000e+00 6.660006660006660001e-04 0.000000000000000000e+00 5.896226415094339398e-04 0.000000000000000000e+00 7.246376811594202987e-04 0.000000000000000000e+00 2.908726178535606804e-03 0.000000000000000000e+00 4.851228978007762088e-04 0.000000000000000000e+00 1.077283372365339664e-02 0.000000000000000000e+00 8.852459016393442182e-03 0.000000000000000000e+00 5.509641873278237068e-03 0.000000000000000000e+00 2.021144278606965081e-03 9.386146048432513801e-05 3.199488081906894685e-04 2.488800398208063634e-04 6.540999057492931368e-02 2.497788416506218322e-03 1.988563625501408097e-02 8.554882863911555339e-04 3.755868544600938878e-03 0.000000000000000000e+00 1.880409909461745049e-02 2.291978076731439849e-03 5.357142857142857192e-03 0.000000000000000000e+00 5.299105040037682506e-03 0.000000000000000000e+00 5.053057099545225266e-04 0.000000000000000000e+00 1.336609925677295641e-02 0.000000000000000000e+00 3.266906239790917893e-04 0.000000000000000000e+00 4.099348926935133738e-03 0.000000000000000000e+00 4.703668861712135608e-04 4.506534474988733757e-04 0.000000000000000000e+00 0.000000000000000000e+00 2.028397565922920864e-03 0.000000000000000000e+00 0.000000000000000000e+00 0.000000000000000000e+00 0.000000000000000000e+00 0.000000000000000000e+00 0.000000000000000000e+00 0.000000000000000000e+00 0.000000000000000000e+00 1.958096729978460861e-04 9.041591320072332435e-04 0.000000000000000000e+00 0.000000000000000000e+00 0.000000000000000000e+00 0.000000000000000000e+00 0.000000000000000000e+00 0.000000000000000000e+00 0.000000000000000000e+00 0.000000000000000000e+00 0.000000000000000000e+00 0.000000000000000000e+00 0.000000000000000000e+00
