0.000000000000000000e+00 1.769583888642084837e-02 8.176228123521860069e-02 3.429655575014594303e-03 0.000000000000000000e+00 0.000000000000000000e+00 1.405988752089983307e-01 3.344968004653868683e-03 2.303086135421464602e-03 0.000000000000000000e+00 3.060967944688874898e-01 1.029512697323267060e-03 1.976935749588138239e-02 3.692762186115214427e-04 2.566735112936345065e-04 0.000000000000000000e+00 3.085755292429135169e-02 2.851168979281505558e-03 8.643994834266034710e-02 1.961323435065530363e-02 0.000000000000000000e+00 0.000000000000000000e+00 1.272399533453504473e-03 7.528703180877093773e-04 0.000000000000000000e+00 3.716090672612411857e-04 0.000000000000000000e+00 0.000000000000000000e+00 1.260231258932051519e-02 4.550108065066545333e-04 9.890859481582537846e-03 4.097520999795123972e-04 2.435399039560942266e-02 9.673313534153585302e-03 0.000000000000000000e+00 0.000000000000000000e+00 4.918355301987015205e-02 0.000000000000000000e+00 2.483443708609271629e-03 0.000000000000000000e+00 0.000000000000000000e+00 0.000000000000000000e+00 1.427347987439337796e-04 0.000000000000000000e+00 1.231527093596059127e-03 2.260908885371919555e-04 0.000000000000000000e+00 0.000000000000000000e+00 4.499437570303712469e-03 3.437213565536205158e-04 1.198365864729913736e-02 0.000000000000000000e+00 0.000000000000000000e+00 0.000000000000000000e+00 9.043226623259178988e-04 1.511944360447535572e-04 2.830797994391093808e-01 3.364786774925023708e-03 5.413625304136253369e-02 1.033820705951853580e-03 3.379822864705283453e-02 0.000000000000000000e+00 2.500347270454229744e-03 4.198740377886634053e-04 2.424654430092907167e-02 0.000000000000000000e+00 2.625057365764112138e-02 1.185068141418131604e-03 1.248817407757805142e-01 1.498787745206083336e-02 3.223885675399795758e-02 5.323598752756863919e-04 2.559746290633140714e-02 4.640801930573603155e-04 0.000000000000000000e+00 0.000000000000000000e+00 6.356831638923025884e-02 3.973819541841981835e-03 2.723311546840958761e-03 0.000000000000000000e+00 3.025718608169440313e-03 0.000000000000000000e+00 3.367003367003366856e-03 0.000000000000000000e+00 1.012838801711840250e-02 0.000000000000000000e+00 6.042296072507552865e-04 0.000000000000000000e+00 8.580962974733831114e-03 0.000000000000000000e+00 1.833180568285976229e-03 2.368732727990525196e-03 1.217532467532467504e-03 7.238508867173362249e-04 7.407407407407407690e-03 0.000000000000000000e+00 0.000000000000000000e+00 0.000000000000000000e+00 0.000000000000000000e+00 5.757052389176741964e-04 1.307189542483660040e-03 0.000000000000000000e+00 2.820078962210942168e-04 9.984025559105430894e-04 7.923930269413629462e-04 0.000000000000000000e+00 0.000000000000000000e+00 7.722007722007721972e-04 1.652892561983471120e-02 0.000000000000000000e+00 0.000000000000000000e+00 1.480384900074019176e-03 0.000000000000000000e+00 8.389261744966442771e-04 0.000000000000000000e+00 0.000000000000000000e+00
1.769583888642084837e-02 0.000000000000000000e+00 3.784039462125819275e-03 8.333333333333332871e-02 0.000000000000000000e+00 8.521516829995738835e-04 2.507979936160510681e-03 1.353984874927283422e-01 0.000000000000000000e+00 1.711351968054763365e-03 4.190236748376282997e-04 8.527796842827728430e-02 0.000000000000000000e+00 9.231905465288035850e-03 0.000000000000000000e+00 2.051702913418137000e-04 2.511661284535342872e-03 6.975860102642082727e-02 2.384847180370210790e-02 5.682338924021629323e-02 0.000000000000000000e+00 0.000000000000000000e+00 3.180998833633761182e-04 5.646527385657820058e-04 0.000000000000000000e+00 0.000000000000000000e+00 0.000000000000000000e+00 0.000000000000000000e+00 1.039365986748083627e-03 3.173700375383915057e-02 5.115961800818554298e-03 0.000000000000000000e+00 8.804024697004345437e-03 1.841323716588884329e-02 0.000000000000000000e+00 6.501950585175552810e-04 1.573873696635844869e-03 7.571611019886881344e-02 0.000000000000000000e+00 2.467917077986179607e-03 0.000000000000000000e+00 1.377410468319559267e-02 0.000000000000000000e+00 2.189621195533172872e-04 1.368363437328954616e-04 3.504408772326475432e-03 0.000000000000000000e+00 0.000000000000000000e+00 0.000000000000000000e+00 1.271769019248395957e-02 0.000000000000000000e+00 1.533792650918635106e-02 0.000000000000000000e+00 1.521812647954007497e-03 0.000000000000000000e+00 3.023888720895071144e-04 1.869635421092886822e-03 2.259527466900738690e-01 2.433090024330900362e-04 5.966622360064983283e-02 1.018018935152193837e-04 4.154508823120744987e-02 1.389081816919016555e-04 7.417774667599719672e-03 0.000000000000000000e+00 3.531318744934584114e-02 1.376778338687471240e-03 6.912897491605767691e-03 1.797540208136234538e-02 6.920872823451619527e-02 1.361007145287512722e-03 5.034603391892919499e-02 4.530524408200249176e-04 2.738073139038425807e-02 0.000000000000000000e+00 0.000000000000000000e+00 7.708635906602614302e-03 1.061243571762505861e-01 0.000000000000000000e+00 0.000000000000000000e+00 2.017145738779626749e-04 2.887139107611548516e-03 0.000000000000000000e+00 0.000000000000000000e+00 7.132667617689015637e-05 1.310149615851192821e-02 0.000000000000000000e+00 0.000000000000000000e+00 0.000000000000000000e+00 9.473837632998105898e-03 4.582951420714940572e-04 7.895775759968416598e-04 0.000000000000000000e+00 1.085776330076004392e-03 0.000000000000000000e+00 1.943005181347150223e-02 0.000000000000000000e+00 0.000000000000000000e+00 0.000000000000000000e+00 0.000000000000000000e+00 0.000000000000000000e+00 1.564945226917057938e-03 0.000000000000000000e+00 9.984025559105430894e-04 0.000000000000000000e+00 0.000000000000000000e+00 0.000000000000000000e+00 0.000000000000000000e+00 0.000000000000000000e+00 0.000000000000000000e+00 0.000000000000000000e+00 0.000000000000000000e+00 0.000000000000000000e+00 0.000000000000000000e+00 0.000000000000000000e+00 0.000000000000000000e+00
8.176228123521860069e-02 3.784039462125819275e-03 0.000000000000000000e+00 4.013426736719206099e-03 1.218081435472739837e-01 4.260758414997869309e-03 3.305213558291533738e-01 1.025305410122163974e-02 8.705665591893137212e-02 1.026811180832857932e-02 3.561701236119840797e-02 3.774879890185312264e-03 5.563299961982004493e-02 7.754800590841950080e-03 1.848049281314168360e-02 3.282724661469019201e-03 2.709006099748833760e-02 3.231324843185705981e-03 1.383555746879035764e-01 7.515351480157639319e-03 0.000000000000000000e+00 0.000000000000000000e+00 2.381507793447142363e-01 6.399397703745529978e-03 4.799426934097421327e-02 5.202526941657376058e-03 1.808873720136518898e-02 6.727211570803901843e-04 2.715343640379368553e-02 1.592537822773290894e-03 2.575034106412005599e-02 1.720958819913952220e-02 7.546306883146581060e-03 4.157827747136189946e-03 7.852375343541421419e-04 0.000000000000000000e+00 1.868975014755066069e-02 1.824484583105272640e-04 0.000000000000000000e+00 0.000000000000000000e+00 0.000000000000000000e+00 0.000000000000000000e+00 1.427347987439337796e-04 0.000000000000000000e+00 2.873563218390804558e-03 0.000000000000000000e+00 0.000000000000000000e+00 0.000000000000000000e+00 1.285553591515346296e-03 2.291475710357470286e-04 3.359055832955061376e-03 8.202099737532808285e-05 7.748934521503293531e-04 0.000000000000000000e+00 7.234581298607343190e-04 0.000000000000000000e+00 3.909237698648763276e-03 1.462950771706532035e-04 1.204379562043795572e-02 2.953773445576724204e-04 3.563066273032678213e-03 0.000000000000000000e+00 9.723572718433116154e-04 1.399580125962211351e-04 4.305461137548153433e-03 0.000000000000000000e+00 1.854061496099128001e-02 9.875567845151096702e-05 2.995900346893724375e-03 2.204099625303063777e-04 4.933650901667233774e-02 1.597079625827059176e-03 7.192207498017895440e-02 3.619825505847410526e-03 3.428571428571428603e-01 0.000000000000000000e+00 7.541056865154731337e-02 3.389434315100514454e-03 2.723311546840958761e-03 0.000000000000000000e+00 1.916288451840645560e-03 0.000000000000000000e+00 2.020202020202020200e-03 0.000000000000000000e+00 1.925820256776034209e-03 0.000000000000000000e+00 0.000000000000000000e+00 0.000000000000000000e+00 1.271253774034641687e-03 1.457513481999708445e-04 9.165902841429881143e-04 1.579155151993683320e-03 2.029220779220779029e-03 3.619254433586681125e-04 4.444444444444444441e-03 2.590673575129533775e-03 0.000000000000000000e+00 9.149130832570906207e-04 0.000000000000000000e+00 3.454231433506044745e-03 0.000000000000000000e+00 0.000000000000000000e+00 2.820078962210942168e-04 5.990415335463258537e-04 0.000000000000000000e+00 0.000000000000000000e+00 0.000000000000000000e+00 1.544401544401544394e-03 1.652892561983471120e-02 0.000000000000000000e+00 0.000000000000000000e+00 2.220577350111028764e-03 3.039513677811550140e-03 0.000000000000000000e+00 0.000000000000000000e+00 0.000000000000000000e+00
3.429655575014594303e-03 8.333333333333332871e-02 4.013426736719206099e-03 0.000000000000000000e+00 0.000000000000000000e+00 7.882403067746059089e-02 6.003951968384252554e-03 3.212623618382780544e-01 1.381851681252878892e-03 3.936109526525955610e-02 5.237795935470353909e-03 2.831159917638984350e-02 5.702699277658091273e-03 3.298867552929591468e-02 1.540041067761807039e-03 1.826015592942141844e-02 2.332256907068532264e-03 2.014826078692263933e-02 1.127851915626345257e-02 1.884336907707817865e-01 0.000000000000000000e+00 0.000000000000000000e+00 7.846463789629944466e-03 2.503293807641633895e-01 0.000000000000000000e+00 2.452619843924191620e-02 0.000000000000000000e+00 1.009081735620585276e-03 1.299207483435104588e-03 2.491184165623933425e-02 1.125511596180081911e-02 2.274124154886293658e-02 3.315801509261376723e-03 1.595248196860415621e-02 0.000000000000000000e+00 1.300390117035110562e-03 7.869368483179224345e-04 2.517788724685276341e-02 0.000000000000000000e+00 1.480750246791707808e-03 0.000000000000000000e+00 3.030303030303030387e-02 0.000000000000000000e+00 1.094810597766586436e-04 0.000000000000000000e+00 1.921772552566131500e-03 0.000000000000000000e+00 1.436988072998994211e-04 0.000000000000000000e+00 2.864344637946837722e-03 9.078529278256921794e-05 1.722440944881889740e-03 0.000000000000000000e+00 3.381805884342238642e-04 0.000000000000000000e+00 4.535833081342606444e-04 4.249171411574742974e-04 5.193475239558188739e-03 1.216545012165450181e-04 2.171023482498892279e-02 1.018018935152193837e-04 1.389467833819647141e-03 0.000000000000000000e+00 6.997900629811056213e-04 2.266032177656922774e-04 1.620933194396202443e-03 9.178522257916475117e-05 7.801698597669366395e-03 1.576789656259854934e-04 7.493938726030416678e-03 2.041510717931268974e-03 4.395771541562096263e-02 1.812209763280099670e-03 5.652496751438648714e-02 0.000000000000000000e+00 0.000000000000000000e+00 2.792984024131381880e-03 9.443665264142123150e-02 0.000000000000000000e+00 0.000000000000000000e+00 2.017145738779626749e-04 5.249343832020997302e-04 0.000000000000000000e+00 0.000000000000000000e+00 0.000000000000000000e+00 4.043671653861706191e-04 0.000000000000000000e+00 0.000000000000000000e+00 0.000000000000000000e+00 5.830053927998833782e-04 4.582951420714940572e-04 3.947887879984208299e-04 0.000000000000000000e+00 2.895403546869344900e-03 1.481481481481481408e-03 1.295336787564766758e-02 0.000000000000000000e+00 0.000000000000000000e+00 0.000000000000000000e+00 5.757052389176741964e-04 1.307189542483660040e-03 0.000000000000000000e+00 0.000000000000000000e+00 1.198083067092651707e-03 0.000000000000000000e+00 2.526528549772612633e-04 0.000000000000000000e+00 0.000000000000000000e+00 0.000000000000000000e+00 0.000000000000000000e+00 0.000000000000000000e+00 7.401924500370095882e-04 1.519756838905775070e-03 0.000000000000000000e+00 0.000000000000000000e+00 0.000000000000000000e+00
0.000000000000000000e+00 0.000000000000000000e+00 1.218081435472739837e-01 0.000000000000000000e+00 0.000000000000000000e+00 2.982530890498508863e-03 6.991944064447484612e-03 7.271669575334496489e-05 2.809765085214186997e-01 3.993154592127781330e-03 0.000000000000000000e+00 0.000000000000000000e+00 5.069066024584970454e-04 0.000000000000000000e+00 1.165297741273100679e-01 2.051702913418137000e-04 0.000000000000000000e+00 0.000000000000000000e+00 1.033146792940163594e-03 0.000000000000000000e+00 6.932153392330384079e-02 0.000000000000000000e+00 1.569292757925988893e-02 5.646527385657820058e-04 4.154727793696275095e-02 4.830917874396135035e-03 1.098976109215017011e-01 1.681802892700975461e-03 9.354293880732753724e-03 1.137527016266636333e-04 4.092769440654842918e-03 3.482892849825855539e-03 0.000000000000000000e+00 0.000000000000000000e+00 3.926187671770710709e-04 0.000000000000000000e+00 0.000000000000000000e+00 0.000000000000000000e+00 0.000000000000000000e+00 0.000000000000000000e+00 0.000000000000000000e+00 0.000000000000000000e+00 0.000000000000000000e+00 0.000000000000000000e+00 0.000000000000000000e+00 0.000000000000000000e+00 0.000000000000000000e+00 0.000000000000000000e+00 0.000000000000000000e+00 0.000000000000000000e+00 0.000000000000000000e+00 0.000000000000000000e+00 0.000000000000000000e+00 0.000000000000000000e+00 0.000000000000000000e+00 0.000000000000000000e+00 0.000000000000000000e+00 0.000000000000000000e+00 0.000000000000000000e+00 0.000000000000000000e+00 0.000000000000000000e+00 0.000000000000000000e+00 0.000000000000000000e+00 0.000000000000000000e+00 2.266032177656922774e-04 0.000000000000000000e+00 9.178522257916475117e-05 0.000000000000000000e+00 0.000000000000000000e+00 0.000000000000000000e+00 2.730520585233072589e-02 1.521028215073389497e-04 2.197304337977120867e-02 0.000000000000000000e+00 0.000000000000000000e+00 0.000000000000000000e+00 2.122667858339850108e-03 0.000000000000000000e+00 0.000000000000000000e+00 0.000000000000000000e+00 0.000000000000000000e+00 0.000000000000000000e+00 6.734006734006734362e-04 0.000000000000000000e+00 0.000000000000000000e+00 0.000000000000000000e+00 6.042296072507552865e-04 0.000000000000000000e+00 0.000000000000000000e+00 0.000000000000000000e+00 0.000000000000000000e+00 0.000000000000000000e+00 0.000000000000000000e+00 0.000000000000000000e+00 0.000000000000000000e+00 0.000000000000000000e+00 0.000000000000000000e+00 0.000000000000000000e+00 0.000000000000000000e+00 5.757052389176741964e-04 0.000000000000000000e+00 0.000000000000000000e+00 0.000000000000000000e+00 0.000000000000000000e+00 0.000000000000000000e+00 0.000000000000000000e+00 0.000000000000000000e+00 0.000000000000000000e+00 0.000000000000000000e+00 0.000000000000000000e+00 0.000000000000000000e+00 0.000000000000000000e+00 0.000000000000000000e+00 0.000000000000000000e+00 0.000000000000000000e+00 0.000000000000000000e+00
0.000000000000000000e+00 8.521516829995738835e-04 4.260758414997869309e-03 7.882403067746059089e-02 2.982530890498508863e-03 0.000000000000000000e+00 2.279981760145918801e-04 5.744618964514252267e-03 1.381851681252878892e-03 1.380490587564175697e-01 0.000000000000000000e+00 1.715854495538778252e-04 6.336332530731212526e-04 1.230920728705071476e-03 2.566735112936345065e-04 9.048009848173983738e-02 0.000000000000000000e+00 0.000000000000000000e+00 8.609556607834696618e-05 8.248556502612042467e-04 0.000000000000000000e+00 2.250296091590998915e-02 5.089598133814017891e-03 9.599096555618294099e-03 1.253581661891117402e-02 7.023411371237457679e-02 1.706484641638225273e-03 8.812647157753111804e-02 0.000000000000000000e+00 5.573882379706518453e-03 7.503410641200546072e-03 5.121901249743905128e-03 0.000000000000000000e+00 1.442511667373780207e-03 0.000000000000000000e+00 0.000000000000000000e+00 0.000000000000000000e+00 5.473453749315818464e-04 0.000000000000000000e+00 0.000000000000000000e+00 0.000000000000000000e+00 0.000000000000000000e+00 0.000000000000000000e+00 0.000000000000000000e+00 0.000000000000000000e+00 0.000000000000000000e+00 0.000000000000000000e+00 1.436988072998994211e-04 0.000000000000000000e+00 0.000000000000000000e+00 0.000000000000000000e+00 0.000000000000000000e+00 0.000000000000000000e+00 0.000000000000000000e+00 0.000000000000000000e+00 3.023888720895071144e-04 0.000000000000000000e+00 0.000000000000000000e+00 0.000000000000000000e+00 1.476886722788362102e-04 0.000000000000000000e+00 0.000000000000000000e+00 0.000000000000000000e+00 0.000000000000000000e+00 0.000000000000000000e+00 2.315618849137431946e-04 0.000000000000000000e+00 0.000000000000000000e+00 0.000000000000000000e+00 0.000000000000000000e+00 1.020755358965634487e-03 1.931705833143204654e-02 2.265262204100124588e-04 2.431780211620567997e-02 9.523809523809524669e-03 0.000000000000000000e+00 0.000000000000000000e+00 2.337540906965871693e-03 0.000000000000000000e+00 0.000000000000000000e+00 0.000000000000000000e+00 0.000000000000000000e+00 0.000000000000000000e+00 1.476014760147601433e-03 0.000000000000000000e+00 1.617468661544682639e-04 0.000000000000000000e+00 0.000000000000000000e+00 0.000000000000000000e+00 1.457513481999708445e-04 0.000000000000000000e+00 0.000000000000000000e+00 0.000000000000000000e+00 0.000000000000000000e+00 0.000000000000000000e+00 0.000000000000000000e+00 0.000000000000000000e+00 0.000000000000000000e+00 0.000000000000000000e+00 0.000000000000000000e+00 0.000000000000000000e+00 0.000000000000000000e+00 0.000000000000000000e+00 1.996805111821086179e-04 0.000000000000000000e+00 0.000000000000000000e+00 0.000000000000000000e+00 0.000000000000000000e+00 0.000000000000000000e+00 0.000000000000000000e+00 0.000000000000000000e+00 0.000000000000000000e+00 0.000000000000000000e+00 0.000000000000000000e+00 0.000000000000000000e+00 0.000000000000000000e+00
1.405988752089983307e-01 2.507979936160510681e-03 3.305213558291533738e-01 6.003951968384252554e-03 6.991944064447484612e-03 2.279981760145918801e-04 0.000000000000000000e+00 1.410703897614892441e-02 9.811146936895440152e-02 6.274957216200798861e-03 9.826105174942384446e-02 7.035003431708991214e-03 2.434418958306932002e-01 9.601181683899557076e-03 1.001026694045174456e-02 3.487894952810832901e-03 1.399354144241119445e-02 2.280935183425204273e-03 1.816616444253120813e-02 9.256713408486848260e-03 0.000000000000000000e+00 0.000000000000000000e+00 2.597815714134238049e-02 1.129305477131564012e-02 7.163323782234956799e-04 2.229654403567447006e-03 6.825938566552901092e-04 0.000000000000000000e+00 1.299207483435104588e-02 3.298828347173245190e-03 2.148703956343792770e-02 1.413644744929317722e-02 3.201463526183397947e-03 5.515485787017395357e-03 2.355712603062426209e-03 6.501950585175552810e-04 4.131418453669093160e-03 1.824484583105272640e-04 0.000000000000000000e+00 0.000000000000000000e+00 1.453488372093023236e-03 0.000000000000000000e+00 2.854695974878675591e-04 1.094810597766586436e-04 3.694581280788177165e-03 0.000000000000000000e+00 0.000000000000000000e+00 0.000000000000000000e+00 4.981520167121967005e-03 0.000000000000000000e+00 1.361779391738538424e-02 0.000000000000000000e+00 1.162340178225494030e-03 0.000000000000000000e+00 1.446916259721468638e-03 0.000000000000000000e+00 5.183989122121186385e-03 2.194426157559798188e-04 1.399026763990267666e-02 0.000000000000000000e+00 1.384505751806983619e-02 0.000000000000000000e+00 2.361439088762328116e-03 0.000000000000000000e+00 1.903467029231815238e-02 0.000000000000000000e+00 6.057824690224873632e-03 2.962670353545329011e-04 1.576789656259854934e-03 6.612298875909191059e-04 7.043211976862878698e-02 2.433645144117423196e-03 3.443198550232189070e-02 3.527009467235938528e-03 1.904761904761904934e-02 0.000000000000000000e+00 2.804155960227907446e-02 5.493221131369799108e-03 2.723311546840958761e-03 0.000000000000000000e+00 3.630862329803328202e-03 2.624671916010498651e-04 2.693602693602693745e-03 0.000000000000000000e+00 1.640513552068473616e-02 0.000000000000000000e+00 0.000000000000000000e+00 0.000000000000000000e+00 1.541395201017002961e-02 0.000000000000000000e+00 9.165902841429881143e-04 3.947887879984208299e-04 0.000000000000000000e+00 0.000000000000000000e+00 1.481481481481481408e-03 1.295336787564766888e-03 0.000000000000000000e+00 0.000000000000000000e+00 0.000000000000000000e+00 0.000000000000000000e+00 0.000000000000000000e+00 0.000000000000000000e+00 0.000000000000000000e+00 3.993610223642172358e-04 0.000000000000000000e+00 0.000000000000000000e+00 0.000000000000000000e+00 7.722007722007721972e-04 8.264462809917355601e-03 0.000000000000000000e+00 0.000000000000000000e+00 0.000000000000000000e+00 0.000000000000000000e+00 0.000000000000000000e+00 0.000000000000000000e+00 0.000000000000000000e+00
3.344968004653868683e-03 1.353984874927283422e-01 1.025305410122163974e-02 3.212623618382780544e-01 7.271669575334496489e-05 5.744618964514252267e-03 1.410703897614892441e-02 0.000000000000000000e+00 4.606172270842929638e-04 1.078151739874500803e-01 9.847056358684266181e-03 1.552848318462594357e-01 1.089849195285768658e-02 2.143032988675529216e-01 5.133470225872690130e-04 2.482560525235945684e-02 7.355579476139217573e-03 7.222961414179813674e-03 1.541110632802410695e-02 3.051965905966455908e-02 0.000000000000000000e+00 0.000000000000000000e+00 1.484466122362421842e-02 3.670242800677583211e-02 3.581661891117478400e-04 1.486436269044964743e-03 0.000000000000000000e+00 0.000000000000000000e+00 2.728335715213719547e-03 1.638038903423956472e-02 1.517735334242837665e-02 1.249743904937512806e-02 2.172421678481591557e-03 7.127704709376326241e-03 3.926187671770710709e-04 1.950585175552665843e-03 1.180405272476883760e-03 2.371829958036854487e-03 0.000000000000000000e+00 4.935834155972358998e-04 0.000000000000000000e+00 0.000000000000000000e+00 0.000000000000000000e+00 0.000000000000000000e+00 0.000000000000000000e+00 5.991408546235586427e-03 0.000000000000000000e+00 4.310964218996982361e-04 0.000000000000000000e+00 1.695692025664527827e-02 0.000000000000000000e+00 1.870078740157480462e-02 0.000000000000000000e+00 2.705444707473790913e-03 0.000000000000000000e+00 7.559721802237678130e-04 5.948839976204640381e-04 4.974032623802209299e-03 1.216545012165450181e-04 1.462117855560478470e-02 2.036037870304387674e-04 1.055995553702931793e-02 2.778163633838033109e-04 3.498950314905528540e-03 0.000000000000000000e+00 2.570336922542549446e-02 5.507113354749885612e-04 5.925340707090658021e-03 0.000000000000000000e+00 6.612298875909191059e-04 2.551888397414086435e-03 4.182827591451821619e-02 2.944840865330161910e-03 2.951550027844811533e-02 0.000000000000000000e+00 0.000000000000000000e+00 8.378952072394146508e-03 2.501168770453483098e-02 0.000000000000000000e+00 1.434720229555236804e-03 4.034291477559253498e-04 3.280839895013123314e-03 0.000000000000000000e+00 0.000000000000000000e+00 1.426533523537803127e-04 1.528507885159724987e-02 0.000000000000000000e+00 0.000000000000000000e+00 0.000000000000000000e+00 1.063984841859787200e-02 4.582951420714940572e-04 1.184366363995262598e-03 0.000000000000000000e+00 3.619254433586681125e-04 1.481481481481481408e-03 7.772020725388600892e-03 0.000000000000000000e+00 0.000000000000000000e+00 8.888888888888889315e-04 5.757052389176741964e-04 0.000000000000000000e+00 0.000000000000000000e+00 0.000000000000000000e+00 1.996805111821086179e-04 0.000000000000000000e+00 0.000000000000000000e+00 0.000000000000000000e+00 0.000000000000000000e+00 0.000000000000000000e+00 0.000000000000000000e+00 0.000000000000000000e+00 0.000000000000000000e+00 0.000000000000000000e+00 0.000000000000000000e+00 0.000000000000000000e+00 0.000000000000000000e+00
2.303086135421464602e-03 0.000000000000000000e+00 8.705665591893137212e-02 1.381851681252878892e-03 2.809765085214186997e-01 1.381851681252878892e-03 9.811146936895440152e-02 4.606172270842929638e-04 0.000000000000000000e+00 0.000000000000000000e+00 8.380473496752565993e-04 0.000000000000000000e+00 1.026485869978456533e-02 1.230920728705071476e-04 1.129363449691991733e-01 6.155108740254411001e-04 1.794043774668102012e-04 0.000000000000000000e+00 1.721911321566939324e-04 0.000000000000000000e+00 5.899705014749262455e-03 0.000000000000000000e+00 1.166366238999045658e-03 5.646527385657820058e-04 1.790830945558739363e-03 2.601263470828688029e-03 5.631399317406143162e-02 0.000000000000000000e+00 9.224373132389242919e-03 0.000000000000000000e+00 0.000000000000000000e+00 6.146281499692685417e-04 0.000000000000000000e+00 0.000000000000000000e+00 0.000000000000000000e+00 0.000000000000000000e+00 3.934684241589612172e-04 0.000000000000000000e+00 0.000000000000000000e+00 0.000000000000000000e+00 0.000000000000000000e+00 0.000000000000000000e+00 0.000000000000000000e+00 0.000000000000000000e+00 0.000000000000000000e+00 0.000000000000000000e+00 0.000000000000000000e+00 0.000000000000000000e+00 0.000000000000000000e+00 0.000000000000000000e+00 0.000000000000000000e+00 0.000000000000000000e+00 3.874467260751646765e-04 0.000000000000000000e+00 0.000000000000000000e+00 0.000000000000000000e+00 2.549502846944845568e-04 0.000000000000000000e+00 1.216545012165450181e-04 0.000000000000000000e+00 1.221622722182632605e-03 0.000000000000000000e+00 4.167245450757049393e-04 0.000000000000000000e+00 9.064128710627691096e-04 0.000000000000000000e+00 9.178522257916475117e-05 0.000000000000000000e+00 0.000000000000000000e+00 0.000000000000000000e+00 8.080979925144607043e-03 0.000000000000000000e+00 1.766904519198097059e-02 0.000000000000000000e+00 0.000000000000000000e+00 0.000000000000000000e+00 4.245335716679700215e-03 0.000000000000000000e+00 5.446623093681917738e-04 0.000000000000000000e+00 1.210287443267775995e-03 0.000000000000000000e+00 0.000000000000000000e+00 0.000000000000000000e+00 7.132667617689015908e-04 0.000000000000000000e+00 6.042296072507552865e-04 0.000000000000000000e+00 1.589067217543302108e-04 0.000000000000000000e+00 0.000000000000000000e+00 3.947887879984208299e-04 0.000000000000000000e+00 0.000000000000000000e+00 0.000000000000000000e+00 0.000000000000000000e+00 0.000000000000000000e+00 0.000000000000000000e+00 0.000000000000000000e+00 0.000000000000000000e+00 0.000000000000000000e+00 0.000000000000000000e+00 0.000000000000000000e+00 0.000000000000000000e+00 0.000000000000000000e+00 0.000000000000000000e+00 0.000000000000000000e+00 0.000000000000000000e+00 0.000000000000000000e+00 0.000000000000000000e+00 0.000000000000000000e+00 0.000000000000000000e+00 0.000000000000000000e+00 0.000000000000000000e+00 0.000000000000000000e+00 0.000000000000000000e+00
0.000000000000000000e+00 1.711351968054763365e-03 1.026811180832857932e-02 3.936109526525955610e-02 3.993154592127781330e-03 1.380490587564175697e-01 6.274957216200798861e-03 1.078151739874500803e-01 0.000000000000000000e+00 0.000000000000000000e+00 4.190236748376282997e-04 2.402196293754289662e-03 6.336332530731212526e-04 2.338749384539635587e-02 2.566735112936345065e-04 9.930242100943782735e-02 0.000000000000000000e+00 1.900779319521003741e-04 8.609556607834696618e-05 4.582531390340024015e-04 0.000000000000000000e+00 7.895775759968416598e-04 4.983564839359558643e-03 1.693958215697346234e-03 8.595988538681948593e-03 2.229654403567447006e-03 6.825938566552901092e-04 1.042717793474604721e-02 0.000000000000000000e+00 4.550108065066545658e-03 3.069577080491132405e-03 3.482892849825855539e-03 0.000000000000000000e+00 8.485362749257531110e-05 0.000000000000000000e+00 0.000000000000000000e+00 0.000000000000000000e+00 3.648969166210545281e-04 0.000000000000000000e+00 0.000000000000000000e+00 0.000000000000000000e+00 0.000000000000000000e+00 0.000000000000000000e+00 0.000000000000000000e+00 0.000000000000000000e+00 1.130454442685959777e-04 0.000000000000000000e+00 1.436988072998994211e-04 0.000000000000000000e+00 2.291475710357470286e-04 0.000000000000000000e+00 8.202099737532808285e-05 0.000000000000000000e+00 0.000000000000000000e+00 0.000000000000000000e+00 0.000000000000000000e+00 0.000000000000000000e+00 0.000000000000000000e+00 0.000000000000000000e+00 1.476886722788362102e-04 0.000000000000000000e+00 1.389467833819647195e-04 0.000000000000000000e+00 1.399580125962211351e-04 0.000000000000000000e+00 6.946856547412295566e-04 9.178522257916475117e-05 9.875567845151096702e-05 0.000000000000000000e+00 0.000000000000000000e+00 5.103776794828172435e-04 1.110350597003574406e-02 2.265262204100124588e-04 9.374419899758677441e-03 0.000000000000000000e+00 0.000000000000000000e+00 0.000000000000000000e+00 1.636278634876110359e-03 0.000000000000000000e+00 0.000000000000000000e+00 0.000000000000000000e+00 9.186351706036745279e-04 0.000000000000000000e+00 7.380073800738007166e-04 0.000000000000000000e+00 1.213101496158511912e-03 0.000000000000000000e+00 5.977286312014344974e-04 0.000000000000000000e+00 4.372540445999125607e-04 0.000000000000000000e+00 0.000000000000000000e+00 0.000000000000000000e+00 0.000000000000000000e+00 0.000000000000000000e+00 0.000000000000000000e+00 0.000000000000000000e+00 0.000000000000000000e+00 0.000000000000000000e+00 0.000000000000000000e+00 0.000000000000000000e+00 0.000000000000000000e+00 0.000000000000000000e+00 0.000000000000000000e+00 0.000000000000000000e+00 0.000000000000000000e+00 0.000000000000000000e+00 0.000000000000000000e+00 0.000000000000000000e+00 0.000000000000000000e+00 0.000000000000000000e+00 0.000000000000000000e+00 0.000000000000000000e+00 0.000000000000000000e+00 0.000000000000000000e+00 0.000000000000000000e+00
3.060967944688874898e-01 4.190236748376282997e-04 3.561701236119840797e-02 5.237795935470353909e-03 0.000000000000000000e+00 0.000000000000000000e+00 9.826105174942384446e-02 9.847056358684266181e-03 8.380473496752565993e-04 4.190236748376282997e-04 0.000000000000000000e+00 4.118050789293068240e-03 7.134710429603345616e-02 3.815854258985721358e-03 5.903490759753593324e-03 0.000000000000000000e+00 5.687118765697882911e-02 1.900779319521003741e-04 8.695652173913043584e-03 1.924663183942810054e-03 0.000000000000000000e+00 0.000000000000000000e+00 9.649029795355741276e-03 3.952569169960474041e-03 3.581661891117478400e-04 0.000000000000000000e+00 0.000000000000000000e+00 0.000000000000000000e+00 4.404313368845004517e-02 5.687635081333182073e-04 8.185538881309685835e-03 2.253636549887318239e-03 1.943745712325634653e-03 2.291047942299533156e-03 0.000000000000000000e+00 0.000000000000000000e+00 3.934684241589612172e-04 0.000000000000000000e+00 0.000000000000000000e+00 0.000000000000000000e+00 0.000000000000000000e+00 2.754820936639118534e-03 1.427347987439337796e-04 0.000000000000000000e+00 2.736726874657909232e-04 0.000000000000000000e+00 0.000000000000000000e+00 0.000000000000000000e+00 6.427767957576731479e-04 1.145737855178735143e-04 2.905129369042214974e-03 0.000000000000000000e+00 0.000000000000000000e+00 0.000000000000000000e+00 1.808645324651835798e-04 0.000000000000000000e+00 5.183989122121186385e-03 7.314753858532660176e-05 1.824817518248175122e-03 0.000000000000000000e+00 1.313244426346329985e-02 0.000000000000000000e+00 2.500347270454229744e-03 0.000000000000000000e+00 9.743938363924767657e-03 0.000000000000000000e+00 8.260670032124827877e-04 9.875567845151096702e-05 6.307158625039419736e-04 0.000000000000000000e+00 2.381762504253147339e-02 1.216822572058711598e-03 6.455997281685355374e-03 9.281603861147206310e-04 2.857142857142857054e-02 0.000000000000000000e+00 3.910177633783934979e-03 2.454417952314165430e-03 1.089324618736383548e-03 0.000000000000000000e+00 2.824004034291477394e-03 0.000000000000000000e+00 5.387205387205387490e-03 0.000000000000000000e+00 7.489300998573466053e-03 0.000000000000000000e+00 1.208459214501510573e-03 0.000000000000000000e+00 9.534403305259812542e-03 0.000000000000000000e+00 0.000000000000000000e+00 0.000000000000000000e+00 0.000000000000000000e+00 0.000000000000000000e+00 0.000000000000000000e+00 0.000000000000000000e+00 0.000000000000000000e+00 0.000000000000000000e+00 0.000000000000000000e+00 0.000000000000000000e+00 0.000000000000000000e+00 0.000000000000000000e+00 0.000000000000000000e+00 0.000000000000000000e+00 0.000000000000000000e+00 0.000000000000000000e+00 0.000000000000000000e+00 0.000000000000000000e+00 0.000000000000000000e+00 0.000000000000000000e+00 0.000000000000000000e+00 0.000000000000000000e+00 0.000000000000000000e+00 0.000000000000000000e+00 0.000000000000000000e+00 0.000000000000000000e+00
1.029512697323267060e-03 8.527796842827728430e-02 3.774879890185312264e-03 2.831159917638984350e-02 0.000000000000000000e+00 1.715854495538778252e-04 7.035003431708991214e-03 1.552848318462594357e-01 0.000000000000000000e+00 2.402196293754289662e-03 4.118050789293068240e-03 0.000000000000000000e+00 1.647446457990115343e-03 1.974396848842934482e-01 0.000000000000000000e+00 1.046368485843249957e-02 1.435235019734481610e-03 2.585059874548564784e-02 3.788204907447266512e-03 1.695536614425808761e-02 0.000000000000000000e+00 0.000000000000000000e+00 5.195631428268476272e-03 9.222661396574440007e-03 0.000000000000000000e+00 0.000000000000000000e+00 0.000000000000000000e+00 0.000000000000000000e+00 5.196829933740418133e-04 3.139574564895915992e-02 2.899045020463847031e-03 6.965785699651711078e-03 6.860278984678710350e-04 3.054730589732710874e-03 0.000000000000000000e+00 6.501950585175552810e-04 0.000000000000000000e+00 1.277139208173691011e-03 0.000000000000000000e+00 0.000000000000000000e+00 0.000000000000000000e+00 0.000000000000000000e+00 0.000000000000000000e+00 1.094810597766586436e-04 0.000000000000000000e+00 1.017408998417363786e-03 0.000000000000000000e+00 2.873976145997988421e-04 0.000000000000000000e+00 2.635197066911090531e-03 0.000000000000000000e+00 5.823490813648294316e-03 0.000000000000000000e+00 5.072708826513357963e-04 0.000000000000000000e+00 4.535833081342606444e-04 1.699668564629897136e-04 4.535147392290249553e-03 0.000000000000000000e+00 1.624575395067198421e-03 0.000000000000000000e+00 1.417257190496040015e-02 0.000000000000000000e+00 1.553533939818054627e-02 0.000000000000000000e+00 1.493574157693643677e-02 0.000000000000000000e+00 5.925340707090658021e-04 0.000000000000000000e+00 4.408199250606127553e-04 9.356924123851649826e-04 1.787208152711232748e-02 7.928417714350436329e-04 6.125858548357156208e-03 9.523809523809524669e-03 0.000000000000000000e+00 4.468774438610211529e-03 4.558204768583450084e-03 0.000000000000000000e+00 0.000000000000000000e+00 1.008572869389813374e-04 2.230971128608923854e-02 0.000000000000000000e+00 0.000000000000000000e+00 0.000000000000000000e+00 2.846744844318641401e-02 0.000000000000000000e+00 5.977286312014344974e-04 1.589067217543302108e-04 2.477772919399504406e-02 0.000000000000000000e+00 0.000000000000000000e+00 4.058441558441558709e-04 0.000000000000000000e+00 0.000000000000000000e+00 0.000000000000000000e+00 0.000000000000000000e+00 0.000000000000000000e+00 0.000000000000000000e+00 5.757052389176741964e-04 0.000000000000000000e+00 0.000000000000000000e+00 0.000000000000000000e+00 0.000000000000000000e+00 0.000000000000000000e+00 0.000000000000000000e+00 0.000000000000000000e+00 0.000000000000000000e+00 0.000000000000000000e+00 0.000000000000000000e+00 0.000000000000000000e+00 0.000000000000000000e+00 0.000000000000000000e+00 0.000000000000000000e+00 0.000000000000000000e+00 0.000000000000000000e+00
1.976935749588138239e-02 0.000000000000000000e+00 5.563299961982004493e-02 5.702699277658091273e-03 5.069066024584970454e-04 6.336332530731212526e-04 2.434418958306932002e-01 1.089849195285768658e-02 1.026485869978456533e-02 6.336332530731212526e-04 7.134710429603345616e-02 1.647446457990115343e-03 0.000000000000000000e+00 7.877892663712457444e-03 2.974845995893223849e-01 4.718916700861715101e-03 5.920344456404736180e-03 0.000000000000000000e+00 2.755058114507102918e-03 9.165062780680048029e-04 0.000000000000000000e+00 0.000000000000000000e+00 2.587212384688792124e-02 8.658008658008658001e-03 0.000000000000000000e+00 7.432181345224823715e-04 0.000000000000000000e+00 0.000000000000000000e+00 1.014681044562816686e-01 9.100216130133090666e-04 1.705320600272851317e-02 1.761934029911903232e-02 2.172421678481591557e-03 1.527365294866355437e-03 7.852375343541421419e-04 0.000000000000000000e+00 5.902026362384418801e-04 0.000000000000000000e+00 0.000000000000000000e+00 0.000000000000000000e+00 0.000000000000000000e+00 0.000000000000000000e+00 0.000000000000000000e+00 0.000000000000000000e+00 2.736726874657909232e-04 0.000000000000000000e+00 0.000000000000000000e+00 0.000000000000000000e+00 8.034709946970914349e-04 0.000000000000000000e+00 2.269632319564230706e-03 0.000000000000000000e+00 0.000000000000000000e+00 0.000000000000000000e+00 1.808645324651835798e-04 0.000000000000000000e+00 3.909237698648763276e-03 7.314753858532660176e-05 2.311435523114355357e-03 0.000000000000000000e+00 2.290542604092436069e-02 0.000000000000000000e+00 8.056674538130295313e-03 0.000000000000000000e+00 1.971447994561522851e-02 0.000000000000000000e+00 5.507113354749885612e-04 9.875567845151096702e-05 6.307158625039419736e-04 0.000000000000000000e+00 3.308948621980265653e-02 1.368925393566050629e-03 3.703703703703703498e-02 3.434193428624466096e-03 9.523809523809524669e-03 0.000000000000000000e+00 2.770640151938330922e-02 2.571294997662459166e-03 9.259259259259258745e-03 0.000000000000000000e+00 9.581442259203227368e-03 0.000000000000000000e+00 0.000000000000000000e+00 0.000000000000000000e+00 1.547788873038516422e-02 8.087343307723413195e-05 0.000000000000000000e+00 0.000000000000000000e+00 1.366597807087239873e-02 0.000000000000000000e+00 0.000000000000000000e+00 7.895775759968416598e-04 4.058441558441558709e-04 0.000000000000000000e+00 0.000000000000000000e+00 0.000000000000000000e+00 0.000000000000000000e+00 0.000000000000000000e+00 0.000000000000000000e+00 0.000000000000000000e+00 0.000000000000000000e+00 0.000000000000000000e+00 0.000000000000000000e+00 1.996805111821086179e-04 0.000000000000000000e+00 0.000000000000000000e+00 0.000000000000000000e+00 0.000000000000000000e+00 0.000000000000000000e+00 0.000000000000000000e+00 0.000000000000000000e+00 7.401924500370095882e-04 0.000000000000000000e+00 0.000000000000000000e+00 0.000000000000000000e+00 0.000000000000000000e+00
