0.000000000000000000e+00 1.542233980770471753e-02 6.816684961580680990e-02 4.689128169503300157e-03 1.084598698481561855e-03 0.000000000000000000e+00 1.196001428061406607e-01 4.539159870749345967e-03 2.318392581143740184e-03 0.000000000000000000e+00 2.679268543250462042e-01 2.595328408864044662e-03 4.061597690086621998e-02 2.921840759678597356e-04 1.824817518248175122e-03 0.000000000000000000e+00 4.835074779758246483e-02 5.346493933785729201e-03 5.785997357992073847e-02 4.091428571428571553e-02 5.117707267144319455e-04 0.000000000000000000e+00 2.961208172934557195e-03 1.300390117035110562e-03 0.000000000000000000e+00 0.000000000000000000e+00 0.000000000000000000e+00 0.000000000000000000e+00 1.727272727272727293e-02 1.453337485726149698e-03 1.195219123505976032e-03 1.945903872348705987e-04 2.152716221349879663e-03 1.384252896131945784e-02 7.052186177715091559e-04 0.000000000000000000e+00 6.403085824493731648e-02 2.058460271716755887e-04 1.990049751243780970e-03 0.000000000000000000e+00 9.523809523809524669e-03 0.000000000000000000e+00 1.938172303517782789e-04 0.000000000000000000e+00 0.000000000000000000e+00 0.000000000000000000e+00 0.000000000000000000e+00 0.000000000000000000e+00 6.066120715802244667e-04 9.293680297397769352e-05 8.288680509042196942e-03 0.000000000000000000e+00 1.508750754375377161e-03 0.000000000000000000e+00 6.758304696449026622e-03 0.000000000000000000e+00 3.008268981070184034e-01 9.019843656043295688e-04 1.403751006788631940e-02 4.261666311527807132e-04 5.112540192926044724e-02 4.203446826397646066e-04 1.330584707646176833e-02 0.000000000000000000e+00 5.843729481286933508e-02 4.268943436499466433e-04 2.108963093145870080e-03 5.268703898840884766e-04 4.313725490196078372e-02 2.736999253545657936e-03 8.325375466620366094e-02 6.984459577440195206e-04 5.648348846104806614e-02 2.124645892351274996e-03 0.000000000000000000e+00 0.000000000000000000e+00 1.023230088495575285e-01 1.267886252490490941e-03 2.134471718249733325e-03 0.000000000000000000e+00 1.030795000644246957e-02 2.942907592701589012e-04 0.000000000000000000e+00 0.000000000000000000e+00 3.847944142746315133e-02 7.469375560203166565e-05 6.666666666666667095e-03 1.152737752161383340e-03 3.525535420098846462e-02 6.710765986003259338e-04 1.274426508071367908e-03 7.648183556405353670e-04 2.460024600246002533e-03 8.274720728175423553e-04 2.142857142857142877e-02 5.875440658049353726e-03 0.000000000000000000e+00 0.000000000000000000e+00 7.923930269413629462e-04 7.052186177715091559e-04 1.673640167364016636e-03 0.000000000000000000e+00 1.250312578144536103e-03 0.000000000000000000e+00 5.257228689447990960e-03 4.266211604095563182e-04 0.000000000000000000e+00 0.000000000000000000e+00 1.351351351351351426e-02 0.000000000000000000e+00 0.000000000000000000e+00 1.234567901234567876e-03 0.000000000000000000e+00 9.606147934678193777e-04 0.000000000000000000e+00 0.000000000000000000e+00
1.542233980770471753e-02 0.000000000000000000e+00 2.414928649835345904e-03 1.044633553317124014e-01 0.000000000000000000e+00 1.094990418833835131e-03 2.409853623705819192e-03 1.190183105093091248e-01 0.000000000000000000e+00 3.206270039187744843e-03 0.000000000000000000e+00 1.509283290077859940e-01 0.000000000000000000e+00 1.928414901387874233e-02 0.000000000000000000e+00 1.595987232102143161e-03 1.024380249948780939e-03 7.053259304955789011e-02 3.513870541611625181e-02 8.788571428571428923e-02 0.000000000000000000e+00 0.000000000000000000e+00 1.628664495114006587e-03 9.288500835965074823e-04 0.000000000000000000e+00 0.000000000000000000e+00 0.000000000000000000e+00 0.000000000000000000e+00 2.597402597402597400e-04 2.885913007370497288e-02 9.960159362549800624e-04 0.000000000000000000e+00 1.722172977079903730e-02 1.050461417632043981e-02 0.000000000000000000e+00 4.145936981757877382e-04 0.000000000000000000e+00 9.798270893371757717e-02 3.316749585406301797e-04 7.917656373713380467e-04 0.000000000000000000e+00 9.732360097323601231e-03 0.000000000000000000e+00 3.293265272517701412e-04 0.000000000000000000e+00 7.642014095270442718e-04 0.000000000000000000e+00 9.838646202282565418e-05 0.000000000000000000e+00 1.672862453531598565e-03 8.372404554588077405e-05 1.988217967599410774e-03 0.000000000000000000e+00 2.821272393849626084e-04 0.000000000000000000e+00 5.755947812739831138e-03 7.995626324062051968e-03 3.184756464221286665e-01 2.301231158669888471e-04 2.450458129128489301e-02 2.143622722400857316e-04 5.212274064733081469e-02 1.874062968515742068e-04 3.806099677659310898e-02 3.282994090610636632e-04 1.494130202774813197e-02 1.493848857644991144e-03 3.863716192483315857e-03 5.381263616557734053e-02 1.460562328937546617e-01 7.813178227276673660e-04 6.949537279552994717e-02 3.825066938671426841e-04 7.770133549170375742e-02 0.000000000000000000e+00 3.703703703703703498e-02 1.244469026548672549e-03 7.444303568194167442e-02 0.000000000000000000e+00 2.448979591836734568e-03 1.288493750805308697e-04 2.486756915832842932e-02 0.000000000000000000e+00 0.000000000000000000e+00 2.327385570209464780e-04 1.210038840752913035e-02 0.000000000000000000e+00 2.881844380403458025e-03 3.294892915980230470e-04 2.971910650944300722e-02 4.248088360237893026e-04 3.059273422562141468e-03 8.200082000820007721e-04 2.896152254861398406e-03 4.081632653061224858e-03 2.702702702702702853e-02 1.249219237976264760e-03 0.000000000000000000e+00 0.000000000000000000e+00 2.115655853314527685e-03 0.000000000000000000e+00 0.000000000000000000e+00 5.001250312578145061e-04 3.489183531053733191e-04 1.502065339842283131e-03 3.412969283276450546e-03 0.000000000000000000e+00 1.373626373626373734e-03 4.054054054054054279e-02 0.000000000000000000e+00 0.000000000000000000e+00 0.000000000000000000e+00 7.575757575757575968e-03 0.000000000000000000e+00 0.000000000000000000e+00 1.831501831501831500e-03
6.816684961580680990e-02 2.414928649835345904e-03 0.000000000000000000e+00 5.470649531087183083e-03 1.265365148228488890e-01 1.094990418833835131e-03 2.491074616208497072e-01 6.539467610401600121e-03 1.901081916537867011e-01 1.425008906305664375e-03 3.842202588863776608e-02 2.196047115192653176e-03 5.736284889316650704e-02 3.360116873630387014e-03 2.645985401459853906e-02 1.367989056087551281e-03 1.536570374923171452e-02 1.028171910343409412e-03 5.904887714663144271e-02 5.714285714285714281e-03 2.047082906857727782e-03 0.000000000000000000e+00 1.467278649689073011e-01 1.857700167193014965e-02 2.007299270072992678e-02 2.668699961875714999e-03 4.535147392290249662e-04 4.125412541254125463e-04 3.506493506493506274e-02 8.304785632720854951e-04 7.171314741035856623e-03 2.296166569371473065e-02 5.824996834240850699e-03 7.166699391321421780e-03 2.468265162200282154e-03 0.000000000000000000e+00 9.643201542912246960e-03 8.233841086867023547e-04 8.623548922056384347e-03 0.000000000000000000e+00 1.587301587301587300e-03 0.000000000000000000e+00 2.907258455276673912e-04 0.000000000000000000e+00 1.136076748295884861e-03 0.000000000000000000e+00 1.142465440420427293e-04 0.000000000000000000e+00 2.123142250530785525e-03 9.293680297397769352e-05 4.772270596115204405e-03 0.000000000000000000e+00 9.052504526252262750e-04 0.000000000000000000e+00 3.207331042382588655e-03 0.000000000000000000e+00 3.485273013052689241e-03 2.254960914010823922e-04 2.761477390403865948e-03 1.065416577881951783e-04 2.250803858520900209e-03 1.401148942132548689e-04 5.622188905547225932e-04 1.239771881973716905e-04 5.416940249507551201e-03 1.067235859124866608e-04 5.360281195079086292e-03 3.512469265893923358e-04 2.178649237472767095e-03 4.976362279173924012e-04 3.455161038284573077e-02 6.111402130260171076e-04 6.859620043350758700e-02 3.541076487252124705e-03 0.000000000000000000e+00 0.000000000000000000e+00 5.033185840707964792e-02 1.449012859989132380e-03 1.067235859124866662e-03 0.000000000000000000e+00 2.705836876691148155e-03 1.471453796350794506e-04 0.000000000000000000e+00 0.000000000000000000e+00 9.309542280837858688e-03 0.000000000000000000e+00 8.333333333333333868e-04 0.000000000000000000e+00 1.614497528830313028e-02 0.000000000000000000e+00 8.496176720475786051e-04 0.000000000000000000e+00 2.050020500205002039e-03 0.000000000000000000e+00 6.122448979591836420e-03 3.525264394829612322e-03 0.000000000000000000e+00 0.000000000000000000e+00 0.000000000000000000e+00 7.052186177715091559e-04 0.000000000000000000e+00 0.000000000000000000e+00 2.500625156289072531e-04 0.000000000000000000e+00 1.126549004881712349e-03 4.266211604095563182e-04 0.000000000000000000e+00 0.000000000000000000e+00 0.000000000000000000e+00 0.000000000000000000e+00 0.000000000000000000e+00 0.000000000000000000e+00 0.000000000000000000e+00 9.606147934678193777e-04 1.418439716312056833e-03 0.000000000000000000e+00
4.689128169503300157e-03 1.044633553317124014e-01 5.470649531087183083e-03 0.000000000000000000e+00 7.230657989877078669e-04 5.693950177935942769e-02 9.371652981078186853e-03 2.501923372826588832e-01 3.091190108191653723e-03 2.529390808692554352e-02 3.081980686254366057e-03 3.074465961269714359e-02 3.272377285851780539e-03 3.462381300219138230e-02 1.216545012165450154e-03 2.439580483356133117e-02 8.195041999590247945e-04 1.994653506066214332e-02 1.492734478203434564e-02 9.074285714285713900e-02 5.117707267144319455e-04 0.000000000000000000e+00 2.413384660941664261e-02 2.203232398290915772e-01 2.281021897810218795e-03 8.387342737323675093e-03 4.535147392290249662e-04 5.363036303630362885e-03 9.090909090909090901e-04 4.079725942074120121e-02 1.573705179282868655e-02 1.303755594473633012e-02 6.584779030011396819e-03 1.158452778323188631e-02 0.000000000000000000e+00 3.316749585406301905e-03 0.000000000000000000e+00 1.811445039110745267e-02 0.000000000000000000e+00 0.000000000000000000e+00 0.000000000000000000e+00 0.000000000000000000e+00 0.000000000000000000e+00 3.293265272517701412e-04 0.000000000000000000e+00 2.292604228581132924e-03 0.000000000000000000e+00 2.951593860684769625e-04 0.000000000000000000e+00 5.297397769516728680e-03 8.372404554588077405e-05 9.057437407952872652e-03 0.000000000000000000e+00 1.974890675694738421e-03 0.000000000000000000e+00 4.732668201586083534e-03 6.150481787740039391e-04 1.585989176187612912e-02 4.602462317339776942e-04 1.512891540592371624e-02 5.359056806002143562e-04 1.849516603614964269e-02 5.622188905547225932e-04 3.719315645921150715e-03 1.641497045305318316e-04 8.217716115261472151e-03 5.272407732864675201e-04 9.834913944502985186e-03 1.960784313725490169e-03 7.215725304802189655e-03 1.562635645455334732e-03 3.221581980094290198e-02 3.187555782226189106e-03 7.031566167543504275e-02 0.000000000000000000e+00 1.851851851851851749e-02 3.456858407079646187e-03 6.484332548451367251e-02 0.000000000000000000e+00 4.897959183673469136e-03 0.000000000000000000e+00 3.384343731606827364e-03 0.000000000000000000e+00 9.389671361502347196e-04 2.327385570209464780e-04 4.406931580519868503e-03 0.000000000000000000e+00 0.000000000000000000e+00 1.647446457990115235e-04 1.361326814303518394e-02 1.699235344095157210e-03 1.147227533460803105e-03 4.100041000410003860e-04 0.000000000000000000e+00 7.142857142857142634e-03 1.880141010575793123e-02 0.000000000000000000e+00 0.000000000000000000e+00 7.923930269413629462e-04 7.052186177715091559e-04 8.368200836820083180e-04 0.000000000000000000e+00 5.001250312578145061e-04 6.978367062107466382e-04 3.755163349605707829e-04 8.532423208191126365e-04 0.000000000000000000e+00 0.000000000000000000e+00 1.351351351351351426e-02 0.000000000000000000e+00 7.968127490039840933e-04 1.234567901234567876e-03 0.000000000000000000e+00 0.000000000000000000e+00 1.418439716312056833e-03 0.000000000000000000e+00
1.084598698481561855e-03 0.000000000000000000e+00 1.265365148228488890e-01 7.230657989877078669e-04 0.000000000000000000e+00 3.832466465918423285e-03 6.247768654052123991e-03 3.077396522541929469e-04 2.302936630602782087e-01 2.850017812611328749e-03 0.000000000000000000e+00 0.000000000000000000e+00 3.849855630413859362e-04 1.460920379839298678e-04 2.059002433090024453e-01 4.559963520291837602e-04 2.048760499897561986e-04 0.000000000000000000e+00 0.000000000000000000e+00 0.000000000000000000e+00 3.787103377686796418e-02 2.739726027397260295e-03 1.095647023985786214e-02 7.059260635333457212e-03 2.737226277372262900e-02 1.829965688143347230e-02 1.147392290249433094e-01 8.250825082508250925e-04 1.064935064935064978e-02 1.038098204090106869e-04 4.382470119521912622e-03 5.837711617046117962e-03 0.000000000000000000e+00 0.000000000000000000e+00 0.000000000000000000e+00 0.000000000000000000e+00 5.785920925747348306e-04 0.000000000000000000e+00 0.000000000000000000e+00 0.000000000000000000e+00 0.000000000000000000e+00 0.000000000000000000e+00 0.000000000000000000e+00 0.000000000000000000e+00 0.000000000000000000e+00 0.000000000000000000e+00 0.000000000000000000e+00 0.000000000000000000e+00 0.000000000000000000e+00 0.000000000000000000e+00 8.372404554588077405e-05 0.000000000000000000e+00 0.000000000000000000e+00 0.000000000000000000e+00 1.145475372279495987e-04 0.000000000000000000e+00 0.000000000000000000e+00 0.000000000000000000e+00 1.150615579334944235e-04 0.000000000000000000e+00 0.000000000000000000e+00 0.000000000000000000e+00 0.000000000000000000e+00 0.000000000000000000e+00 0.000000000000000000e+00 0.000000000000000000e+00 0.000000000000000000e+00 8.781173164734808396e-05 0.000000000000000000e+00 0.000000000000000000e+00 3.203403073183436200e-02 6.984459577440195206e-04 3.111054443452760526e-02 1.011736139214892765e-04 0.000000000000000000e+00 0.000000000000000000e+00 1.521017699115044227e-03 0.000000000000000000e+00 0.000000000000000000e+00 0.000000000000000000e+00 0.000000000000000000e+00 0.000000000000000000e+00 0.000000000000000000e+00 0.000000000000000000e+00 1.551590380139643006e-04 0.000000000000000000e+00 0.000000000000000000e+00 0.000000000000000000e+00 3.294892915980230470e-04 0.000000000000000000e+00 4.248088360237893026e-04 0.000000000000000000e+00 0.000000000000000000e+00 0.000000000000000000e+00 0.000000000000000000e+00 0.000000000000000000e+00 0.000000000000000000e+00 0.000000000000000000e+00 0.000000000000000000e+00 0.000000000000000000e+00 0.000000000000000000e+00 0.000000000000000000e+00 0.000000000000000000e+00 0.000000000000000000e+00 0.000000000000000000e+00 0.000000000000000000e+00 0.000000000000000000e+00 0.000000000000000000e+00 0.000000000000000000e+00 0.000000000000000000e+00 0.000000000000000000e+00 0.000000000000000000e+00 0.000000000000000000e+00 0.000000000000000000e+00 0.000000000000000000e+00 0.000000000000000000e+00
0.000000000000000000e+00 1.094990418833835131e-03 1.094990418833835131e-03 5.693950177935942769e-02 3.832466465918423285e-03 0.000000000000000000e+00 2.677615137450910514e-04 9.539929219879981354e-03 3.091190108191653723e-03 3.982899893124332014e-01 0.000000000000000000e+00 1.996406468356957432e-04 0.000000000000000000e+00 1.022644265887509129e-03 1.520681265206812747e-03 1.030551755585955298e-01 0.000000000000000000e+00 0.000000000000000000e+00 0.000000000000000000e+00 1.142857142857142834e-04 3.070624360286591456e-03 1.260273972602739788e-02 2.813147764287829422e-03 4.124094371168493534e-02 1.596715328467153416e-02 4.536789935188715456e-02 3.628117913832199729e-03 1.856435643564356419e-01 0.000000000000000000e+00 1.287241773071732577e-02 6.772908366533864251e-03 6.421482778750729759e-03 0.000000000000000000e+00 1.079913606911447150e-03 0.000000000000000000e+00 4.145936981757877382e-04 0.000000000000000000e+00 2.058460271716755887e-04 0.000000000000000000e+00 0.000000000000000000e+00 0.000000000000000000e+00 0.000000000000000000e+00 0.000000000000000000e+00 0.000000000000000000e+00 0.000000000000000000e+00 0.000000000000000000e+00 0.000000000000000000e+00 0.000000000000000000e+00 0.000000000000000000e+00 1.858736059479553870e-04 0.000000000000000000e+00 7.363770250368188101e-05 0.000000000000000000e+00 0.000000000000000000e+00 0.000000000000000000e+00 0.000000000000000000e+00 0.000000000000000000e+00 0.000000000000000000e+00 0.000000000000000000e+00 2.130833155763903566e-04 0.000000000000000000e+00 0.000000000000000000e+00 0.000000000000000000e+00 0.000000000000000000e+00 0.000000000000000000e+00 0.000000000000000000e+00 0.000000000000000000e+00 4.390586582367404333e-04 0.000000000000000000e+00 0.000000000000000000e+00 6.945047313134820790e-04 2.776322682032477882e-02 0.000000000000000000e+00 2.691218130311614706e-02 0.000000000000000000e+00 0.000000000000000000e+00 0.000000000000000000e+00 2.354645897482340010e-03 0.000000000000000000e+00 0.000000000000000000e+00 0.000000000000000000e+00 4.414361389052383518e-04 0.000000000000000000e+00 0.000000000000000000e+00 0.000000000000000000e+00 0.000000000000000000e+00 0.000000000000000000e+00 0.000000000000000000e+00 0.000000000000000000e+00 2.876042565429968133e-04 0.000000000000000000e+00 0.000000000000000000e+00 0.000000000000000000e+00 0.000000000000000000e+00 0.000000000000000000e+00 0.000000000000000000e+00 6.246096189881323799e-04 0.000000000000000000e+00 0.000000000000000000e+00 0.000000000000000000e+00 0.000000000000000000e+00 0.000000000000000000e+00 0.000000000000000000e+00 0.000000000000000000e+00 0.000000000000000000e+00 0.000000000000000000e+00 0.000000000000000000e+00 0.000000000000000000e+00 0.000000000000000000e+00 0.000000000000000000e+00 0.000000000000000000e+00 0.000000000000000000e+00 0.000000000000000000e+00 0.000000000000000000e+00 0.000000000000000000e+00 0.000000000000000000e+00
1.196001428061406607e-01 2.409853623705819192e-03 2.491074616208497072e-01 9.371652981078186853e-03 6.247768654052123991e-03 2.677615137450910514e-04 0.000000000000000000e+00 1.661794122172641913e-02 1.707882534775888583e-01 7.125044531528321873e-04 6.862543661393055716e-02 8.983829107606308012e-03 3.099133782483156629e-01 5.843681519357195146e-03 2.950121654501216412e-02 9.119927040583675204e-04 1.249743904937512806e-02 1.850709438618136898e-03 8.586525759577278913e-03 6.628571428571428982e-03 0.000000000000000000e+00 0.000000000000000000e+00 9.920047379330767731e-03 1.801969162177224568e-02 4.562043795620437806e-04 3.812428516965306910e-04 0.000000000000000000e+00 0.000000000000000000e+00 2.467532467532467660e-02 1.972386587771203254e-03 4.581673306772907940e-03 1.887526756178244808e-02 6.331518298087881807e-04 1.335165913999607386e-02 3.526093088857545780e-04 0.000000000000000000e+00 5.593056894889102820e-03 0.000000000000000000e+00 4.643449419568822407e-03 0.000000000000000000e+00 3.174603174603174600e-03 0.000000000000000000e+00 2.907258455276673912e-04 0.000000000000000000e+00 3.786922494319616022e-04 0.000000000000000000e+00 1.142465440420427293e-04 9.838646202282565418e-05 1.061571125265392762e-03 9.293680297397769352e-05 3.516409912926992537e-03 0.000000000000000000e+00 9.052504526252262750e-04 0.000000000000000000e+00 6.872852233676975814e-03 0.000000000000000000e+00 7.653932891409827473e-03 4.509921828021647844e-04 1.956046484869404956e-03 0.000000000000000000e+00 7.395498392282958203e-03 2.802297884265097377e-04 9.557721139430284951e-03 2.479543763947433810e-04 1.904136572554169377e-02 1.067235859124866608e-04 4.393673110720562125e-04 3.512469265893923358e-04 4.357298474945533648e-04 0.000000000000000000e+00 9.922736348641375548e-02 2.531866596822070735e-03 3.914318500573760184e-02 5.362201537838931845e-03 0.000000000000000000e+00 0.000000000000000000e+00 5.157632743362831895e-02 4.165911972468755269e-03 6.403415154749199541e-03 0.000000000000000000e+00 3.002190439376369036e-02 1.471453796350794506e-04 8.012820512820512543e-04 0.000000000000000000e+00 3.638479441427463351e-02 0.000000000000000000e+00 2.500000000000000052e-03 0.000000000000000000e+00 4.168039538714991832e-02 9.586808551433228013e-05 0.000000000000000000e+00 3.824091778202676835e-04 2.050020500205002039e-03 8.274720728175423553e-04 4.081632653061224858e-03 1.175088131609870702e-03 0.000000000000000000e+00 0.000000000000000000e+00 0.000000000000000000e+00 0.000000000000000000e+00 8.368200836820083180e-04 0.000000000000000000e+00 2.500625156289072531e-04 0.000000000000000000e+00 1.126549004881712349e-03 4.266211604095563182e-04 1.122334455667789097e-03 0.000000000000000000e+00 0.000000000000000000e+00 0.000000000000000000e+00 0.000000000000000000e+00 0.000000000000000000e+00 0.000000000000000000e+00 0.000000000000000000e+00 1.418439716312056833e-03 0.000000000000000000e+00
4.539159870749345967e-03 1.190183105093091248e-01 6.539467610401600121e-03 2.501923372826588832e-01 3.077396522541929469e-04 9.539929219879981354e-03 1.661794122172641913e-02 0.000000000000000000e+00 3.091190108191653723e-03 7.588172426077663402e-02 8.629545921512224785e-03 1.549211419444999072e-01 3.079884504331087489e-03 2.834185536888239598e-01 6.082725060827250769e-04 3.214774281805745509e-02 1.639008399918049589e-03 1.891836315031873370e-02 1.809775429326287988e-02 8.000000000000000167e-03 0.000000000000000000e+00 0.000000000000000000e+00 2.961208172934557195e-02 1.244659112019320078e-02 2.737226277372262900e-03 7.624857033930613820e-04 0.000000000000000000e+00 8.250825082508250925e-04 2.467532467532467747e-03 2.896293989411398428e-02 1.155378486055776838e-02 2.529675034053317784e-03 6.838039761934911615e-03 1.963479285293540273e-03 3.526093088857545780e-04 2.902155887230513896e-03 7.714561234329797741e-04 5.969534787978592397e-03 3.316749585406301797e-04 1.187648456057007178e-03 0.000000000000000000e+00 2.433090024330900308e-03 0.000000000000000000e+00 1.646632636258850706e-04 0.000000000000000000e+00 2.802071834932495700e-03 0.000000000000000000e+00 9.838646202282565418e-05 0.000000000000000000e+00 5.390334572490705980e-03 0.000000000000000000e+00 4.860088365243004499e-03 0.000000000000000000e+00 2.115954295387219644e-03 1.145475372279495987e-04 1.087234586850856916e-02 1.366773730608897763e-04 9.621166566446182067e-03 0.000000000000000000e+00 3.835499680375026744e-03 2.143622722400857316e-04 1.779459156508336748e-02 0.000000000000000000e+00 1.066203818497396538e-02 1.641497045305318316e-04 9.711846318036286216e-03 4.393673110720562125e-04 1.844046364594309831e-03 4.357298474945533648e-04 2.239363025628265860e-03 4.167028387880892040e-03 9.105989174087654459e-02 3.060053550937141473e-03 5.594900849858357172e-02 4.166666666666666435e-02 6.172839506172839164e-03 4.286504424778760786e-03 6.049628690454627450e-02 1.067235859124866662e-03 3.265306122448979713e-03 0.000000000000000000e+00 2.104178928781636274e-02 0.000000000000000000e+00 9.389671361502347196e-04 7.757951900698215031e-05 1.157753211831490971e-02 0.000000000000000000e+00 4.610951008645533360e-03 0.000000000000000000e+00 3.345796184450196276e-02 1.699235344095157210e-03 1.147227533460803105e-03 4.100041000410003860e-04 1.241208109226313696e-03 3.061224489795918210e-03 9.400705052878965615e-03 0.000000000000000000e+00 0.000000000000000000e+00 0.000000000000000000e+00 1.410437235543018312e-03 0.000000000000000000e+00 0.000000000000000000e+00 5.001250312578145061e-04 6.978367062107466382e-04 1.877581674802853914e-03 4.266211604095563182e-04 0.000000000000000000e+00 0.000000000000000000e+00 0.000000000000000000e+00 0.000000000000000000e+00 0.000000000000000000e+00 0.000000000000000000e+00 0.000000000000000000e+00 0.000000000000000000e+00 1.418439716312056833e-03 1.831501831501831500e-03
2.318392581143740184e-03 0.000000000000000000e+00 1.901081916537867011e-01 3.091190108191653723e-03 2.302936630602782087e-01 3.091190108191653723e-03 1.707882534775888583e-01 3.091190108191653723e-03 0.000000000000000000e+00 1.068756679729248281e-03 8.218615163344976295e-04 0.000000000000000000e+00 2.194417709335899982e-02 0.000000000000000000e+00 3.102189781021897838e-02 4.559963520291837602e-04 2.048760499897561986e-04 0.000000000000000000e+00 0.000000000000000000e+00 0.000000000000000000e+00 4.605936540429887184e-03 0.000000000000000000e+00 2.961208172934557087e-04 4.086940367824633442e-03 0.000000000000000000e+00 3.049942813572245528e-03 0.000000000000000000e+00 0.000000000000000000e+00 3.506493506493506707e-03 0.000000000000000000e+00 1.992031872509960233e-04 1.751313485113835389e-03 0.000000000000000000e+00 0.000000000000000000e+00 0.000000000000000000e+00 0.000000000000000000e+00 0.000000000000000000e+00 0.000000000000000000e+00 3.316749585406301797e-04 0.000000000000000000e+00 0.000000000000000000e+00 0.000000000000000000e+00 0.000000000000000000e+00 0.000000000000000000e+00 0.000000000000000000e+00 0.000000000000000000e+00 0.000000000000000000e+00 0.000000000000000000e+00 0.000000000000000000e+00 0.000000000000000000e+00 0.000000000000000000e+00 0.000000000000000000e+00 0.000000000000000000e+00 0.000000000000000000e+00 0.000000000000000000e+00 0.000000000000000000e+00 6.833868653044488815e-05 0.000000000000000000e+00 0.000000000000000000e+00 0.000000000000000000e+00 0.000000000000000000e+00 0.000000000000000000e+00 5.622188905547225932e-04 0.000000000000000000e+00 3.282994090610636632e-04 0.000000000000000000e+00 0.000000000000000000e+00 0.000000000000000000e+00 2.178649237472766824e-04 0.000000000000000000e+00 6.771421130306450216e-03 0.000000000000000000e+00 1.236771643503761266e-02 2.023472278429785530e-04 0.000000000000000000e+00 0.000000000000000000e+00 1.382743362831858388e-03 0.000000000000000000e+00 1.067235859124866662e-03 0.000000000000000000e+00 9.019456255637159792e-04 0.000000000000000000e+00 0.000000000000000000e+00 0.000000000000000000e+00 3.103180760279286013e-04 0.000000000000000000e+00 0.000000000000000000e+00 0.000000000000000000e+00 1.647446457990115235e-04 0.000000000000000000e+00 4.248088360237893026e-04 0.000000000000000000e+00 0.000000000000000000e+00 0.000000000000000000e+00 1.020408163265306214e-03 0.000000000000000000e+00 0.000000000000000000e+00 0.000000000000000000e+00 0.000000000000000000e+00 0.000000000000000000e+00 0.000000000000000000e+00 0.000000000000000000e+00 0.000000000000000000e+00 0.000000000000000000e+00 0.000000000000000000e+00 0.000000000000000000e+00 0.000000000000000000e+00 0.000000000000000000e+00 0.000000000000000000e+00 0.000000000000000000e+00 0.000000000000000000e+00 0.000000000000000000e+00 0.000000000000000000e+00 0.000000000000000000e+00 0.000000000000000000e+00 0.000000000000000000e+00
0.000000000000000000e+00 3.206270039187744843e-03 1.425008906305664375e-03 2.529390808692554352e-02 2.850017812611328749e-03 3.982899893124332014e-01 7.125044531528321873e-04 7.588172426077663402e-02 1.068756679729248281e-03 0.000000000000000000e+00 0.000000000000000000e+00 1.397484527849870203e-03 1.924927815206929681e-04 3.944485025566106702e-03 0.000000000000000000e+00 1.450068399452804357e-01 0.000000000000000000e+00 2.056343820686818715e-04 1.321003963011888993e-04 2.285714285714285669e-04 5.117707267144319455e-04 2.191780821917808063e-03 3.701510216168196494e-03 2.043470183912316721e-03 3.649635036496350245e-03 0.000000000000000000e+00 0.000000000000000000e+00 7.013201320132013070e-03 0.000000000000000000e+00 1.588290252257863744e-02 3.784860557768924497e-03 1.167542323409223592e-03 0.000000000000000000e+00 2.945218927940310410e-04 0.000000000000000000e+00 0.000000000000000000e+00 0.000000000000000000e+00 0.000000000000000000e+00 0.000000000000000000e+00 0.000000000000000000e+00 0.000000000000000000e+00 0.000000000000000000e+00 0.000000000000000000e+00 0.000000000000000000e+00 0.000000000000000000e+00 0.000000000000000000e+00 0.000000000000000000e+00 0.000000000000000000e+00 0.000000000000000000e+00 9.293680297397769352e-05 0.000000000000000000e+00 0.000000000000000000e+00 0.000000000000000000e+00 0.000000000000000000e+00 0.000000000000000000e+00 0.000000000000000000e+00 0.000000000000000000e+00 3.758268190018039870e-04 0.000000000000000000e+00 1.065416577881951783e-04 0.000000000000000000e+00 0.000000000000000000e+00 0.000000000000000000e+00 0.000000000000000000e+00 0.000000000000000000e+00 0.000000000000000000e+00 0.000000000000000000e+00 1.756234632946961679e-04 0.000000000000000000e+00 0.000000000000000000e+00 8.681309141418525987e-05 9.865549153134275592e-03 0.000000000000000000e+00 3.035208417644678219e-02 0.000000000000000000e+00 0.000000000000000000e+00 0.000000000000000000e+00 4.347038579967397141e-03 0.000000000000000000e+00 1.632653061224489856e-03 0.000000000000000000e+00 4.414361389052383518e-04 0.000000000000000000e+00 1.877934272300469439e-03 0.000000000000000000e+00 7.469375560203166565e-05 0.000000000000000000e+00 0.000000000000000000e+00 0.000000000000000000e+00 9.586808551433228013e-05 0.000000000000000000e+00 0.000000000000000000e+00 0.000000000000000000e+00 4.137360364087711777e-04 0.000000000000000000e+00 0.000000000000000000e+00 0.000000000000000000e+00 0.000000000000000000e+00 0.000000000000000000e+00 0.000000000000000000e+00 0.000000000000000000e+00 0.000000000000000000e+00 0.000000000000000000e+00 0.000000000000000000e+00 0.000000000000000000e+00 0.000000000000000000e+00 0.000000000000000000e+00 0.000000000000000000e+00 0.000000000000000000e+00 0.000000000000000000e+00 0.000000000000000000e+00 0.000000000000000000e+00 0.000000000000000000e+00 0.000000000000000000e+00 0.000000000000000000e+00 0.000000000000000000e+00
2.679268543250462042e-01 0.000000000000000000e+00 3.842202588863776608e-02 3.081980686254366057e-03 0.000000000000000000e+00 0.000000000000000000e+00 6.862543661393055716e-02 8.629545921512224785e-03 8.218615163344976295e-04 0.000000000000000000e+00 0.000000000000000000e+00 1.397484527849870203e-03 1.201154956689124143e-01 4.382761139517896034e-04 3.953771289537713271e-03 0.000000000000000000e+00 3.114115959844294262e-02 4.112687641373637430e-04 2.694848084544253577e-02 2.514285714285714127e-03 5.117707267144319455e-04 0.000000000000000000e+00 9.771986970684038223e-03 3.343860300947427283e-03 0.000000000000000000e+00 0.000000000000000000e+00 0.000000000000000000e+00 0.000000000000000000e+00 7.000000000000000666e-02 1.038098204090106869e-04 5.577689243027888870e-03 1.362132710644094191e-03 6.331518298087881807e-04 2.748870999410956383e-03 3.526093088857545780e-04 0.000000000000000000e+00 1.928640308582449435e-04 0.000000000000000000e+00 0.000000000000000000e+00 0.000000000000000000e+00 0.000000000000000000e+00 0.000000000000000000e+00 0.000000000000000000e+00 0.000000000000000000e+00 0.000000000000000000e+00 0.000000000000000000e+00 0.000000000000000000e+00 0.000000000000000000e+00 0.000000000000000000e+00 0.000000000000000000e+00 1.674480910917615481e-04 0.000000000000000000e+00 0.000000000000000000e+00 0.000000000000000000e+00 2.290950744558991974e-04 0.000000000000000000e+00 2.118499282443791262e-03 7.516536380036079740e-05 1.265677137268438578e-03 0.000000000000000000e+00 1.114683815648445826e-02 0.000000000000000000e+00 1.180659670164917532e-02 0.000000000000000000e+00 1.247537754432041963e-02 0.000000000000000000e+00 1.757469244288225067e-04 0.000000000000000000e+00 0.000000000000000000e+00 0.000000000000000000e+00 5.833839743033249203e-02 5.238344683080146946e-04 1.364273874792808899e-02 7.082152974504249627e-04 0.000000000000000000e+00 0.000000000000000000e+00 4.148230088495575164e-04 0.000000000000000000e+00 2.134471718249733325e-03 0.000000000000000000e+00 9.921401881200875988e-03 0.000000000000000000e+00 8.012820512820512543e-04 0.000000000000000000e+00 5.973622963537626035e-03 0.000000000000000000e+00 8.333333333333333868e-04 0.000000000000000000e+00 2.306425041186161654e-03 0.000000000000000000e+00 0.000000000000000000e+00 0.000000000000000000e+00 0.000000000000000000e+00 0.000000000000000000e+00 0.000000000000000000e+00 0.000000000000000000e+00 0.000000000000000000e+00 0.000000000000000000e+00 0.000000000000000000e+00 0.000000000000000000e+00 0.000000000000000000e+00 0.000000000000000000e+00 0.000000000000000000e+00 0.000000000000000000e+00 0.000000000000000000e+00 0.000000000000000000e+00 0.000000000000000000e+00 0.000000000000000000e+00 0.000000000000000000e+00 0.000000000000000000e+00 0.000000000000000000e+00 0.000000000000000000e+00 0.000000000000000000e+00 0.000000000000000000e+00 0.000000000000000000e+00 0.000000000000000000e+00
2.595328408864044662e-03 1.509283290077859940e-01 2.196047115192653176e-03 3.074465961269714359e-02 0.000000000000000000e+00 1.996406468356957432e-04 8.983829107606308012e-03 1.549211419444999072e-01 0.000000000000000000e+00 1.397484527849870203e-03 1.397484527849870203e-03 0.000000000000000000e+00 3.849855630413859362e-04 2.168005843681519440e-01 0.000000000000000000e+00 1.025991792065663460e-02 4.097520999795123972e-04 4.606210158338474442e-02 4.755614266842800482e-03 1.039999999999999952e-02 0.000000000000000000e+00 0.000000000000000000e+00 1.776724903760734360e-03 3.715400334386029929e-03 0.000000000000000000e+00 0.000000000000000000e+00 0.000000000000000000e+00 0.000000000000000000e+00 0.000000000000000000e+00 4.962109415550711167e-02 7.968127490039840933e-04 1.945903872348705987e-04 8.864125617323034096e-04 1.079913606911447150e-03 0.000000000000000000e+00 4.145936981757877382e-04 0.000000000000000000e+00 6.175380815150267660e-04 0.000000000000000000e+00 3.958828186856690233e-04 0.000000000000000000e+00 2.433090024330900308e-03 0.000000000000000000e+00 8.233163181294253529e-05 0.000000000000000000e+00 1.698225354504542676e-04 0.000000000000000000e+00 0.000000000000000000e+00 0.000000000000000000e+00 5.576208178438661883e-04 0.000000000000000000e+00 7.363770250368188101e-05 0.000000000000000000e+00 0.000000000000000000e+00 0.000000000000000000e+00 1.662829368124840073e-03 0.000000000000000000e+00 3.683102826217679072e-03 0.000000000000000000e+00 2.130833155763903566e-04 0.000000000000000000e+00 1.821493624772313295e-03 0.000000000000000000e+00 8.554425985618646644e-03 0.000000000000000000e+00 2.027748132337246420e-03 8.787346221441125335e-05 8.781173164734808396e-05 0.000000000000000000e+00 9.952724558347848024e-04 4.340654570709262723e-04 2.619172341540073473e-02 0.000000000000000000e+00 6.373937677053824122e-03 0.000000000000000000e+00 0.000000000000000000e+00 8.296460176991150327e-04 2.898025719978264761e-03 0.000000000000000000e+00 5.714285714285714281e-03 0.000000000000000000e+00 1.706886403766921800e-02 0.000000000000000000e+00 0.000000000000000000e+00 0.000000000000000000e+00 3.286525246489393343e-03 0.000000000000000000e+00 1.152737752161383340e-03 0.000000000000000000e+00 7.190106413574920766e-03 0.000000000000000000e+00 0.000000000000000000e+00 0.000000000000000000e+00 0.000000000000000000e+00 0.000000000000000000e+00 0.000000000000000000e+00 0.000000000000000000e+00 0.000000000000000000e+00 0.000000000000000000e+00 0.000000000000000000e+00 0.000000000000000000e+00 0.000000000000000000e+00 2.500625156289072531e-04 0.000000000000000000e+00 0.000000000000000000e+00 0.000000000000000000e+00 0.000000000000000000e+00 0.000000000000000000e+00 0.000000000000000000e+00 0.000000000000000000e+00 0.000000000000000000e+00 0.000000000000000000e+00 0.000000000000000000e+00 0.000000000000000000e+00 0.000000000000000000e+00 0.000000000000000000e+00
4.061597690086621998e-02 0.000000000000000000e+00 5.736284889316650704e-02 3.272377285851780539e-03 3.849855630413859362e-04 0.000000000000000000e+00 3.099133782483156629e-01 3.079884504331087489e-03 2.194417709335899982e-02 1.924927815206929681e-04 1.201154956689124143e-01 3.849855630413859362e-04 0.000000000000000000e+00 7.304601899196493933e-04 1.313868613138686192e-01 0.000000000000000000e+00 1.024380249948780939e-03 0.000000000000000000e+00 7.001321003963011796e-03 1.142857142857142834e-04 5.117707267144319455e-04 0.000000000000000000e+00 1.066034942256440660e-02 4.830020434701838734e-03 0.000000000000000000e+00 0.000000000000000000e+00 0.000000000000000000e+00 0.000000000000000000e+00 6.688311688311687764e-02 2.076196408180213738e-04 1.394422310756972217e-03 3.502626970227670777e-03 8.864125617323034096e-04 9.817396426467701366e-04 3.526093088857545780e-04 0.000000000000000000e+00 9.643201542912247176e-04 0.000000000000000000e+00 3.316749585406301797e-04 0.000000000000000000e+00 0.000000000000000000e+00 0.000000000000000000e+00 0.000000000000000000e+00 0.000000000000000000e+00 0.000000000000000000e+00 0.000000000000000000e+00 1.142465440420427293e-04 0.000000000000000000e+00 1.516530178950561167e-04 0.000000000000000000e+00 2.511721366376423086e-04 0.000000000000000000e+00 0.000000000000000000e+00 0.000000000000000000e+00 3.436426116838488232e-04 0.000000000000000000e+00 1.366773730608897763e-03 0.000000000000000000e+00 2.301231158669888471e-04 0.000000000000000000e+00 3.108252947481243353e-03 0.000000000000000000e+00 7.871064467766116304e-03 0.000000000000000000e+00 5.909389363099146371e-03 0.000000000000000000e+00 6.151142355008787192e-04 0.000000000000000000e+00 4.357298474945533648e-04 0.000000000000000000e+00 3.411754492577480369e-02 1.746114894360048801e-04 2.001785031238046547e-02 4.046944556859571060e-04 0.000000000000000000e+00 0.000000000000000000e+00 1.258296460176991198e-02 1.811266074986415476e-04 8.537886872998933299e-03 0.000000000000000000e+00 2.138899626336812285e-02 0.000000000000000000e+00 0.000000000000000000e+00 0.000000000000000000e+00 8.766485647788983121e-03 0.000000000000000000e+00 3.333333333333333547e-03 0.000000000000000000e+00 7.413509060955518828e-03 0.000000000000000000e+00 8.496176720475786051e-04 0.000000000000000000e+00 8.200082000820007721e-04 0.000000000000000000e+00 1.020408163265306214e-03 1.175088131609870702e-03 0.000000000000000000e+00 0.000000000000000000e+00 0.000000000000000000e+00 7.052186177715091559e-04 0.000000000000000000e+00 0.000000000000000000e+00 0.000000000000000000e+00 0.000000000000000000e+00 3.755163349605707829e-04 4.266211604095563182e-04 0.000000000000000000e+00 0.000000000000000000e+00 0.000000000000000000e+00 0.000000000000000000e+00 0.000000000000000000e+00 0.000000000000000000e+00 0.000000000000000000e+00 0.000000000000000000e+00 0.000000000000000000e+00 0.000000000000000000e+00
