0.000000000000000000e+00 1.064505878614553473e-02 9.628986226578979679e-02 4.391132055264003291e-03 1.527883880825057269e-03 0.000000000000000000e+00 1.740934029171684605e-01 2.601837547768111325e-03 2.710027100271002708e-03 0.000000000000000000e+00 2.705959684487291850e-01 1.355319629545967885e-03 6.419603078169298926e-02 6.419309282321222169e-04 2.184200946487076939e-03 0.000000000000000000e+00 5.646537018082565390e-02 1.168224299065420474e-03 6.446637877853177157e-02 2.477348319761440640e-02 0.000000000000000000e+00 0.000000000000000000e+00 1.371506943253900318e-03 1.471825063078217085e-03 0.000000000000000000e+00 0.000000000000000000e+00 0.000000000000000000e+00 0.000000000000000000e+00 4.365384615384615419e-02 1.006238679814851992e-03 8.016032064128256500e-04 8.543357539513028774e-04 6.828223323068684236e-03 2.160396248287490759e-02 0.000000000000000000e+00 0.000000000000000000e+00 7.453416149068323171e-02 6.963788300835654617e-04 0.000000000000000000e+00 0.000000000000000000e+00 1.401869158878504655e-02 0.000000000000000000e+00 0.000000000000000000e+00 0.000000000000000000e+00 0.000000000000000000e+00 0.000000000000000000e+00 0.000000000000000000e+00 0.000000000000000000e+00 1.825705939629990301e-03 0.000000000000000000e+00 1.903678422449753618e-02 0.000000000000000000e+00 2.581755593803786771e-03 0.000000000000000000e+00 4.579278763594733445e-03 0.000000000000000000e+00 2.653859836357168045e-01 1.265022137887413054e-03 1.572327044025157231e-02 2.469440671687862928e-04 8.377915685854911421e-02 0.000000000000000000e+00 1.852145005540604614e-02 1.495438911320472511e-04 5.989583333333333565e-02 0.000000000000000000e+00 9.220839096357768758e-03 7.057163020465773151e-04 1.004337671004337657e-01 4.237288135593220324e-03 1.471439598610574939e-01 3.296213808463251734e-03 3.710181136789506701e-02 1.810188776829583634e-03 0.000000000000000000e+00 0.000000000000000000e+00 1.000400694537197793e-01 4.519774011299435186e-03 1.908396946564885422e-03 0.000000000000000000e+00 5.046394269900699933e-03 2.374732842555212560e-04 3.246753246753246967e-03 0.000000000000000000e+00 3.612892046439092342e-02 0.000000000000000000e+00 0.000000000000000000e+00 0.000000000000000000e+00 2.114537444933920624e-02 0.000000000000000000e+00 1.461988304093567170e-03 1.128031584884376867e-03 2.172338884866039169e-03 0.000000000000000000e+00 6.445993031358884795e-02 0.000000000000000000e+00 0.000000000000000000e+00 0.000000000000000000e+00 2.854424357754519522e-03 1.466275659824046920e-03 0.000000000000000000e+00 0.000000000000000000e+00 2.638522427440633152e-03 0.000000000000000000e+00 1.068376068376068484e-03 1.184483269173822835e-03 0.000000000000000000e+00 0.000000000000000000e+00 0.000000000000000000e+00 0.000000000000000000e+00 0.000000000000000000e+00 0.000000000000000000e+00 8.695652173913043584e-03 0.000000000000000000e+00 0.000000000000000000e+00 0.000000000000000000e+00
1.064505878614553473e-02 0.000000000000000000e+00 3.102121851346320916e-03 8.268180357716611861e-02 0.000000000000000000e+00 2.948982601002654168e-04 6.690753378830456392e-04 1.349703227904707759e-01 0.000000000000000000e+00 0.000000000000000000e+00 0.000000000000000000e+00 4.156313530607635282e-02 0.000000000000000000e+00 2.144049300295288243e-02 0.000000000000000000e+00 1.972386587771203254e-03 8.529512111907198730e-04 4.030373831775700688e-02 2.544725478099938223e-02 8.292235348090377933e-02 0.000000000000000000e+00 0.000000000000000000e+00 1.714383679067375398e-04 6.307821698906644495e-04 0.000000000000000000e+00 0.000000000000000000e+00 0.000000000000000000e+00 0.000000000000000000e+00 1.346153846153846098e-03 4.226202455222378973e-02 1.002004008016031981e-03 4.271678769756514387e-04 1.579863435533538502e-02 2.160396248287490759e-02 0.000000000000000000e+00 0.000000000000000000e+00 1.194457716196846734e-03 7.068245125348189550e-02 0.000000000000000000e+00 1.157407407407407343e-02 0.000000000000000000e+00 1.282051282051282007e-02 1.394505647747873499e-04 0.000000000000000000e+00 0.000000000000000000e+00 9.286009079653322800e-04 0.000000000000000000e+00 0.000000000000000000e+00 6.085686465433301365e-04 1.657000828500414160e-03 1.516875237011755648e-04 4.470588235294117689e-03 0.000000000000000000e+00 1.426242868785656138e-03 0.000000000000000000e+00 5.898123324396782781e-03 1.600853788687299885e-03 3.159392789373813848e-01 6.047411707789066438e-04 3.753549820965551564e-02 3.209929381553605588e-04 5.054217974637015276e-02 1.583029919265474138e-04 5.084492298489606821e-02 1.736111111111111177e-04 2.996952251947172449e-02 2.074688796680497927e-03 5.948180260106865694e-03 2.252252252252252146e-02 9.286723163841807682e-02 7.719027402547279414e-04 1.253452115812917489e-01 6.246096189881323799e-04 3.180760279286268255e-02 0.000000000000000000e+00 1.472754050073637674e-03 4.140510217710698451e-03 8.926553672316384080e-02 0.000000000000000000e+00 6.944444444444444059e-03 0.000000000000000000e+00 1.971028259320826287e-02 0.000000000000000000e+00 1.610305958132045084e-03 8.664009703690868402e-05 3.621708758731864708e-02 0.000000000000000000e+00 0.000000000000000000e+00 0.000000000000000000e+00 3.596709393533575883e-02 1.096491228070175378e-03 1.522842639593908684e-02 2.172338884866039169e-03 0.000000000000000000e+00 1.219512195121951262e-02 7.407407407407407690e-03 0.000000000000000000e+00 4.098360655737705131e-03 6.660323501427212363e-03 2.932551319648093839e-03 0.000000000000000000e+00 9.165902841429881143e-04 2.261590652091971521e-03 2.686005909213000451e-03 1.068376068376068484e-03 7.403020432336392988e-03 0.000000000000000000e+00 4.261363636363636048e-03 0.000000000000000000e+00 0.000000000000000000e+00 0.000000000000000000e+00 0.000000000000000000e+00 0.000000000000000000e+00 3.502626970227670777e-03 4.304160688665709979e-03 0.000000000000000000e+00
9.628986226578979679e-02 3.102121851346320916e-03 0.000000000000000000e+00 8.353860983185176781e-03 4.774637127578303802e-02 4.128575641403715510e-03 1.509433962264150886e-01 1.170826896495650096e-02 6.278229448961156201e-02 6.907137375287797192e-03 4.338299737072743439e-02 1.581206234470295974e-03 6.581611988659376300e-02 3.723199383746308988e-03 4.149981798325445836e-02 2.958579881656804664e-03 2.115319003752985302e-02 1.362928348909657255e-03 9.885872917951880889e-02 5.963986695721986211e-03 0.000000000000000000e+00 0.000000000000000000e+00 1.680096005486027833e-01 1.135407905803195901e-02 2.739726027397260295e-03 3.712296983758700715e-03 1.162790697674418589e-03 5.314908317831517097e-04 2.153846153846153758e-02 8.049909438518816369e-04 1.803607214428857783e-02 2.285348141819735016e-02 1.044316508234034019e-02 7.482347981873748409e-03 9.643201542912247176e-04 4.734848484848484980e-04 1.457238413760152812e-02 6.963788300835654617e-04 1.317523056653491492e-03 0.000000000000000000e+00 0.000000000000000000e+00 1.282051282051282007e-02 1.394505647747873499e-04 0.000000000000000000e+00 1.563166121926957411e-03 0.000000000000000000e+00 0.000000000000000000e+00 0.000000000000000000e+00 2.312560856864654280e-03 0.000000000000000000e+00 5.915813424345847324e-03 0.000000000000000000e+00 1.290877796901893386e-03 0.000000000000000000e+00 2.289639381797366723e-03 0.000000000000000000e+00 4.624688722874421842e-03 0.000000000000000000e+00 1.076439283986453839e-02 2.469440671687862928e-04 1.925957628932163570e-03 0.000000000000000000e+00 1.583029919265474192e-03 0.000000000000000000e+00 5.729166666666666262e-03 0.000000000000000000e+00 1.483018287997541103e-02 1.008166145780824678e-04 1.034367701034367634e-02 3.531073446327683604e-04 5.827865688923195703e-02 1.781737193763919874e-03 6.321049344159899996e-02 1.680889578484613374e-03 1.552511415525114138e-02 0.000000000000000000e+00 9.175904901829838589e-02 2.683615819209039452e-03 9.541984732824427108e-04 0.000000000000000000e+00 2.116229855119648555e-03 2.374732842555212560e-04 0.000000000000000000e+00 0.000000000000000000e+00 3.292323687402530074e-03 0.000000000000000000e+00 0.000000000000000000e+00 0.000000000000000000e+00 2.863436123348017583e-03 0.000000000000000000e+00 1.827485380116958963e-03 3.948110547095319035e-03 7.241129616220129839e-04 0.000000000000000000e+00 3.658536585365853439e-02 0.000000000000000000e+00 0.000000000000000000e+00 0.000000000000000000e+00 0.000000000000000000e+00 0.000000000000000000e+00 0.000000000000000000e+00 0.000000000000000000e+00 7.538635506973238041e-04 5.372011818426000685e-04 1.068376068376068484e-03 5.922416345869114173e-04 0.000000000000000000e+00 0.000000000000000000e+00 0.000000000000000000e+00 0.000000000000000000e+00 0.000000000000000000e+00 0.000000000000000000e+00 0.000000000000000000e+00 0.000000000000000000e+00 0.000000000000000000e+00 0.000000000000000000e+00
4.391132055264003291e-03 8.268180357716611861e-02 8.353860983185176781e-03 0.000000000000000000e+00 1.527883880825057269e-03 5.249189029784723931e-02 1.016994513582229406e-02 1.432636799739816225e-01 0.000000000000000000e+00 2.839600920951650120e-02 5.039439088518843021e-03 2.168511407273548616e-02 3.442689347914135081e-03 2.978559506997047190e-02 2.912267928649435629e-03 1.405325443786982313e-02 1.876492664619583764e-03 1.460280373831775690e-02 1.326341764342998074e-02 1.374010781052873165e-01 0.000000000000000000e+00 0.000000000000000000e+00 1.731527515858049052e-02 2.327586206896551657e-01 1.095890410958904031e-03 3.712296983758700715e-03 5.813953488372092943e-04 4.517672070156789586e-03 1.538461538461538460e-03 3.723083115314952674e-02 1.583166332665330786e-02 1.008116189662537354e-01 8.702637568616949579e-03 1.633470334071029581e-02 0.000000000000000000e+00 1.420454545454545494e-03 9.555661729574772573e-04 1.671309192200557195e-02 0.000000000000000000e+00 7.716049382716048954e-03 0.000000000000000000e+00 0.000000000000000000e+00 0.000000000000000000e+00 9.720062208398133727e-05 0.000000000000000000e+00 1.031778786628146993e-04 0.000000000000000000e+00 1.794365691727974293e-04 0.000000000000000000e+00 2.367144040714877604e-04 7.584376185058778238e-05 7.058823529411765172e-04 0.000000000000000000e+00 2.037489812550937146e-04 0.000000000000000000e+00 2.680965147453083378e-04 3.557452863749555180e-04 1.370440649378030715e-02 2.418964683115626413e-04 2.333621434745030213e-02 1.069976460517868620e-04 1.286528211725785666e-03 0.000000000000000000e+00 8.972633467922835069e-04 0.000000000000000000e+00 1.015916017609210919e-03 2.305209774089442081e-04 1.582820848875894637e-02 2.836169502836169334e-03 2.683615819209039452e-02 2.412196063296024803e-03 3.429844097995545654e-02 4.996876951905059039e-03 7.706232221360227730e-02 0.000000000000000000e+00 2.061855670103092744e-02 4.674769600641111127e-03 7.768361581920904535e-02 0.000000000000000000e+00 0.000000000000000000e+00 1.627869119322806351e-04 2.374732842555212560e-04 0.000000000000000000e+00 0.000000000000000000e+00 8.664009703690868402e-05 3.224073078989790229e-04 0.000000000000000000e+00 3.454231433506044745e-03 0.000000000000000000e+00 1.913143294432753042e-04 2.558479532163742548e-03 7.896221094190638071e-03 0.000000000000000000e+00 7.575757575757575751e-04 6.968641114982578391e-03 1.481481481481481538e-02 0.000000000000000000e+00 0.000000000000000000e+00 1.902949571836346420e-03 0.000000000000000000e+00 0.000000000000000000e+00 0.000000000000000000e+00 2.638522427440633152e-03 1.074402363685200137e-03 5.341880341880342418e-04 2.665087355641101649e-03 0.000000000000000000e+00 0.000000000000000000e+00 0.000000000000000000e+00 0.000000000000000000e+00 0.000000000000000000e+00 4.329004329004329001e-03 0.000000000000000000e+00 0.000000000000000000e+00 1.434720229555236804e-03 0.000000000000000000e+00
1.527883880825057269e-03 0.000000000000000000e+00 4.774637127578303802e-02 1.527883880825057269e-03 0.000000000000000000e+00 7.077558242406369569e-03 1.217717114947143055e-02 3.252296934710139156e-04 3.130081300813007950e-01 2.302379125095932542e-03 2.191060473269062277e-04 0.000000000000000000e+00 3.645200486026731364e-03 0.000000000000000000e+00 1.427011285038223554e-01 1.725838264299802685e-03 0.000000000000000000e+00 0.000000000000000000e+00 1.542257865515114172e-04 0.000000000000000000e+00 1.979307242465137145e-02 6.269592476489028619e-04 1.594376821532659042e-02 1.051303616484440713e-03 7.178082191780821297e-02 4.176334106728538630e-03 8.604651162790698249e-02 1.062981663566303419e-03 2.115384615384615329e-03 0.000000000000000000e+00 1.402805611222444904e-02 1.495087569414780063e-03 2.677734636497522847e-04 0.000000000000000000e+00 0.000000000000000000e+00 0.000000000000000000e+00 0.000000000000000000e+00 0.000000000000000000e+00 0.000000000000000000e+00 0.000000000000000000e+00 0.000000000000000000e+00 0.000000000000000000e+00 1.394505647747873499e-04 0.000000000000000000e+00 0.000000000000000000e+00 0.000000000000000000e+00 0.000000000000000000e+00 0.000000000000000000e+00 0.000000000000000000e+00 0.000000000000000000e+00 7.584376185058778238e-05 0.000000000000000000e+00 8.605851979345955543e-04 0.000000000000000000e+00 0.000000000000000000e+00 0.000000000000000000e+00 0.000000000000000000e+00 0.000000000000000000e+00 0.000000000000000000e+00 0.000000000000000000e+00 0.000000000000000000e+00 0.000000000000000000e+00 1.583029919265474138e-04 0.000000000000000000e+00 1.736111111111111177e-04 0.000000000000000000e+00 7.684032580298139818e-05 0.000000000000000000e+00 0.000000000000000000e+00 0.000000000000000000e+00 1.920108066383635625e-02 2.761692650334075707e-03 3.497813866333541327e-02 0.000000000000000000e+00 1.004566210045662079e-02 0.000000000000000000e+00 2.671296914652063377e-03 1.412429378531073496e-04 9.541984732824427108e-04 0.000000000000000000e+00 6.511476477291225405e-04 0.000000000000000000e+00 3.246753246753246967e-03 0.000000000000000000e+00 1.386241552590538944e-03 0.000000000000000000e+00 1.686340640809443417e-03 0.000000000000000000e+00 8.810572687224669988e-04 0.000000000000000000e+00 0.000000000000000000e+00 0.000000000000000000e+00 0.000000000000000000e+00 0.000000000000000000e+00 1.742160278745644598e-03 0.000000000000000000e+00 0.000000000000000000e+00 0.000000000000000000e+00 0.000000000000000000e+00 0.000000000000000000e+00 0.000000000000000000e+00 0.000000000000000000e+00 0.000000000000000000e+00 0.000000000000000000e+00 0.000000000000000000e+00 2.961208172934557087e-04 0.000000000000000000e+00 0.000000000000000000e+00 0.000000000000000000e+00 0.000000000000000000e+00 0.000000000000000000e+00 0.000000000000000000e+00 0.000000000000000000e+00 0.000000000000000000e+00 0.000000000000000000e+00 0.000000000000000000e+00
0.000000000000000000e+00 2.948982601002654168e-04 4.128575641403715510e-03 5.249189029784723931e-02 7.077558242406369569e-03 0.000000000000000000e+00 1.471965743342700320e-03 6.504593869420278313e-04 4.516711833785004332e-04 2.962394474290099833e-01 0.000000000000000000e+00 0.000000000000000000e+00 0.000000000000000000e+00 1.283861856464244488e-04 2.912267928649435629e-03 1.698717948717948789e-01 0.000000000000000000e+00 0.000000000000000000e+00 1.542257865515114172e-04 1.146920518408074365e-04 4.048582995951417046e-03 1.316614420062695891e-02 7.543288187896451426e-03 4.835996635828427453e-02 8.767123287671232251e-03 1.071925754060324837e-01 1.744186046511627883e-03 1.926654265213925132e-01 0.000000000000000000e+00 9.458643590259609504e-03 2.184368737474949931e-02 1.815463477146518623e-02 1.338867318248761424e-04 7.376962799030456529e-04 0.000000000000000000e+00 0.000000000000000000e+00 0.000000000000000000e+00 0.000000000000000000e+00 0.000000000000000000e+00 0.000000000000000000e+00 0.000000000000000000e+00 0.000000000000000000e+00 0.000000000000000000e+00 0.000000000000000000e+00 0.000000000000000000e+00 0.000000000000000000e+00 0.000000000000000000e+00 0.000000000000000000e+00 0.000000000000000000e+00 0.000000000000000000e+00 0.000000000000000000e+00 7.843137254901961001e-05 0.000000000000000000e+00 0.000000000000000000e+00 0.000000000000000000e+00 0.000000000000000000e+00 0.000000000000000000e+00 1.054185114906177500e-04 0.000000000000000000e+00 0.000000000000000000e+00 0.000000000000000000e+00 0.000000000000000000e+00 0.000000000000000000e+00 0.000000000000000000e+00 0.000000000000000000e+00 0.000000000000000000e+00 0.000000000000000000e+00 1.008166145780824678e-04 0.000000000000000000e+00 0.000000000000000000e+00 7.719027402547279414e-04 2.654788418708240588e-02 1.249219237976264814e-04 2.560124127230411009e-02 0.000000000000000000e+00 1.472754050073637674e-02 0.000000000000000000e+00 2.118644067796610162e-03 0.000000000000000000e+00 0.000000000000000000e+00 0.000000000000000000e+00 0.000000000000000000e+00 0.000000000000000000e+00 0.000000000000000000e+00 0.000000000000000000e+00 2.149382052659860333e-04 0.000000000000000000e+00 0.000000000000000000e+00 0.000000000000000000e+00 1.913143294432753042e-04 0.000000000000000000e+00 0.000000000000000000e+00 0.000000000000000000e+00 0.000000000000000000e+00 1.742160278745644598e-03 0.000000000000000000e+00 0.000000000000000000e+00 0.000000000000000000e+00 0.000000000000000000e+00 0.000000000000000000e+00 0.000000000000000000e+00 0.000000000000000000e+00 0.000000000000000000e+00 0.000000000000000000e+00 0.000000000000000000e+00 0.000000000000000000e+00 0.000000000000000000e+00 0.000000000000000000e+00 0.000000000000000000e+00 0.000000000000000000e+00 0.000000000000000000e+00 0.000000000000000000e+00 0.000000000000000000e+00 0.000000000000000000e+00 0.000000000000000000e+00 0.000000000000000000e+00
1.740934029171684605e-01 6.690753378830456392e-04 1.509433962264150886e-01 1.016994513582229406e-02 1.217717114947143055e-02 1.471965743342700320e-03 0.000000000000000000e+00 1.235872835189852879e-02 5.600722673893405307e-02 6.907137375287797192e-03 9.969325153374232473e-02 1.129433024621640013e-03 2.298501417577966666e-01 5.135447425856977735e-03 1.092100473243538469e-02 1.479289940828402332e-03 1.091777550324121542e-02 9.735202492211838003e-04 8.019740900678593368e-03 2.637917192338570891e-03 0.000000000000000000e+00 0.000000000000000000e+00 1.354363106463226524e-02 9.882253994953743223e-03 0.000000000000000000e+00 2.320185614849187838e-03 0.000000000000000000e+00 5.314908317831517097e-04 1.596153846153846104e-02 1.408734151740792919e-03 1.563126252505010055e-02 1.964972234087996455e-02 1.606640781898513925e-03 5.585414690694488066e-03 0.000000000000000000e+00 0.000000000000000000e+00 5.016722408026755980e-03 0.000000000000000000e+00 1.317523056653491492e-03 0.000000000000000000e+00 0.000000000000000000e+00 0.000000000000000000e+00 0.000000000000000000e+00 0.000000000000000000e+00 4.263180332528066158e-04 0.000000000000000000e+00 0.000000000000000000e+00 0.000000000000000000e+00 1.703992210321324252e-03 0.000000000000000000e+00 4.095563139931740655e-03 0.000000000000000000e+00 1.290877796901893386e-03 0.000000000000000000e+00 1.431024613623354310e-03 0.000000000000000000e+00 4.091070793311988620e-03 0.000000000000000000e+00 2.177068214804063744e-03 1.234720335843931464e-04 9.843783436764390327e-03 0.000000000000000000e+00 5.540604717429159672e-03 0.000000000000000000e+00 1.597222222222222099e-02 0.000000000000000000e+00 3.150453357922237529e-03 3.024498437342473898e-04 1.835168501835168558e-03 7.062146892655367207e-04 6.213817059050559533e-02 3.741648106904231757e-03 4.459712679575265210e-02 2.585983966899405191e-03 1.369863013698630061e-02 0.000000000000000000e+00 4.554561239481768470e-02 1.836158192090395517e-03 9.541984732824427108e-04 0.000000000000000000e+00 1.188344457105648677e-02 0.000000000000000000e+00 0.000000000000000000e+00 0.000000000000000000e+00 2.183330445330098832e-02 0.000000000000000000e+00 1.686340640809443417e-03 0.000000000000000000e+00 2.158590308370043898e-02 0.000000000000000000e+00 1.096491228070175378e-03 2.256063169768753734e-03 0.000000000000000000e+00 0.000000000000000000e+00 1.916376306620208927e-02 7.407407407407407690e-03 0.000000000000000000e+00 4.098360655737705131e-03 0.000000000000000000e+00 1.466275659824046920e-03 0.000000000000000000e+00 9.165902841429881143e-04 3.769317753486619020e-04 2.686005909213000343e-04 0.000000000000000000e+00 2.961208172934557087e-04 0.000000000000000000e+00 0.000000000000000000e+00 0.000000000000000000e+00 0.000000000000000000e+00 0.000000000000000000e+00 0.000000000000000000e+00 8.695652173913043584e-03 0.000000000000000000e+00 1.434720229555236804e-03 0.000000000000000000e+00
2.601837547768111325e-03 1.349703227904707759e-01 1.170826896495650096e-02 1.432636799739816225e-01 3.252296934710139156e-04 6.504593869420278313e-04 1.235872835189852879e-02 0.000000000000000000e+00 1.355013550135501354e-03 6.216423637759017906e-02 6.134969325153374377e-03 1.718997063474136111e-01 7.290400972053462728e-03 3.237899602002824451e-01 1.456133964324717815e-03 3.402366863905325473e-02 3.923575571477311112e-03 6.814641744548286494e-03 1.850709438618136984e-02 3.268723477463011950e-02 0.000000000000000000e+00 0.000000000000000000e+00 2.983027601577233068e-02 3.280067283431455094e-02 5.479452054794520157e-04 4.640371229698375894e-04 5.813953488372092943e-04 7.972362476747276187e-04 1.346153846153846098e-03 4.447574964781646212e-02 1.923847695390781473e-02 1.131994873985476234e-02 5.087695809345293627e-03 1.759932553482980444e-02 0.000000000000000000e+00 4.734848484848484980e-04 4.777830864787386287e-04 5.222841225626741017e-03 0.000000000000000000e+00 1.543209876543209791e-03 0.000000000000000000e+00 0.000000000000000000e+00 0.000000000000000000e+00 9.720062208398133727e-05 0.000000000000000000e+00 1.238134543953776229e-03 0.000000000000000000e+00 0.000000000000000000e+00 0.000000000000000000e+00 3.432358859036572282e-03 2.275312855517633607e-04 6.666666666666667095e-03 0.000000000000000000e+00 6.112469437652811709e-04 2.862049227246708403e-04 3.753351206434316512e-03 5.336179295624333312e-04 8.011806873286949487e-03 0.000000000000000000e+00 1.481664403012717540e-02 1.069976460517868620e-04 1.580591802977393892e-02 1.583029919265474138e-04 6.280843427545985090e-03 1.736111111111111177e-04 2.488994243142566773e-02 5.378822806208698008e-04 1.300534328057263884e-02 5.005005005005004962e-04 2.824858757062146883e-03 4.920879969123890044e-03 1.160801781737193783e-01 5.496564647095565290e-03 8.520817170933539519e-02 9.132420091324200623e-04 4.418262150220913023e-03 7.479631361025778323e-03 4.901129943502825076e-02 0.000000000000000000e+00 1.388888888888888812e-02 0.000000000000000000e+00 1.139871764426502072e-02 0.000000000000000000e+00 0.000000000000000000e+00 8.664009703690868402e-05 1.719505642127888353e-02 0.000000000000000000e+00 1.727115716753022372e-03 2.202643171806167497e-04 1.721828964989477809e-02 1.461988304093567170e-03 2.256063169768753734e-03 0.000000000000000000e+00 7.575757575757575751e-04 1.742160278745644598e-03 0.000000000000000000e+00 0.000000000000000000e+00 4.098360655737705131e-03 1.902949571836346420e-03 1.466275659824046920e-03 0.000000000000000000e+00 0.000000000000000000e+00 3.769317753486619020e-04 5.372011818426000685e-04 0.000000000000000000e+00 1.184483269173822835e-03 0.000000000000000000e+00 0.000000000000000000e+00 0.000000000000000000e+00 0.000000000000000000e+00 0.000000000000000000e+00 0.000000000000000000e+00 8.695652173913043584e-03 0.000000000000000000e+00 1.434720229555236804e-03 0.000000000000000000e+00
2.710027100271002708e-03 0.000000000000000000e+00 6.278229448961156201e-02 0.000000000000000000e+00 3.130081300813007950e-01 4.516711833785004332e-04 5.600722673893405307e-02 1.355013550135501354e-03 0.000000000000000000e+00 3.069838833461243244e-03 1.752848378615249822e-03 0.000000000000000000e+00 3.584447144592952522e-02 0.000000000000000000e+00 1.874772479068074205e-01 2.465483234714004068e-04 3.411804844762879817e-04 0.000000000000000000e+00 1.542257865515114172e-04 0.000000000000000000e+00 1.349527665317138943e-03 0.000000000000000000e+00 1.200068575347162589e-03 1.682085786375105054e-03 4.383561643835616126e-03 9.280742459396751787e-04 5.813953488372092943e-03 0.000000000000000000e+00 3.461538461538461644e-03 0.000000000000000000e+00 4.008016032064128250e-04 8.543357539513028774e-04 1.338867318248761424e-04 0.000000000000000000e+00 0.000000000000000000e+00 0.000000000000000000e+00 0.000000000000000000e+00 0.000000000000000000e+00 0.000000000000000000e+00 0.000000000000000000e+00 0.000000000000000000e+00 0.000000000000000000e+00 0.000000000000000000e+00 0.000000000000000000e+00 0.000000000000000000e+00 0.000000000000000000e+00 4.382120946538124555e-04 0.000000000000000000e+00 1.217137293086660219e-04 0.000000000000000000e+00 1.516875237011755648e-04 0.000000000000000000e+00 0.000000000000000000e+00 0.000000000000000000e+00 2.862049227246708403e-04 0.000000000000000000e+00 0.000000000000000000e+00 0.000000000000000000e+00 1.209482341557813206e-04 0.000000000000000000e+00 3.209929381553605588e-04 0.000000000000000000e+00 1.108120943485831978e-03 0.000000000000000000e+00 1.736111111111111177e-04 0.000000000000000000e+00 7.684032580298139818e-05 1.008166145780824678e-04 1.668335001668335078e-04 0.000000000000000000e+00 8.780393670397530076e-03 3.563474387527839639e-04 3.347907557776389625e-02 0.000000000000000000e+00 6.392694063926940978e-03 0.000000000000000000e+00 2.671296914652063377e-03 0.000000000000000000e+00 0.000000000000000000e+00 0.000000000000000000e+00 6.511476477291225405e-04 0.000000000000000000e+00 3.246753246753246967e-03 0.000000000000000000e+00 3.465603881476347469e-03 0.000000000000000000e+00 1.686340640809443417e-03 0.000000000000000000e+00 1.762114537444933998e-03 0.000000000000000000e+00 7.309941520467835852e-04 0.000000000000000000e+00 0.000000000000000000e+00 0.000000000000000000e+00 0.000000000000000000e+00 0.000000000000000000e+00 0.000000000000000000e+00 0.000000000000000000e+00 0.000000000000000000e+00 0.000000000000000000e+00 0.000000000000000000e+00 0.000000000000000000e+00 0.000000000000000000e+00 0.000000000000000000e+00 0.000000000000000000e+00 0.000000000000000000e+00 0.000000000000000000e+00 0.000000000000000000e+00 0.000000000000000000e+00 0.000000000000000000e+00 0.000000000000000000e+00 0.000000000000000000e+00 0.000000000000000000e+00 0.000000000000000000e+00 0.000000000000000000e+00 0.000000000000000000e+00
0.000000000000000000e+00 0.000000000000000000e+00 6.907137375287797192e-03 2.839600920951650120e-02 2.302379125095932542e-03 2.962394474290099833e-01 6.907137375287797192e-03 6.216423637759017906e-02 3.069838833461243244e-03 0.000000000000000000e+00 0.000000000000000000e+00 2.032979444318951719e-03 2.025111381125962019e-04 1.553472846321735795e-02 2.548234437568256284e-03 8.777120315581854459e-02 1.705902422381439909e-04 3.894080996884735093e-04 1.542257865515114172e-04 0.000000000000000000e+00 4.498425551057130172e-04 0.000000000000000000e+00 3.771644093948225713e-03 4.415475189234650821e-03 4.931506849315068358e-03 0.000000000000000000e+00 8.720930232558139414e-04 1.328727079457879328e-03 0.000000000000000000e+00 6.842423022740994239e-03 6.212424849699398760e-03 4.271678769756514387e-04 0.000000000000000000e+00 2.107703656865844645e-04 0.000000000000000000e+00 0.000000000000000000e+00 0.000000000000000000e+00 0.000000000000000000e+00 0.000000000000000000e+00 0.000000000000000000e+00 0.000000000000000000e+00 0.000000000000000000e+00 0.000000000000000000e+00 0.000000000000000000e+00 0.000000000000000000e+00 0.000000000000000000e+00 0.000000000000000000e+00 0.000000000000000000e+00 0.000000000000000000e+00 0.000000000000000000e+00 0.000000000000000000e+00 1.568627450980392200e-04 0.000000000000000000e+00 0.000000000000000000e+00 0.000000000000000000e+00 0.000000000000000000e+00 0.000000000000000000e+00 3.162555344718532635e-04 0.000000000000000000e+00 1.234720335843931464e-04 0.000000000000000000e+00 0.000000000000000000e+00 0.000000000000000000e+00 0.000000000000000000e+00 0.000000000000000000e+00 0.000000000000000000e+00 0.000000000000000000e+00 0.000000000000000000e+00 0.000000000000000000e+00 0.000000000000000000e+00 9.648784253184099268e-05 3.830734966592427761e-03 2.498438475952529628e-04 7.240755107318334535e-03 0.000000000000000000e+00 7.363770250368188372e-03 2.671296914652063377e-04 2.824858757062146883e-03 0.000000000000000000e+00 0.000000000000000000e+00 0.000000000000000000e+00 7.124198527665637952e-04 0.000000000000000000e+00 0.000000000000000000e+00 0.000000000000000000e+00 2.149382052659860333e-04 0.000000000000000000e+00 0.000000000000000000e+00 0.000000000000000000e+00 3.826286588865506085e-04 0.000000000000000000e+00 0.000000000000000000e+00 0.000000000000000000e+00 0.000000000000000000e+00 1.742160278745644598e-03 0.000000000000000000e+00 0.000000000000000000e+00 0.000000000000000000e+00 0.000000000000000000e+00 0.000000000000000000e+00 0.000000000000000000e+00 0.000000000000000000e+00 3.769317753486619020e-04 2.686005909213000343e-04 0.000000000000000000e+00 2.961208172934557087e-04 0.000000000000000000e+00 0.000000000000000000e+00 0.000000000000000000e+00 0.000000000000000000e+00 0.000000000000000000e+00 0.000000000000000000e+00 0.000000000000000000e+00 0.000000000000000000e+00 0.000000000000000000e+00 0.000000000000000000e+00
2.705959684487291850e-01 0.000000000000000000e+00 4.338299737072743439e-02 5.039439088518843021e-03 2.191060473269062277e-04 0.000000000000000000e+00 9.969325153374232473e-02 6.134969325153374377e-03 1.752848378615249822e-03 0.000000000000000000e+00 0.000000000000000000e+00 2.258866049243279809e-04 1.859052247873632935e-01 1.283861856464244434e-03 7.644703312704768418e-03 0.000000000000000000e+00 5.731832139201637616e-02 0.000000000000000000e+00 8.790869833436149722e-03 2.293841036816148731e-04 0.000000000000000000e+00 0.000000000000000000e+00 5.486027773015601273e-03 5.466778805719091534e-03 0.000000000000000000e+00 0.000000000000000000e+00 0.000000000000000000e+00 0.000000000000000000e+00 4.326923076923076816e-02 2.012477359629704092e-04 3.807615230460921919e-03 2.776591200341734216e-03 4.016601954746284813e-04 2.107703656865844537e-03 0.000000000000000000e+00 0.000000000000000000e+00 7.166746297181079972e-04 0.000000000000000000e+00 0.000000000000000000e+00 0.000000000000000000e+00 0.000000000000000000e+00 0.000000000000000000e+00 0.000000000000000000e+00 0.000000000000000000e+00 0.000000000000000000e+00 0.000000000000000000e+00 0.000000000000000000e+00 0.000000000000000000e+00 0.000000000000000000e+00 0.000000000000000000e+00 3.033750474023511295e-04 0.000000000000000000e+00 0.000000000000000000e+00 0.000000000000000000e+00 0.000000000000000000e+00 0.000000000000000000e+00 2.490217004624688518e-03 0.000000000000000000e+00 1.451378809869375902e-03 0.000000000000000000e+00 2.011555745773592821e-02 0.000000000000000000e+00 1.203102738641760247e-02 0.000000000000000000e+00 1.579861111111111049e-02 0.000000000000000000e+00 9.220839096357768324e-04 0.000000000000000000e+00 0.000000000000000000e+00 0.000000000000000000e+00 2.962176765727518243e-02 1.336302895322939851e-03 3.372891942535915025e-03 6.464959917248512978e-04 0.000000000000000000e+00 0.000000000000000000e+00 1.602778148791238243e-03 1.412429378531073496e-04 0.000000000000000000e+00 0.000000000000000000e+00 5.371968093765261583e-03 0.000000000000000000e+00 0.000000000000000000e+00 0.000000000000000000e+00 1.039681164442904197e-02 0.000000000000000000e+00 0.000000000000000000e+00 0.000000000000000000e+00 2.422907488986783976e-03 0.000000000000000000e+00 3.654970760233917926e-04 0.000000000000000000e+00 0.000000000000000000e+00 0.000000000000000000e+00 0.000000000000000000e+00 0.000000000000000000e+00 0.000000000000000000e+00 0.000000000000000000e+00 0.000000000000000000e+00 0.000000000000000000e+00 0.000000000000000000e+00 0.000000000000000000e+00 0.000000000000000000e+00 0.000000000000000000e+00 0.000000000000000000e+00 0.000000000000000000e+00 0.000000000000000000e+00 0.000000000000000000e+00 0.000000000000000000e+00 0.000000000000000000e+00 0.000000000000000000e+00 0.000000000000000000e+00 0.000000000000000000e+00 0.000000000000000000e+00 0.000000000000000000e+00 0.000000000000000000e+00
1.355319629545967885e-03 4.156313530607635282e-02 1.581206234470295974e-03 2.168511407273548616e-02 0.000000000000000000e+00 0.000000000000000000e+00 1.129433024621640013e-03 1.718997063474136111e-01 0.000000000000000000e+00 2.032979444318951719e-03 2.258866049243279809e-04 0.000000000000000000e+00 0.000000000000000000e+00 1.321093850301707506e-01 0.000000000000000000e+00 1.380670611439842148e-02 1.705902422381439909e-04 1.004672897196261655e-01 2.621838371375694119e-03 1.685973162059869329e-02 0.000000000000000000e+00 0.000000000000000000e+00 6.857534716269501592e-04 1.198486122792262465e-02 0.000000000000000000e+00 0.000000000000000000e+00 0.000000000000000000e+00 0.000000000000000000e+00 3.846153846153846151e-04 6.460052324411350022e-02 8.016032064128256500e-04 1.922255446390431447e-03 8.033203909492569626e-04 6.006955422067657320e-03 0.000000000000000000e+00 4.734848484848484980e-04 0.000000000000000000e+00 3.481894150417827309e-04 0.000000000000000000e+00 0.000000000000000000e+00 0.000000000000000000e+00 0.000000000000000000e+00 0.000000000000000000e+00 0.000000000000000000e+00 0.000000000000000000e+00 0.000000000000000000e+00 0.000000000000000000e+00 1.794365691727974293e-04 0.000000000000000000e+00 1.183572020357438802e-04 0.000000000000000000e+00 1.568627450980392200e-04 0.000000000000000000e+00 2.037489812550937146e-04 0.000000000000000000e+00 5.361930294906166756e-04 0.000000000000000000e+00 3.162555344718532419e-03 0.000000000000000000e+00 9.877762686751451714e-04 0.000000000000000000e+00 1.470317956258040699e-03 0.000000000000000000e+00 1.256168685509197018e-02 0.000000000000000000e+00 8.465966813410091352e-04 3.073613032119255927e-04 5.040830728904123524e-04 0.000000000000000000e+00 1.765536723163841802e-03 7.719027402547279414e-04 4.454342984409799533e-02 2.498438475952529628e-04 1.706749418153607339e-02 0.000000000000000000e+00 1.472754050073637674e-03 5.342593829304126754e-04 1.045197740112994295e-02 0.000000000000000000e+00 1.388888888888888812e-02 0.000000000000000000e+00 2.849679411066255094e-02 0.000000000000000000e+00 0.000000000000000000e+00 0.000000000000000000e+00 7.522837184309511330e-03 0.000000000000000000e+00 1.727115716753022372e-03 0.000000000000000000e+00 9.565716472163764833e-03 0.000000000000000000e+00 1.692047377326565084e-03 0.000000000000000000e+00 0.000000000000000000e+00 0.000000000000000000e+00 0.000000000000000000e+00 0.000000000000000000e+00 0.000000000000000000e+00 0.000000000000000000e+00 2.932551319648093839e-03 0.000000000000000000e+00 0.000000000000000000e+00 7.538635506973238041e-04 5.372011818426000685e-04 0.000000000000000000e+00 2.961208172934557087e-04 0.000000000000000000e+00 0.000000000000000000e+00 0.000000000000000000e+00 0.000000000000000000e+00 0.000000000000000000e+00 0.000000000000000000e+00 0.000000000000000000e+00 0.000000000000000000e+00 0.000000000000000000e+00 0.000000000000000000e+00
6.419603078169298926e-02 0.000000000000000000e+00 6.581611988659376300e-02 3.442689347914135081e-03 3.645200486026731364e-03 0.000000000000000000e+00 2.298501417577966666e-01 7.290400972053462728e-03 3.584447144592952522e-02 2.025111381125962019e-04 1.859052247873632935e-01 0.000000000000000000e+00 0.000000000000000000e+00 1.925792784696366651e-03 7.899526756461594523e-02 2.465483234714004068e-04 5.458887751620607708e-03 0.000000000000000000e+00 3.084515731030228452e-03 2.293841036816148731e-04 0.000000000000000000e+00 0.000000000000000000e+00 3.000171438367906646e-02 4.625735912531538790e-03 0.000000000000000000e+00 0.000000000000000000e+00 0.000000000000000000e+00 0.000000000000000000e+00 5.019230769230768885e-02 2.012477359629704092e-04 1.743486973947895938e-02 7.048269970098248495e-03 9.372071227741331050e-04 9.484666455896300632e-04 0.000000000000000000e+00 0.000000000000000000e+00 7.166746297181079972e-04 0.000000000000000000e+00 0.000000000000000000e+00 0.000000000000000000e+00 0.000000000000000000e+00 0.000000000000000000e+00 0.000000000000000000e+00 0.000000000000000000e+00 0.000000000000000000e+00 0.000000000000000000e+00 0.000000000000000000e+00 0.000000000000000000e+00 0.000000000000000000e+00 0.000000000000000000e+00 4.550625711035267214e-04 0.000000000000000000e+00 0.000000000000000000e+00 0.000000000000000000e+00 5.724098454493416806e-04 0.000000000000000000e+00 1.245108502312344259e-03 0.000000000000000000e+00 2.418964683115626413e-04 0.000000000000000000e+00 7.810828161780441169e-03 0.000000000000000000e+00 9.339876523666296518e-03 0.000000000000000000e+00 1.319444444444444441e-02 0.000000000000000000e+00 5.378822806208698008e-04 0.000000000000000000e+00 1.668335001668334915e-03 0.000000000000000000e+00 3.280586646082593594e-02 1.336302895322939851e-03 2.573391630231105717e-02 2.585983966899405191e-04 2.739726027397260295e-03 0.000000000000000000e+00 1.255509549886469831e-02 7.062146892655367207e-04 0.000000000000000000e+00 0.000000000000000000e+00 6.185902653426664406e-03 0.000000000000000000e+00 0.000000000000000000e+00 0.000000000000000000e+00 1.169641309998267244e-02 0.000000000000000000e+00 0.000000000000000000e+00 0.000000000000000000e+00 5.947136563876652404e-03 0.000000000000000000e+00 0.000000000000000000e+00 0.000000000000000000e+00 0.000000000000000000e+00 0.000000000000000000e+00 0.000000000000000000e+00 0.000000000000000000e+00 0.000000000000000000e+00 0.000000000000000000e+00 0.000000000000000000e+00 0.000000000000000000e+00 0.000000000000000000e+00 0.000000000000000000e+00 3.769317753486619020e-04 0.000000000000000000e+00 5.341880341880342418e-04 0.000000000000000000e+00 0.000000000000000000e+00 0.000000000000000000e+00 0.000000000000000000e+00 0.000000000000000000e+00 0.000000000000000000e+00 0.000000000000000000e+00 0.000000000000000000e+00 0.000000000000000000e+00 0.000000000000000000e+00 0.000000000000000000e+00
