2.721127537540983243e-01 4.644141257917744903e-01 3.701677892359825361e-01 4.755027753388142431e-01 0.000000000000000000e+00 0.000000000000000000e+00 3.457661915759134286e-01 4.339157373006914398e-01 3.667465935222672391e-01 0.000000000000000000e+00 2.426250762363071634e-01 4.786038630136985605e-01 3.461801014462970172e-01 0.000000000000000000e+00 3.786699332512315497e-01 0.000000000000000000e+00 2.235356716147919864e-01 4.711247055602187928e-01 3.901170567537465272e-01 4.705443392622683518e-01 0.000000000000000000e+00 0.000000000000000000e+00 3.779383010869565851e-01 0.000000000000000000e+00 0.000000000000000000e+00 0.000000000000000000e+00 0.000000000000000000e+00 0.000000000000000000e+00 3.475124264154512699e-01 4.561521358395962955e-01 3.304397377049180795e-01 0.000000000000000000e+00 3.833262140295526366e-01 4.522440589275650291e-01 0.000000000000000000e+00 4.932795204081633078e-01 4.455511491815707936e-01 5.208166363636365093e-01 0.000000000000000000e+00 0.000000000000000000e+00 0.000000000000000000e+00 0.000000000000000000e+00 0.000000000000000000e+00 0.000000000000000000e+00 3.975483456832629159e-01 0.000000000000000000e+00 0.000000000000000000e+00 0.000000000000000000e+00 3.992773545721561290e-01 0.000000000000000000e+00 3.749237138461150587e-01 0.000000000000000000e+00 0.000000000000000000e+00 0.000000000000000000e+00 3.869454308627031658e-01 0.000000000000000000e+00 3.007758666065743491e-01 4.555785505253888701e-01 4.064526548425855257e-01 4.959064509803919885e-01 3.706822799084267261e-01 0.000000000000000000e+00 0.000000000000000000e+00 0.000000000000000000e+00 3.913791004871838286e-01 0.000000000000000000e+00 4.442161588687209006e-01 4.467460937500000173e-01 3.592324423722433879e-01 4.891729004494721478e-01 3.650555957893882320e-01 0.000000000000000000e+00 3.853163212482789146e-01 4.516401867628299649e-01 3.842705208561438268e-01 0.000000000000000000e+00 4.001748768400252843e-01 4.635779058967924304e-01 0.000000000000000000e+00 0.000000000000000000e+00 3.856893527911838260e-01 0.000000000000000000e+00 0.000000000000000000e+00 0.000000000000000000e+00 4.016677145273960803e-01 0.000000000000000000e+00 0.000000000000000000e+00 0.000000000000000000e+00 4.097848611112830941e-01 4.054746303448275579e-01 0.000000000000000000e+00 4.372692125984251055e-01 0.000000000000000000e+00 0.000000000000000000e+00 0.000000000000000000e+00 0.000000000000000000e+00 5.305014615384615606e-01 0.000000000000000000e+00 0.000000000000000000e+00 0.000000000000000000e+00 0.000000000000000000e+00 0.000000000000000000e+00 5.339603737373739278e-01 0.000000000000000000e+00 4.356628172043010561e-01 0.000000000000000000e+00 4.791209272727274260e-01 0.000000000000000000e+00 0.000000000000000000e+00 0.000000000000000000e+00 0.000000000000000000e+00 0.000000000000000000e+00 0.000000000000000000e+00 0.000000000000000000e+00 0.000000000000000000e+00 0.000000000000000000e+00
4.644141257917744903e-01 3.082354097316771235e-01 4.620340862283460193e-01 3.905422204620951354e-01 0.000000000000000000e+00 4.048779112903225230e-01 4.578196309628070892e-01 2.837291142492398555e-01 0.000000000000000000e+00 4.380902914311713414e-01 4.469225974025973214e-01 3.494822999368243921e-01 4.153832782608695706e-01 3.869282169000117788e-01 0.000000000000000000e+00 3.991764102429900540e-01 4.324946876179660560e-01 3.494054148998687048e-01 4.734017292892316875e-01 3.180213825132616745e-01 0.000000000000000000e+00 0.000000000000000000e+00 0.000000000000000000e+00 3.818327176470588391e-01 0.000000000000000000e+00 0.000000000000000000e+00 0.000000000000000000e+00 0.000000000000000000e+00 4.683606620047794933e-01 4.131673603168471431e-01 4.189109645373596535e-01 4.635902231549067776e-01 4.595785537243975982e-01 4.475384261979938882e-01 4.609676956745351051e-01 4.483023720196354089e-01 5.146512173613213559e-01 5.063766778194372931e-01 0.000000000000000000e+00 0.000000000000000000e+00 0.000000000000000000e+00 5.210748088235294118e-01 0.000000000000000000e+00 4.232037340579710150e-01 0.000000000000000000e+00 3.865634130357635811e-01 0.000000000000000000e+00 4.492361351351351062e-01 5.110001940298507517e-01 4.105906717869377553e-01 4.549962407407407428e-01 3.967101950060437088e-01 0.000000000000000000e+00 0.000000000000000000e+00 0.000000000000000000e+00 3.836905432281447759e-01 4.722595676565131129e-01 3.652161742401977551e-01 4.772718426321956864e-01 4.088941935300776653e-01 0.000000000000000000e+00 4.029033991870235032e-01 0.000000000000000000e+00 4.221738222256317674e-01 0.000000000000000000e+00 4.024573251892521464e-01 4.751437965380897466e-01 3.937747436518165833e-01 4.945314667103807293e-01 2.717943951738936992e-01 0.000000000000000000e+00 3.896276226912264162e-01 4.489441064630521616e-01 4.286221123912064557e-01 4.433151500000000467e-01 4.410376606753988460e-01 4.475641229485551320e-01 4.353496766936827966e-01 0.000000000000000000e+00 0.000000000000000000e+00 0.000000000000000000e+00 4.060713740039219588e-01 0.000000000000000000e+00 4.794803727272727856e-01 0.000000000000000000e+00 4.141403446010372136e-01 0.000000000000000000e+00 0.000000000000000000e+00 0.000000000000000000e+00 4.313693161023875455e-01 4.229991700680271749e-01 5.177216774300142932e-01 0.000000000000000000e+00 0.000000000000000000e+00 4.660440543038997241e-01 0.000000000000000000e+00 5.070039630604794567e-01 0.000000000000000000e+00 4.774419043478260738e-01 5.144367552081793304e-01 0.000000000000000000e+00 5.719514918032785333e-01 0.000000000000000000e+00 4.545530663042341990e-01 4.719749142857143087e-01 4.681317292063158497e-01 0.000000000000000000e+00 5.210191913043478174e-01 0.000000000000000000e+00 0.000000000000000000e+00 4.576628965517241521e-01 0.000000000000000000e+00 3.930906712328767205e-01 0.000000000000000000e+00 0.000000000000000000e+00 0.000000000000000000e+00
3.701677892359825361e-01 4.620340862283460193e-01 2.461508846394979966e-01 4.405956864291270536e-01 2.232119664084969424e-01 3.284542691476733389e-01 3.257417231742477659e-01 4.251655091738352210e-01 2.690950230061566750e-01 3.523027439024390417e-01 3.730240706920046612e-01 4.322495865396169257e-01 3.330889995513420798e-01 4.199762870359059486e-01 2.969912371085528524e-01 4.197601818181818101e-01 3.780424800569475163e-01 4.287527780967831381e-01 3.216291444202185046e-01 4.841275047694568734e-01 2.994542407648952964e-01 0.000000000000000000e+00 2.277836265396086801e-01 4.341503420604014840e-01 2.577473519999999851e-01 0.000000000000000000e+00 2.709920054419955870e-01 4.347048823529411354e-01 3.721914649668956465e-01 4.241860721949701762e-01 3.208347607561280457e-01 3.899680808114929786e-01 3.683914416072585629e-01 4.384799445662441175e-01 4.113872000000000084e-01 4.825043733333334028e-01 4.368009349168143762e-01 5.337084215686274113e-01 0.000000000000000000e+00 0.000000000000000000e+00 4.148073160458232156e-01 0.000000000000000000e+00 4.255022401955738109e-01 0.000000000000000000e+00 4.139822915413435278e-01 0.000000000000000000e+00 0.000000000000000000e+00 0.000000000000000000e+00 3.947270461407248465e-01 0.000000000000000000e+00 3.858895963285635111e-01 0.000000000000000000e+00 0.000000000000000000e+00 0.000000000000000000e+00 3.906558918798592739e-01 0.000000000000000000e+00 4.214604697240744158e-01 4.644947324921991361e-01 4.244577105494187763e-01 4.522221999999999076e-01 3.759079962057885194e-01 0.000000000000000000e+00 4.311131949152542386e-01 0.000000000000000000e+00 3.933364789335664358e-01 4.230094461538462247e-01 4.482534151978488923e-01 0.000000000000000000e+00 3.473689285644291913e-01 0.000000000000000000e+00 3.174716730814681198e-01 4.560252147612261497e-01 3.676549812213477653e-01 4.219265881132203133e-01 3.494330497593100548e-01 0.000000000000000000e+00 3.918252059476329818e-01 4.302077882807144871e-01 0.000000000000000000e+00 0.000000000000000000e+00 3.841992875251046269e-01 0.000000000000000000e+00 3.702538719898361141e-01 0.000000000000000000e+00 3.871801453345580790e-01 0.000000000000000000e+00 3.938522233009709161e-01 0.000000000000000000e+00 3.784827496944922487e-01 0.000000000000000000e+00 0.000000000000000000e+00 4.390489012314122141e-01 0.000000000000000000e+00 0.000000000000000000e+00 4.226227351925402331e-01 0.000000000000000000e+00 0.000000000000000000e+00 0.000000000000000000e+00 0.000000000000000000e+00 4.040679845347265875e-01 0.000000000000000000e+00 0.000000000000000000e+00 0.000000000000000000e+00 4.152974623861244718e-01 0.000000000000000000e+00 0.000000000000000000e+00 0.000000000000000000e+00 0.000000000000000000e+00 0.000000000000000000e+00 0.000000000000000000e+00 0.000000000000000000e+00 0.000000000000000000e+00 0.000000000000000000e+00 0.000000000000000000e+00 0.000000000000000000e+00 0.000000000000000000e+00
4.755027753388142431e-01 3.905422204620951354e-01 4.405956864291270536e-01 2.329615261622974831e-01 4.246481562499999640e-01 1.734745991697141942e-01 4.327733080295509405e-01 3.174118232251868510e-01 0.000000000000000000e+00 2.857982833333332917e-01 4.258795364739237921e-01 3.749441880064732224e-01 4.539782125984252459e-01 3.328808509875434418e-01 0.000000000000000000e+00 2.878478186879349088e-01 4.395688264155918623e-01 4.197425967512687373e-01 4.751430215745873764e-01 3.114724147956999256e-01 3.386136274509803923e-01 0.000000000000000000e+00 3.923972273208753969e-01 1.977988804078549268e-01 4.279105753424657932e-01 3.027410728008321783e-01 0.000000000000000000e+00 3.310352501521586777e-01 4.721387824433861402e-01 3.762308817422827523e-01 3.636984974954950989e-01 2.483396655059147973e-01 4.622731725537865266e-01 3.413475380121042679e-01 4.340366974789917065e-01 3.829986040229885758e-01 4.997263232388315934e-01 4.681619827324882133e-01 0.000000000000000000e+00 3.750703267973856669e-01 0.000000000000000000e+00 0.000000000000000000e+00 0.000000000000000000e+00 0.000000000000000000e+00 0.000000000000000000e+00 4.162596794751929896e-01 0.000000000000000000e+00 0.000000000000000000e+00 4.386631946902654344e-01 4.403213681189291351e-01 0.000000000000000000e+00 4.138169333463082578e-01 0.000000000000000000e+00 4.001344684684683961e-01 0.000000000000000000e+00 3.957815123966941795e-01 0.000000000000000000e+00 4.223416873652311443e-01 4.381783508771929792e-01 4.416135696817368728e-01 0.000000000000000000e+00 4.426979047058823835e-01 0.000000000000000000e+00 4.075528142751364546e-01 0.000000000000000000e+00 3.946964331937251602e-01 4.650069326844250006e-01 4.299989360331713528e-01 0.000000000000000000e+00 4.131237580145075694e-01 0.000000000000000000e+00 3.774512507949939755e-01 4.404139407123987549e-01 3.706915360226845646e-01 3.727614040404040319e-01 3.417942606431159658e-01 4.372445691202083706e-01 4.104719432064095064e-01 0.000000000000000000e+00 0.000000000000000000e+00 0.000000000000000000e+00 4.050138606622442627e-01 0.000000000000000000e+00 0.000000000000000000e+00 0.000000000000000000e+00 4.292327558717783376e-01 0.000000000000000000e+00 0.000000000000000000e+00 0.000000000000000000e+00 4.033959126213592095e-01 4.350520652173913705e-01 4.825709847328243929e-01 0.000000000000000000e+00 0.000000000000000000e+00 4.275083829787233447e-01 0.000000000000000000e+00 4.630004509803922197e-01 0.000000000000000000e+00 4.531355223333333182e-01 0.000000000000000000e+00 0.000000000000000000e+00 0.000000000000000000e+00 4.488966850393700803e-01 4.554142195539524485e-01 0.000000000000000000e+00 4.451243176936121593e-01 0.000000000000000000e+00 4.147369330357142947e-01 0.000000000000000000e+00 0.000000000000000000e+00 0.000000000000000000e+00 0.000000000000000000e+00 0.000000000000000000e+00 0.000000000000000000e+00 0.000000000000000000e+00 0.000000000000000000e+00
0.000000000000000000e+00 0.000000000000000000e+00 2.232119664084969424e-01 4.246481562499999640e-01 1.854028741230955568e-01 0.000000000000000000e+00 3.193072499999999314e-01 4.561459104477611493e-01 2.277127357179523914e-01 0.000000000000000000e+00 0.000000000000000000e+00 0.000000000000000000e+00 3.676942187500000236e-01 0.000000000000000000e+00 2.836328760978815144e-01 0.000000000000000000e+00 3.605970290322580429e-01 0.000000000000000000e+00 3.807523655913978566e-01 0.000000000000000000e+00 3.781781952850358230e-01 0.000000000000000000e+00 1.941188234661598011e-01 0.000000000000000000e+00 1.523958058887249778e-01 0.000000000000000000e+00 2.773582870561421831e-01 0.000000000000000000e+00 3.780709836065573315e-01 0.000000000000000000e+00 3.125217735273932984e-01 3.532591300536380707e-01 0.000000000000000000e+00 0.000000000000000000e+00 0.000000000000000000e+00 0.000000000000000000e+00 0.000000000000000000e+00 0.000000000000000000e+00 0.000000000000000000e+00 0.000000000000000000e+00 0.000000000000000000e+00 0.000000000000000000e+00 0.000000000000000000e+00 0.000000000000000000e+00 0.000000000000000000e+00 0.000000000000000000e+00 0.000000000000000000e+00 0.000000000000000000e+00 0.000000000000000000e+00 0.000000000000000000e+00 4.012086210937499953e-01 0.000000000000000000e+00 0.000000000000000000e+00 0.000000000000000000e+00 0.000000000000000000e+00 0.000000000000000000e+00 0.000000000000000000e+00 0.000000000000000000e+00 0.000000000000000000e+00 0.000000000000000000e+00 0.000000000000000000e+00 0.000000000000000000e+00 0.000000000000000000e+00 0.000000000000000000e+00 0.000000000000000000e+00 0.000000000000000000e+00 0.000000000000000000e+00 0.000000000000000000e+00 4.004954363636363257e-01 0.000000000000000000e+00 3.101628615579110626e-01 0.000000000000000000e+00 3.371146467543665870e-01 0.000000000000000000e+00 3.140193399269444741e-01 0.000000000000000000e+00 3.501340572143229468e-01 0.000000000000000000e+00 0.000000000000000000e+00 0.000000000000000000e+00 3.783305185185185104e-01 0.000000000000000000e+00 0.000000000000000000e+00 0.000000000000000000e+00 0.000000000000000000e+00 0.000000000000000000e+00 0.000000000000000000e+00 0.000000000000000000e+00 0.000000000000000000e+00 0.000000000000000000e+00 0.000000000000000000e+00 0.000000000000000000e+00 0.000000000000000000e+00 0.000000000000000000e+00 0.000000000000000000e+00 0.000000000000000000e+00 0.000000000000000000e+00 0.000000000000000000e+00 0.000000000000000000e+00 0.000000000000000000e+00 0.000000000000000000e+00 0.000000000000000000e+00 0.000000000000000000e+00 0.000000000000000000e+00 0.000000000000000000e+00 0.000000000000000000e+00 0.000000000000000000e+00 0.000000000000000000e+00 0.000000000000000000e+00 0.000000000000000000e+00 0.000000000000000000e+00 0.000000000000000000e+00 0.000000000000000000e+00 0.000000000000000000e+00 0.000000000000000000e+00 0.000000000000000000e+00
0.000000000000000000e+00 4.048779112903225230e-01 3.284542691476733389e-01 1.734745991697141942e-01 0.000000000000000000e+00 1.729285030790375099e-01 0.000000000000000000e+00 2.797399997501329172e-01 0.000000000000000000e+00 1.724268570671237677e-01 0.000000000000000000e+00 0.000000000000000000e+00 0.000000000000000000e+00 0.000000000000000000e+00 0.000000000000000000e+00 2.369484244492399139e-01 0.000000000000000000e+00 0.000000000000000000e+00 0.000000000000000000e+00 0.000000000000000000e+00 3.702237395079784887e-01 0.000000000000000000e+00 4.120694421957671882e-01 1.377865000000000062e-01 0.000000000000000000e+00 1.703121154338869403e-01 0.000000000000000000e+00 2.622666600377259738e-01 0.000000000000000000e+00 2.988570053159500528e-01 0.000000000000000000e+00 3.154594416748711105e-01 0.000000000000000000e+00 3.396683628353057705e-01 0.000000000000000000e+00 0.000000000000000000e+00 0.000000000000000000e+00 0.000000000000000000e+00 0.000000000000000000e+00 0.000000000000000000e+00 0.000000000000000000e+00 0.000000000000000000e+00 0.000000000000000000e+00 0.000000000000000000e+00 0.000000000000000000e+00 0.000000000000000000e+00 0.000000000000000000e+00 0.000000000000000000e+00 0.000000000000000000e+00 0.000000000000000000e+00 0.000000000000000000e+00 0.000000000000000000e+00 0.000000000000000000e+00 0.000000000000000000e+00 0.000000000000000000e+00 0.000000000000000000e+00 0.000000000000000000e+00 0.000000000000000000e+00 0.000000000000000000e+00 0.000000000000000000e+00 0.000000000000000000e+00 0.000000000000000000e+00 0.000000000000000000e+00 0.000000000000000000e+00 0.000000000000000000e+00 0.000000000000000000e+00 0.000000000000000000e+00 4.203954504201680709e-01 0.000000000000000000e+00 3.546812702702702436e-01 4.552586052631578117e-01 3.284476025020722223e-01 0.000000000000000000e+00 3.096888949706810834e-01 0.000000000000000000e+00 3.223092864580423544e-01 0.000000000000000000e+00 3.387854733553714581e-01 0.000000000000000000e+00 0.000000000000000000e+00 0.000000000000000000e+00 0.000000000000000000e+00 0.000000000000000000e+00 0.000000000000000000e+00 0.000000000000000000e+00 0.000000000000000000e+00 0.000000000000000000e+00 0.000000000000000000e+00 0.000000000000000000e+00 0.000000000000000000e+00 0.000000000000000000e+00 0.000000000000000000e+00 0.000000000000000000e+00 0.000000000000000000e+00 0.000000000000000000e+00 0.000000000000000000e+00 0.000000000000000000e+00 0.000000000000000000e+00 0.000000000000000000e+00 0.000000000000000000e+00 0.000000000000000000e+00 0.000000000000000000e+00 0.000000000000000000e+00 0.000000000000000000e+00 0.000000000000000000e+00 0.000000000000000000e+00 0.000000000000000000e+00 0.000000000000000000e+00 0.000000000000000000e+00 0.000000000000000000e+00 0.000000000000000000e+00 0.000000000000000000e+00 0.000000000000000000e+00 0.000000000000000000e+00 0.000000000000000000e+00 0.000000000000000000e+00
3.457661915759134286e-01 4.578196309628070892e-01 3.257417231742477659e-01 4.327733080295509405e-01 3.193072499999999314e-01 0.000000000000000000e+00 2.570153076115954671e-01 4.296864505340795004e-01 3.290918621653499132e-01 0.000000000000000000e+00 3.572454310459517446e-01 4.250854784341439596e-01 2.500549969614688228e-01 4.125394623420292617e-01 3.296654130586077480e-01 0.000000000000000000e+00 3.853617026714662996e-01 4.440161748350854864e-01 3.729286028968850086e-01 4.452102724189002103e-01 0.000000000000000000e+00 0.000000000000000000e+00 3.588090096336610246e-01 4.370437710126281461e-01 0.000000000000000000e+00 3.960307195121951507e-01 0.000000000000000000e+00 0.000000000000000000e+00 3.777860576847864582e-01 3.995024073743934090e-01 3.174884074329900052e-01 3.876111255518805976e-01 3.688272758482786240e-01 4.238502346562996181e-01 4.427042187500000447e-01 0.000000000000000000e+00 4.176520708685103056e-01 4.263871839999999747e-01 3.807613853211008759e-01 0.000000000000000000e+00 3.901333982739105810e-01 0.000000000000000000e+00 0.000000000000000000e+00 0.000000000000000000e+00 3.771201486136393499e-01 0.000000000000000000e+00 0.000000000000000000e+00 0.000000000000000000e+00 3.687521413528048186e-01 4.253784966887417252e-01 3.729320014637286240e-01 0.000000000000000000e+00 3.756769066720402894e-01 0.000000000000000000e+00 3.960002655313830666e-01 0.000000000000000000e+00 3.792345050655344108e-01 4.448319296906388387e-01 3.928650638779309090e-01 4.299511599999999434e-01 3.785051020592478110e-01 0.000000000000000000e+00 0.000000000000000000e+00 0.000000000000000000e+00 3.870108897886976873e-01 4.248845042735042710e-01 4.175761900416954386e-01 0.000000000000000000e+00 4.027372631578947648e-01 4.541143777777778001e-01 2.963320572212718718e-01 4.658630670535666707e-01 3.601382017740806796e-01 4.159122403221024999e-01 3.527899187090219324e-01 4.118266172839506467e-01 3.765858617312535794e-01 4.321349277414189283e-01 0.000000000000000000e+00 0.000000000000000000e+00 3.933799655758020708e-01 0.000000000000000000e+00 0.000000000000000000e+00 0.000000000000000000e+00 4.065677366656419989e-01 4.036500454545454142e-01 4.190067583892617131e-01 0.000000000000000000e+00 4.106814844484137361e-01 0.000000000000000000e+00 0.000000000000000000e+00 4.363719846153846227e-01 0.000000000000000000e+00 0.000000000000000000e+00 3.815164270833333870e-01 0.000000000000000000e+00 0.000000000000000000e+00 0.000000000000000000e+00 0.000000000000000000e+00 0.000000000000000000e+00 0.000000000000000000e+00 0.000000000000000000e+00 0.000000000000000000e+00 4.604548606557376522e-01 4.328679801980197528e-01 3.742750353982300937e-01 0.000000000000000000e+00 0.000000000000000000e+00 0.000000000000000000e+00 0.000000000000000000e+00 0.000000000000000000e+00 0.000000000000000000e+00 0.000000000000000000e+00 0.000000000000000000e+00 0.000000000000000000e+00 0.000000000000000000e+00
4.339157373006914398e-01 2.837291142492398555e-01 4.251655091738352210e-01 3.174118232251868510e-01 4.561459104477611493e-01 2.797399997501329172e-01 4.296864505340795004e-01 2.554349285611400289e-01 0.000000000000000000e+00 2.295199289964011402e-01 4.345367273266132480e-01 2.991326779083429144e-01 4.387014128379233546e-01 2.793957855812064794e-01 0.000000000000000000e+00 1.992686333368846041e-01 4.216133992506505557e-01 3.858804149635768899e-01 4.385108867040230507e-01 3.942995304373030363e-01 0.000000000000000000e+00 0.000000000000000000e+00 4.147172574898240205e-01 3.531468481561931827e-01 0.000000000000000000e+00 0.000000000000000000e+00 0.000000000000000000e+00 0.000000000000000000e+00 4.428605021367430505e-01 3.249802670799907256e-01 3.744691142465478295e-01 3.214673967555842227e-01 4.266032542517099735e-01 3.681569250345984035e-01 4.345654256756756317e-01 0.000000000000000000e+00 0.000000000000000000e+00 4.167333733607544444e-01 0.000000000000000000e+00 0.000000000000000000e+00 0.000000000000000000e+00 0.000000000000000000e+00 0.000000000000000000e+00 3.731525326086955752e-01 0.000000000000000000e+00 3.878215473131161328e-01 0.000000000000000000e+00 0.000000000000000000e+00 0.000000000000000000e+00 4.006134358460446410e-01 0.000000000000000000e+00 3.841300440056279464e-01 0.000000000000000000e+00 3.834092723057644370e-01 0.000000000000000000e+00 3.775781494417862483e-01 0.000000000000000000e+00 3.941607980169968828e-01 0.000000000000000000e+00 4.525721705680064710e-01 0.000000000000000000e+00 3.817015910303611648e-01 0.000000000000000000e+00 3.797072020011293403e-01 0.000000000000000000e+00 3.818200057799567837e-01 4.751507279717139820e-01 4.368412924150023580e-01 4.648213457516340297e-01 3.938953837209303033e-01 4.057859185543052916e-01 3.297758438156667693e-01 4.238304783794066277e-01 3.476589756340292547e-01 3.992256423195347237e-01 3.196879926020408380e-01 4.274703423814882886e-01 3.844820665567468820e-01 0.000000000000000000e+00 0.000000000000000000e+00 0.000000000000000000e+00 3.866474721081655797e-01 0.000000000000000000e+00 0.000000000000000000e+00 3.949136982248520611e-01 3.924480687060012407e-01 0.000000000000000000e+00 0.000000000000000000e+00 0.000000000000000000e+00 3.967167797002541518e-01 0.000000000000000000e+00 0.000000000000000000e+00 0.000000000000000000e+00 0.000000000000000000e+00 0.000000000000000000e+00 0.000000000000000000e+00 4.253373505154638967e-01 0.000000000000000000e+00 0.000000000000000000e+00 0.000000000000000000e+00 0.000000000000000000e+00 0.000000000000000000e+00 0.000000000000000000e+00 0.000000000000000000e+00 4.334872571428570742e-01 0.000000000000000000e+00 0.000000000000000000e+00 0.000000000000000000e+00 0.000000000000000000e+00 0.000000000000000000e+00 0.000000000000000000e+00 0.000000000000000000e+00 0.000000000000000000e+00 0.000000000000000000e+00 0.000000000000000000e+00 0.000000000000000000e+00
3.667465935222672391e-01 0.000000000000000000e+00 2.690950230061566750e-01 0.000000000000000000e+00 2.277127357179523914e-01 0.000000000000000000e+00 3.290918621653499132e-01 0.000000000000000000e+00 2.160366910773128535e-01 4.247416700581395088e-01 3.616640314152067548e-01 0.000000000000000000e+00 2.621075343996240314e-01 0.000000000000000000e+00 3.056188343289735765e-01 0.000000000000000000e+00 0.000000000000000000e+00 0.000000000000000000e+00 4.393236690140845946e-01 0.000000000000000000e+00 0.000000000000000000e+00 0.000000000000000000e+00 2.961775753371808095e-01 0.000000000000000000e+00 0.000000000000000000e+00 0.000000000000000000e+00 2.581734675139675250e-01 0.000000000000000000e+00 3.313405558173360133e-01 0.000000000000000000e+00 0.000000000000000000e+00 3.794137615151514931e-01 0.000000000000000000e+00 0.000000000000000000e+00 3.861171484930244757e-01 0.000000000000000000e+00 4.364415640022757392e-01 0.000000000000000000e+00 0.000000000000000000e+00 0.000000000000000000e+00 0.000000000000000000e+00 0.000000000000000000e+00 0.000000000000000000e+00 0.000000000000000000e+00 0.000000000000000000e+00 0.000000000000000000e+00 0.000000000000000000e+00 0.000000000000000000e+00 0.000000000000000000e+00 0.000000000000000000e+00 3.436544583333333014e-01 0.000000000000000000e+00 0.000000000000000000e+00 0.000000000000000000e+00 0.000000000000000000e+00 0.000000000000000000e+00 3.992994242002473881e-01 0.000000000000000000e+00 0.000000000000000000e+00 0.000000000000000000e+00 3.873822857142856790e-01 0.000000000000000000e+00 0.000000000000000000e+00 0.000000000000000000e+00 3.710943021907217032e-01 0.000000000000000000e+00 4.303226330275229383e-01 0.000000000000000000e+00 0.000000000000000000e+00 0.000000000000000000e+00 3.029792913641587981e-01 0.000000000000000000e+00 3.625357505925228541e-01 0.000000000000000000e+00 3.583344160997732342e-01 0.000000000000000000e+00 3.596036405704294836e-01 3.325229261507792189e-01 0.000000000000000000e+00 0.000000000000000000e+00 3.891267459421312580e-01 0.000000000000000000e+00 0.000000000000000000e+00 0.000000000000000000e+00 4.010032799648388102e-01 0.000000000000000000e+00 0.000000000000000000e+00 0.000000000000000000e+00 3.803743033707865373e-01 0.000000000000000000e+00 0.000000000000000000e+00 0.000000000000000000e+00 0.000000000000000000e+00 0.000000000000000000e+00 0.000000000000000000e+00 0.000000000000000000e+00 0.000000000000000000e+00 0.000000000000000000e+00 0.000000000000000000e+00 0.000000000000000000e+00 0.000000000000000000e+00 0.000000000000000000e+00 0.000000000000000000e+00 0.000000000000000000e+00 0.000000000000000000e+00 0.000000000000000000e+00 0.000000000000000000e+00 0.000000000000000000e+00 0.000000000000000000e+00 0.000000000000000000e+00 0.000000000000000000e+00 0.000000000000000000e+00 0.000000000000000000e+00 0.000000000000000000e+00 0.000000000000000000e+00 0.000000000000000000e+00
0.000000000000000000e+00 4.380902914311713414e-01 3.523027439024390417e-01 2.857982833333332917e-01 0.000000000000000000e+00 1.724268570671237677e-01 0.000000000000000000e+00 2.295199289964011402e-01 4.247416700581395088e-01 1.949217202273138549e-01 0.000000000000000000e+00 3.334342922622319239e-01 0.000000000000000000e+00 3.187058099138160849e-01 0.000000000000000000e+00 2.402317497256886425e-01 0.000000000000000000e+00 0.000000000000000000e+00 0.000000000000000000e+00 3.505006000000000510e-01 3.605628349367660523e-01 0.000000000000000000e+00 4.000187647058823792e-01 0.000000000000000000e+00 0.000000000000000000e+00 2.203061863621187388e-01 0.000000000000000000e+00 2.561213240447957618e-01 0.000000000000000000e+00 3.168224765529895071e-01 4.073939220406770922e-01 3.164617971213954384e-01 0.000000000000000000e+00 3.348606056729699354e-01 0.000000000000000000e+00 0.000000000000000000e+00 0.000000000000000000e+00 0.000000000000000000e+00 0.000000000000000000e+00 0.000000000000000000e+00 0.000000000000000000e+00 0.000000000000000000e+00 0.000000000000000000e+00 0.000000000000000000e+00 0.000000000000000000e+00 0.000000000000000000e+00 0.000000000000000000e+00 0.000000000000000000e+00 0.000000000000000000e+00 0.000000000000000000e+00 0.000000000000000000e+00 0.000000000000000000e+00 0.000000000000000000e+00 0.000000000000000000e+00 0.000000000000000000e+00 0.000000000000000000e+00 0.000000000000000000e+00 3.266937187500000284e-01 0.000000000000000000e+00 0.000000000000000000e+00 0.000000000000000000e+00 0.000000000000000000e+00 0.000000000000000000e+00 0.000000000000000000e+00 3.722566730769230614e-01 3.077432432432432030e-01 0.000000000000000000e+00 4.229284962406015813e-01 0.000000000000000000e+00 0.000000000000000000e+00 0.000000000000000000e+00 3.061522345472413864e-01 0.000000000000000000e+00 3.422164305545837282e-01 0.000000000000000000e+00 3.222308123612651065e-01 0.000000000000000000e+00 3.597446010522589721e-01 0.000000000000000000e+00 0.000000000000000000e+00 0.000000000000000000e+00 0.000000000000000000e+00 0.000000000000000000e+00 0.000000000000000000e+00 0.000000000000000000e+00 3.576409037037036609e-01 0.000000000000000000e+00 0.000000000000000000e+00 0.000000000000000000e+00 0.000000000000000000e+00 0.000000000000000000e+00 0.000000000000000000e+00 0.000000000000000000e+00 0.000000000000000000e+00 0.000000000000000000e+00 0.000000000000000000e+00 0.000000000000000000e+00 0.000000000000000000e+00 0.000000000000000000e+00 0.000000000000000000e+00 0.000000000000000000e+00 0.000000000000000000e+00 0.000000000000000000e+00 0.000000000000000000e+00 0.000000000000000000e+00 0.000000000000000000e+00 0.000000000000000000e+00 0.000000000000000000e+00 0.000000000000000000e+00 0.000000000000000000e+00 0.000000000000000000e+00 0.000000000000000000e+00 0.000000000000000000e+00 0.000000000000000000e+00 0.000000000000000000e+00 0.000000000000000000e+00
2.426250762363071634e-01 4.469225974025973214e-01 3.730240706920046612e-01 4.258795364739237921e-01 0.000000000000000000e+00 0.000000000000000000e+00 3.572454310459517446e-01 4.345367273266132480e-01 3.616640314152067548e-01 0.000000000000000000e+00 2.661984750787912968e-01 4.436319047619047273e-01 2.810027791567195621e-01 4.556012307692308694e-01 3.484207371905801431e-01 0.000000000000000000e+00 2.644714107402775793e-01 4.218231666666666935e-01 3.940330392789804792e-01 4.377034141731802608e-01 0.000000000000000000e+00 0.000000000000000000e+00 3.773546128421506052e-01 0.000000000000000000e+00 0.000000000000000000e+00 0.000000000000000000e+00 0.000000000000000000e+00 0.000000000000000000e+00 3.219993452288938962e-01 0.000000000000000000e+00 3.418645200774290682e-01 0.000000000000000000e+00 3.681178472222222386e-01 4.274635636954757234e-01 0.000000000000000000e+00 0.000000000000000000e+00 0.000000000000000000e+00 0.000000000000000000e+00 0.000000000000000000e+00 0.000000000000000000e+00 0.000000000000000000e+00 0.000000000000000000e+00 0.000000000000000000e+00 0.000000000000000000e+00 3.808932424174613085e-01 0.000000000000000000e+00 0.000000000000000000e+00 0.000000000000000000e+00 3.908899710925040072e-01 0.000000000000000000e+00 3.802833521717980392e-01 0.000000000000000000e+00 0.000000000000000000e+00 0.000000000000000000e+00 4.072912289473685221e-01 0.000000000000000000e+00 3.241119291803121749e-01 0.000000000000000000e+00 4.064024952807344659e-01 0.000000000000000000e+00 3.642540114951775543e-01 0.000000000000000000e+00 3.495563504849137915e-01 0.000000000000000000e+00 3.891019396125682261e-01 0.000000000000000000e+00 4.085904824589832729e-01 0.000000000000000000e+00 4.188681285714285218e-01 0.000000000000000000e+00 3.624080795584787018e-01 0.000000000000000000e+00 3.625660901363041977e-01 4.622427186741879246e-01 0.000000000000000000e+00 0.000000000000000000e+00 3.717678999890451919e-01 4.366874791573884806e-01 0.000000000000000000e+00 0.000000000000000000e+00 3.524721578144077716e-01 0.000000000000000000e+00 0.000000000000000000e+00 0.000000000000000000e+00 4.008764263400981798e-01 0.000000000000000000e+00 0.000000000000000000e+00 0.000000000000000000e+00 4.132091407407406658e-01 0.000000000000000000e+00 0.000000000000000000e+00 0.000000000000000000e+00 0.000000000000000000e+00 0.000000000000000000e+00 0.000000000000000000e+00 0.000000000000000000e+00 0.000000000000000000e+00 0.000000000000000000e+00 0.000000000000000000e+00 0.000000000000000000e+00 0.000000000000000000e+00 0.000000000000000000e+00 0.000000000000000000e+00 0.000000000000000000e+00 0.000000000000000000e+00 0.000000000000000000e+00 0.000000000000000000e+00 0.000000000000000000e+00 0.000000000000000000e+00 0.000000000000000000e+00 0.000000000000000000e+00 0.000000000000000000e+00 0.000000000000000000e+00 0.000000000000000000e+00 0.000000000000000000e+00 0.000000000000000000e+00
4.786038630136985605e-01 3.494822999368243921e-01 4.322495865396169257e-01 3.749441880064732224e-01 0.000000000000000000e+00 0.000000000000000000e+00 4.250854784341439596e-01 2.991326779083429144e-01 0.000000000000000000e+00 3.334342922622319239e-01 4.436319047619047273e-01 2.278056314059186682e-01 0.000000000000000000e+00 2.653144218020258571e-01 0.000000000000000000e+00 3.369120573776576699e-01 3.835562433633782353e-01 2.939921501295713058e-01 4.332886127539271603e-01 4.010563131155787664e-01 0.000000000000000000e+00 0.000000000000000000e+00 4.209127319763777408e-01 3.720299358362396669e-01 0.000000000000000000e+00 0.000000000000000000e+00 0.000000000000000000e+00 0.000000000000000000e+00 4.223568934611028891e-01 3.424431543294521596e-01 4.303472341263862577e-01 3.417731908060013812e-01 4.115497749615857348e-01 3.704773683742060286e-01 4.327492105263158750e-01 4.028521684210525922e-01 0.000000000000000000e+00 4.682997208458458127e-01 0.000000000000000000e+00 0.000000000000000000e+00 0.000000000000000000e+00 0.000000000000000000e+00 0.000000000000000000e+00 0.000000000000000000e+00 0.000000000000000000e+00 0.000000000000000000e+00 0.000000000000000000e+00 0.000000000000000000e+00 0.000000000000000000e+00 4.212749795228436511e-01 0.000000000000000000e+00 3.974127208615544915e-01 0.000000000000000000e+00 0.000000000000000000e+00 0.000000000000000000e+00 0.000000000000000000e+00 0.000000000000000000e+00 3.971933688468544110e-01 0.000000000000000000e+00 4.317806684268114537e-01 0.000000000000000000e+00 3.866374105176554887e-01 0.000000000000000000e+00 3.782386685974071239e-01 0.000000000000000000e+00 4.061382888869351504e-01 4.522908524590164570e-01 4.266081400937783985e-01 0.000000000000000000e+00 4.101469685812468846e-01 0.000000000000000000e+00 3.580155789040652126e-01 4.322318024543739812e-01 3.520376544986462131e-01 0.000000000000000000e+00 0.000000000000000000e+00 4.275222669945702991e-01 4.008798693125625867e-01 0.000000000000000000e+00 0.000000000000000000e+00 4.396175733333332891e-01 4.153453868494662027e-01 0.000000000000000000e+00 0.000000000000000000e+00 0.000000000000000000e+00 4.140899722261000004e-01 0.000000000000000000e+00 0.000000000000000000e+00 0.000000000000000000e+00 4.287593771251631547e-01 0.000000000000000000e+00 0.000000000000000000e+00 0.000000000000000000e+00 0.000000000000000000e+00 0.000000000000000000e+00 0.000000000000000000e+00 0.000000000000000000e+00 0.000000000000000000e+00 0.000000000000000000e+00 0.000000000000000000e+00 0.000000000000000000e+00 0.000000000000000000e+00 0.000000000000000000e+00 0.000000000000000000e+00 0.000000000000000000e+00 0.000000000000000000e+00 0.000000000000000000e+00 0.000000000000000000e+00 0.000000000000000000e+00 0.000000000000000000e+00 0.000000000000000000e+00 0.000000000000000000e+00 0.000000000000000000e+00 0.000000000000000000e+00 0.000000000000000000e+00 0.000000000000000000e+00
3.461801014462970172e-01 4.153832782608695706e-01 3.330889995513420798e-01 4.539782125984252459e-01 3.676942187500000236e-01 0.000000000000000000e+00 2.500549969614688228e-01 4.387014128379233546e-01 2.621075343996240314e-01 0.000000000000000000e+00 2.810027791567195621e-01 0.000000000000000000e+00 2.154237708898321946e-01 3.995488313253012236e-01 2.400706560992172944e-01 0.000000000000000000e+00 3.635064898381947240e-01 0.000000000000000000e+00 3.640826776367214745e-01 0.000000000000000000e+00 0.000000000000000000e+00 0.000000000000000000e+00 3.530687102363405661e-01 4.326779615384614974e-01 0.000000000000000000e+00 0.000000000000000000e+00 0.000000000000000000e+00 0.000000000000000000e+00 3.547754284072424102e-01 4.686597812500000182e-01 3.514590875759480149e-01 4.130141905620927090e-01 0.000000000000000000e+00 4.429370909090910025e-01 0.000000000000000000e+00 0.000000000000000000e+00 4.052003346894069713e-01 0.000000000000000000e+00 0.000000000000000000e+00 0.000000000000000000e+00 0.000000000000000000e+00 0.000000000000000000e+00 0.000000000000000000e+00 0.000000000000000000e+00 0.000000000000000000e+00 0.000000000000000000e+00 0.000000000000000000e+00 0.000000000000000000e+00 0.000000000000000000e+00 0.000000000000000000e+00 3.900242640360168656e-01 0.000000000000000000e+00 0.000000000000000000e+00 0.000000000000000000e+00 4.115154563758389172e-01 0.000000000000000000e+00 3.978336371525800774e-01 0.000000000000000000e+00 4.136292398766849288e-01 0.000000000000000000e+00 3.821489934260440813e-01 0.000000000000000000e+00 3.772619298642534424e-01 0.000000000000000000e+00 3.893138409608493666e-01 0.000000000000000000e+00 4.123222349769027351e-01 0.000000000000000000e+00 4.164738884669479946e-01 0.000000000000000000e+00 2.885526852065157244e-01 0.000000000000000000e+00 3.587065900921560524e-01 4.227686009750292739e-01 3.535381586656148323e-01 4.366997283950618258e-01 3.734348353168876478e-01 4.333192429824561653e-01 0.000000000000000000e+00 0.000000000000000000e+00 0.000000000000000000e+00 0.000000000000000000e+00 0.000000000000000000e+00 0.000000000000000000e+00 4.077340058616808482e-01 0.000000000000000000e+00 0.000000000000000000e+00 0.000000000000000000e+00 4.336036047488526224e-01 0.000000000000000000e+00 0.000000000000000000e+00 4.207234015151515294e-01 0.000000000000000000e+00 0.000000000000000000e+00 0.000000000000000000e+00 0.000000000000000000e+00 0.000000000000000000e+00 0.000000000000000000e+00 0.000000000000000000e+00 0.000000000000000000e+00 0.000000000000000000e+00 0.000000000000000000e+00 0.000000000000000000e+00 0.000000000000000000e+00 0.000000000000000000e+00 0.000000000000000000e+00 0.000000000000000000e+00 0.000000000000000000e+00 0.000000000000000000e+00 0.000000000000000000e+00 0.000000000000000000e+00 0.000000000000000000e+00 0.000000000000000000e+00 0.000000000000000000e+00 0.000000000000000000e+00 0.000000000000000000e+00
