0.000000000000000000e+00 1.798249073270762749e-02 3.535757091490211723e-02 2.829140143477821591e-03 2.016129032258064460e-03 0.000000000000000000e+00 1.094381197208960654e-01 1.201145708213988790e-03 5.168744299179081972e-03 0.000000000000000000e+00 1.921422426154287266e-01 1.138433515482695918e-03 2.546455609084652405e-02 0.000000000000000000e+00 3.150751333010179140e-03 2.813731007315700759e-04 4.068829539343968293e-02 4.711647191858273423e-03 4.356202504548860321e-02 2.648610972816887316e-02 0.000000000000000000e+00 0.000000000000000000e+00 3.817765334690761091e-04 0.000000000000000000e+00 0.000000000000000000e+00 0.000000000000000000e+00 6.626905235255135893e-04 0.000000000000000000e+00 4.198019801980198279e-02 3.523711642930553532e-03 3.863134657836644805e-03 0.000000000000000000e+00 2.373104812129202441e-03 8.100475624256836538e-03 1.094091903719912433e-03 8.312551953449709213e-04 6.340326340326341015e-02 2.356469580119965879e-03 4.923682914820285902e-04 8.357709987463435514e-04 1.226993865030674919e-03 2.164502164502164500e-03 6.687174000267486927e-04 0.000000000000000000e+00 1.737482230295372011e-03 9.868745682423764364e-05 0.000000000000000000e+00 0.000000000000000000e+00 4.433279148810403275e-03 3.016591251885369657e-04 6.792862965311113367e-03 4.755111745126010606e-04 2.444240757714634827e-03 2.815711671124876848e-04 2.979842243645924524e-03 0.000000000000000000e+00 2.435030259878960546e-01 2.603198214949795520e-03 2.101099987640588432e-02 2.330363262508567627e-03 3.942144072603516458e-02 1.232741617357001980e-03 7.523148148148147731e-03 2.037697401935812530e-03 2.317020355132091980e-02 4.136504653567735137e-04 1.047491533433094445e-02 1.373500595183591152e-03 9.952538472601754616e-02 4.628501827040195152e-03 7.030371203599550256e-02 1.525087692542321290e-04 4.421002726087471663e-02 3.775620280474649513e-03 0.000000000000000000e+00 0.000000000000000000e+00 6.467358145210494458e-02 4.637753823013286529e-03 0.000000000000000000e+00 0.000000000000000000e+00 2.284735113522775793e-03 2.193944712593242686e-04 8.179959100204499097e-04 0.000000000000000000e+00 2.730865971972691250e-02 2.635509092506368957e-04 0.000000000000000000e+00 0.000000000000000000e+00 3.061060093442886931e-02 0.000000000000000000e+00 1.983564749220742465e-03 0.000000000000000000e+00 8.358874338255781102e-04 8.936550491510276842e-04 1.198630136986301303e-02 1.327433628318584052e-02 0.000000000000000000e+00 0.000000000000000000e+00 3.505696757230499644e-03 0.000000000000000000e+00 0.000000000000000000e+00 0.000000000000000000e+00 3.238866396761133463e-03 1.490683229813664652e-03 1.029866117404737349e-03 1.115656377835626527e-03 0.000000000000000000e+00 1.324503311258278145e-03 0.000000000000000000e+00 5.660377358490566169e-02 0.000000000000000000e+00 0.000000000000000000e+00 2.325581395348837177e-03 0.000000000000000000e+00 0.000000000000000000e+00 0.000000000000000000e+00
1.798249073270762749e-02 0.000000000000000000e+00 5.193767479025169533e-03 8.992624027483075988e-02 0.000000000000000000e+00 1.031778786628146857e-03 4.590525156077855315e-03 1.156795712833779965e-01 0.000000000000000000e+00 3.440860215053763438e-03 2.581015199311729319e-03 1.063296903460837911e-01 0.000000000000000000e+00 3.056951423785594577e-02 0.000000000000000000e+00 2.532357906584130521e-03 4.122602616956443783e-03 4.447794949114210195e-02 3.435727282457454873e-02 5.516279996017126042e-02 0.000000000000000000e+00 0.000000000000000000e+00 1.272588444896920364e-03 9.398496240601503238e-04 0.000000000000000000e+00 6.301197227473220083e-04 0.000000000000000000e+00 0.000000000000000000e+00 3.036303630363036254e-03 3.083247687564234438e-02 3.127299484915379169e-03 0.000000000000000000e+00 1.568885959129861715e-02 1.627526753864447229e-02 5.470459518599562164e-04 0.000000000000000000e+00 3.263403263403263400e-03 7.047986289631533174e-02 0.000000000000000000e+00 8.357709987463435297e-03 0.000000000000000000e+00 1.298701298701298787e-02 0.000000000000000000e+00 1.103387399315899843e-04 0.000000000000000000e+00 2.861936247902891611e-03 0.000000000000000000e+00 1.284191601386927030e-04 1.477759716270134389e-04 3.921568627450980338e-03 9.057150620414817588e-05 1.497860199714693211e-02 0.000000000000000000e+00 4.645924257356047124e-03 0.000000000000000000e+00 8.736676568233443666e-04 3.826984692061231961e-03 3.144291558200074110e-01 3.707823507601037982e-04 4.674434544208361936e-02 5.672149744753261910e-04 4.043392504930966302e-02 9.645061728395061193e-04 1.732042791645440824e-02 0.000000000000000000e+00 1.365046535677352617e-02 1.417657714420729291e-03 1.510850654701950332e-02 1.438228102977132106e-02 1.188794153471376402e-01 1.044512293106218811e-03 5.772456916272685618e-02 3.555766267630674268e-03 3.646170442286947311e-02 0.000000000000000000e+00 5.347593582887700224e-03 5.125076266015863094e-03 5.953873151165705452e-02 0.000000000000000000e+00 0.000000000000000000e+00 2.855918891903469741e-04 7.020623080298376596e-03 0.000000000000000000e+00 1.695873374788015812e-03 0.000000000000000000e+00 2.758499516823333109e-02 0.000000000000000000e+00 5.966587112171837983e-04 3.222168519413565516e-04 1.549079754601227071e-02 8.500991782374610253e-04 4.878048780487804874e-03 0.000000000000000000e+00 2.680965147453083161e-03 1.712328767123287576e-03 6.194690265486725578e-02 1.383125864453665357e-03 1.869158878504672975e-03 8.764241893076249110e-04 3.262642740619902271e-03 5.681818181818181542e-04 1.554001554001554000e-03 1.079622132253711154e-03 3.229813664596273195e-03 0.000000000000000000e+00 7.437709185570844095e-03 0.000000000000000000e+00 3.973509933774834434e-03 0.000000000000000000e+00 1.886792452830188607e-02 0.000000000000000000e+00 4.424778761061946841e-03 4.651162790697674354e-03 0.000000000000000000e+00 0.000000000000000000e+00 3.816793893129770843e-03
3.535757091490211723e-02 5.193767479025169533e-03 0.000000000000000000e+00 5.153076689906031967e-03 1.037186379928315416e-01 2.063557573256293715e-03 2.332904884318766081e-01 9.239582370876835843e-03 3.344481605351170422e-02 3.010752688172043008e-03 3.756811012331517236e-02 3.187613843351548484e-03 4.215416379903647731e-02 6.420993858179787489e-03 1.987396994667959410e-02 2.813731007315700434e-03 1.326402581107725444e-02 1.884658876743309456e-03 9.119126618859038635e-02 5.277307577417106495e-03 1.018329938900203570e-03 0.000000000000000000e+00 1.477475184525324503e-01 6.015037593984962766e-03 6.230031948881788878e-02 5.671077504725898291e-03 2.518223989396951509e-02 1.324503311258278145e-03 3.537953795379537858e-02 1.908677139920716406e-03 1.600441501103752606e-02 9.324009324009324001e-03 7.910349373764008138e-03 5.648038049940546680e-03 5.470459518599562164e-04 4.156275976724854606e-04 1.212121212121212120e-02 4.284490145672665185e-04 4.923682914820285902e-04 0.000000000000000000e+00 0.000000000000000000e+00 0.000000000000000000e+00 9.362043600374481481e-04 0.000000000000000000e+00 3.317011530563891784e-03 9.868745682423764364e-05 7.714561234329797741e-04 0.000000000000000000e+00 5.024383035318456814e-03 0.000000000000000000e+00 4.256860791594964388e-03 1.585037248375336869e-04 2.749770852428964126e-03 0.000000000000000000e+00 2.278702892199824508e-03 0.000000000000000000e+00 7.653969384122463922e-03 6.507995537374488800e-04 8.898776418242491590e-03 9.595613433858807620e-04 2.552467385138967697e-03 0.000000000000000000e+00 1.157407407407407343e-03 3.396162336559687550e-04 1.299263750541359902e-03 0.000000000000000000e+00 1.638182247775064881e-02 1.007233769801300352e-03 1.984754782108442278e-02 2.436053593179050023e-04 4.186083882371846587e-02 1.830105231050785332e-03 8.545691596539053969e-02 2.804746494066882347e-03 0.000000000000000000e+00 0.000000000000000000e+00 7.577791336180597637e-02 3.133617447981950580e-03 0.000000000000000000e+00 0.000000000000000000e+00 1.570755390546908466e-03 0.000000000000000000e+00 8.179959100204499097e-04 0.000000000000000000e+00 2.299676607977003441e-03 0.000000000000000000e+00 6.891798759476223208e-04 0.000000000000000000e+00 2.899951667472208585e-03 1.533742331288343648e-04 1.983564749220742465e-03 9.756097560975609748e-04 0.000000000000000000e+00 0.000000000000000000e+00 2.910958904109588880e-02 8.849557522123893682e-03 0.000000000000000000e+00 0.000000000000000000e+00 1.752848378615249822e-03 0.000000000000000000e+00 5.681818181818181542e-04 0.000000000000000000e+00 1.619433198380566732e-03 7.453416149068323258e-04 3.432887058015791524e-04 1.859427296392711024e-03 0.000000000000000000e+00 1.324503311258278145e-03 0.000000000000000000e+00 1.886792452830188607e-02 0.000000000000000000e+00 0.000000000000000000e+00 0.000000000000000000e+00 2.427184466019417265e-03 0.000000000000000000e+00 0.000000000000000000e+00
2.829140143477821591e-03 8.992624027483075988e-02 5.153076689906031967e-03 0.000000000000000000e+00 1.568100358422939121e-03 6.933553446141146881e-02 3.672420124862284165e-03 1.528226924143028798e-01 0.000000000000000000e+00 3.827956989247311564e-02 3.441353599082305759e-03 3.028233151183970864e-02 4.473503097040605787e-03 3.503629257398101909e-02 1.696558410082404369e-03 1.181767023072594243e-02 8.962179602079225474e-04 2.355823595929136885e-02 5.672696136144707128e-03 1.142089017225928482e-01 0.000000000000000000e+00 8.748906386701662532e-04 1.399847289386612313e-02 2.189849624060150324e-01 7.987220447284344715e-04 1.606805293005671154e-02 0.000000000000000000e+00 2.980132450331126042e-03 9.240924092409240819e-04 3.597122302158273222e-02 1.324503311258278145e-02 3.856749311294765947e-02 5.669083717864205688e-03 3.106420927467300891e-02 0.000000000000000000e+00 2.078137988362427357e-03 2.331002331002331000e-04 2.185089974293059206e-02 0.000000000000000000e+00 8.775595486836606368e-03 0.000000000000000000e+00 1.948051948051948007e-02 1.337434800053497277e-04 1.103387399315899843e-04 1.579529300268519936e-04 3.355373532024079775e-03 0.000000000000000000e+00 2.568383202773854060e-04 0.000000000000000000e+00 1.809954751131221794e-03 0.000000000000000000e+00 3.011570771913140050e-03 0.000000000000000000e+00 2.815711671124876848e-04 0.000000000000000000e+00 0.000000000000000000e+00 2.669989320042719973e-04 9.761993306061733308e-03 1.235941169200346175e-04 2.549691569568197230e-02 0.000000000000000000e+00 2.958579881656804664e-03 3.858024691358024477e-04 5.094243504839531325e-04 0.000000000000000000e+00 8.273009307135470274e-04 1.260140190596203838e-03 1.437597289625492172e-02 8.629368617862792938e-04 1.364190012180267926e-02 1.767636188333601265e-03 3.439072746682934195e-02 1.777883133815337134e-03 6.483279395900755360e-02 0.000000000000000000e+00 2.139037433155080090e-02 1.952410006101281282e-03 8.285284532464276541e-02 0.000000000000000000e+00 2.024291497975708523e-03 4.283878337855205154e-04 1.316366827555945666e-03 0.000000000000000000e+00 0.000000000000000000e+00 7.186489399928135753e-05 8.785030308354563550e-04 0.000000000000000000e+00 0.000000000000000000e+00 1.611084259706782758e-04 1.073619631901840581e-03 2.266931141966562879e-03 4.878048780487804874e-03 2.786291446085260729e-04 1.787310098302055368e-03 1.198630136986301303e-02 1.061946902654867242e-01 6.915629322268326785e-04 0.000000000000000000e+00 1.752848378615249822e-03 1.631321370309951136e-03 5.681818181818181542e-04 1.554001554001554000e-03 2.159244264507422309e-03 5.714285714285714281e-03 3.432887058015791524e-04 4.834510970621049009e-03 0.000000000000000000e+00 3.973509933774834434e-03 0.000000000000000000e+00 6.289308176100629269e-03 0.000000000000000000e+00 0.000000000000000000e+00 0.000000000000000000e+00 0.000000000000000000e+00 1.508295625942684829e-03 0.000000000000000000e+00
2.016129032258064460e-03 0.000000000000000000e+00 1.037186379928315416e-01 1.568100358422939121e-03 0.000000000000000000e+00 1.444490301279405600e-03 1.744399559309585054e-02 4.619791185438417921e-04 3.314077227120705293e-01 3.870967741935483868e-03 1.720676799541152879e-03 2.276867030965391619e-04 5.333792154163799308e-03 2.791736460078168662e-04 1.703829374697043153e-01 1.125492402926280304e-03 5.377307761247535935e-04 0.000000000000000000e+00 1.926576046237825140e-03 9.957184108334163146e-05 1.934826883910386805e-02 2.624671916010498651e-03 3.181471112242301169e-02 1.691729323308270670e-03 1.637380191693290632e-01 9.136735979836168794e-03 9.443339960238568420e-02 4.635761589403973940e-03 9.900990099009901110e-03 0.000000000000000000e+00 7.358351729212656359e-03 4.026276753549481134e-03 1.318391562294001212e-03 7.431629013079666399e-05 0.000000000000000000e+00 0.000000000000000000e+00 4.662004662004662001e-04 0.000000000000000000e+00 0.000000000000000000e+00 0.000000000000000000e+00 2.453987730061349837e-03 0.000000000000000000e+00 0.000000000000000000e+00 0.000000000000000000e+00 3.159058600537039871e-04 0.000000000000000000e+00 1.928640308582449435e-04 0.000000000000000000e+00 1.477759716270134389e-04 0.000000000000000000e+00 9.057150620414817588e-05 0.000000000000000000e+00 0.000000000000000000e+00 0.000000000000000000e+00 1.752848378615249768e-04 0.000000000000000000e+00 0.000000000000000000e+00 9.297136481963554847e-05 1.235941169200346175e-04 0.000000000000000000e+00 7.090187180941576574e-04 0.000000000000000000e+00 3.858024691358024477e-04 0.000000000000000000e+00 8.661758336942398983e-04 0.000000000000000000e+00 3.937938095613136859e-04 0.000000000000000000e+00 2.876456205954264493e-04 0.000000000000000000e+00 2.876426161015587304e-02 1.067561384779624903e-03 3.686144364110465615e-02 4.314994606256742238e-04 0.000000000000000000e+00 0.000000000000000000e+00 7.321537522879804265e-04 1.253446979192780048e-04 0.000000000000000000e+00 0.000000000000000000e+00 8.567756675710410308e-04 0.000000000000000000e+00 0.000000000000000000e+00 0.000000000000000000e+00 1.077973409989220173e-03 0.000000000000000000e+00 0.000000000000000000e+00 0.000000000000000000e+00 8.055421298533912977e-04 0.000000000000000000e+00 0.000000000000000000e+00 0.000000000000000000e+00 0.000000000000000000e+00 0.000000000000000000e+00 0.000000000000000000e+00 0.000000000000000000e+00 0.000000000000000000e+00 0.000000000000000000e+00 0.000000000000000000e+00 0.000000000000000000e+00 0.000000000000000000e+00 0.000000000000000000e+00 2.699055330634277886e-04 0.000000000000000000e+00 0.000000000000000000e+00 0.000000000000000000e+00 0.000000000000000000e+00 0.000000000000000000e+00 0.000000000000000000e+00 0.000000000000000000e+00 0.000000000000000000e+00 0.000000000000000000e+00 0.000000000000000000e+00 0.000000000000000000e+00 0.000000000000000000e+00 0.000000000000000000e+00
0.000000000000000000e+00 1.031778786628146857e-03 2.063557573256293715e-03 6.933553446141146881e-02 1.444490301279405600e-03 0.000000000000000000e+00 2.754315093646713449e-04 1.210385290584865478e-02 1.520218911523259263e-03 3.711827956989247057e-01 0.000000000000000000e+00 9.107468123861566477e-04 1.720578114246386716e-04 3.350083752093802394e-03 3.635482307319437903e-03 1.243669105233539685e-01 0.000000000000000000e+00 0.000000000000000000e+00 0.000000000000000000e+00 4.978592054167081844e-04 0.000000000000000000e+00 4.899387576552930584e-02 3.690506490201069054e-03 7.011278195488722387e-02 6.389776357827475772e-03 1.824196597353497096e-01 3.644797879390324850e-03 1.698675496688741848e-01 0.000000000000000000e+00 3.009837028336514314e-02 1.158940397350993398e-02 2.436956982411528014e-02 1.318391562294001266e-04 2.749702734839476730e-03 0.000000000000000000e+00 4.156275976724854606e-04 0.000000000000000000e+00 6.426735218508996964e-04 0.000000000000000000e+00 4.178854993731717757e-04 0.000000000000000000e+00 0.000000000000000000e+00 0.000000000000000000e+00 0.000000000000000000e+00 0.000000000000000000e+00 0.000000000000000000e+00 0.000000000000000000e+00 3.852574804160780820e-04 0.000000000000000000e+00 2.011060834590246258e-04 0.000000000000000000e+00 0.000000000000000000e+00 0.000000000000000000e+00 0.000000000000000000e+00 0.000000000000000000e+00 6.989341254586754716e-04 0.000000000000000000e+00 9.297136481963554847e-05 0.000000000000000000e+00 1.370801919122686648e-04 0.000000000000000000e+00 0.000000000000000000e+00 0.000000000000000000e+00 0.000000000000000000e+00 0.000000000000000000e+00 0.000000000000000000e+00 0.000000000000000000e+00 7.325336507645820346e-04 0.000000000000000000e+00 2.436053593179050023e-04 8.034709946970914349e-04 3.111178892786335345e-02 0.000000000000000000e+00 5.016181229773462869e-02 0.000000000000000000e+00 1.069518716577540045e-02 0.000000000000000000e+00 5.891200802206066414e-03 0.000000000000000000e+00 2.024291497975708523e-03 0.000000000000000000e+00 8.775778850372970745e-04 0.000000000000000000e+00 3.391746749576031623e-03 0.000000000000000000e+00 7.028024246683651274e-04 0.000000000000000000e+00 4.176610978520286371e-03 0.000000000000000000e+00 2.147239263803681162e-03 0.000000000000000000e+00 0.000000000000000000e+00 0.000000000000000000e+00 0.000000000000000000e+00 0.000000000000000000e+00 0.000000000000000000e+00 0.000000000000000000e+00 0.000000000000000000e+00 0.000000000000000000e+00 0.000000000000000000e+00 0.000000000000000000e+00 0.000000000000000000e+00 0.000000000000000000e+00 0.000000000000000000e+00 0.000000000000000000e+00 0.000000000000000000e+00 0.000000000000000000e+00 0.000000000000000000e+00 0.000000000000000000e+00 0.000000000000000000e+00 0.000000000000000000e+00 0.000000000000000000e+00 0.000000000000000000e+00 0.000000000000000000e+00 0.000000000000000000e+00 0.000000000000000000e+00
1.094381197208960654e-01 4.590525156077855315e-03 2.332904884318766081e-01 3.672420124862284165e-03 1.744399559309585054e-02 2.754315093646713449e-04 0.000000000000000000e+00 1.071791555021713027e-02 1.650957737914259538e-01 8.602150537634408595e-04 1.167192429022081979e-01 3.870673952641165861e-03 2.462147281486579409e-01 6.141820212171971057e-03 3.853611245758604281e-02 5.627462014631401518e-04 1.200932066678616315e-02 3.957783641160950161e-03 9.204752220914052749e-03 7.169172558000597682e-03 0.000000000000000000e+00 0.000000000000000000e+00 8.526342580809366870e-03 6.954887218045113090e-03 5.591054313099041301e-03 3.150598613736610041e-04 3.976143141153081102e-03 3.311258278145695361e-04 3.049504950495049438e-02 2.642783732197915257e-03 5.150846210448859451e-03 7.628734901462173867e-03 1.054713249835201013e-03 6.539833531510106865e-03 0.000000000000000000e+00 4.156275976724854606e-04 2.797202797202797200e-03 4.284490145672665185e-04 4.923682914820285902e-04 4.178854993731717757e-04 1.226993865030674919e-03 0.000000000000000000e+00 1.337434800053497277e-04 1.103387399315899843e-04 7.897646501342599950e-04 1.973749136484752873e-04 1.928640308582449435e-04 0.000000000000000000e+00 1.182207773016107511e-03 0.000000000000000000e+00 3.532288741961778656e-03 0.000000000000000000e+00 1.222120378857317414e-03 0.000000000000000000e+00 1.928133216476774717e-03 0.000000000000000000e+00 1.005695977216091060e-02 7.437709185570843878e-04 4.202199975281176343e-03 4.112405757368060486e-04 1.332955190017016435e-02 4.930966469428008135e-04 1.736111111111111015e-03 1.188656817795890643e-03 9.527934170636638556e-03 2.068252326783867568e-04 2.914074190753721417e-03 1.098800476146873052e-03 3.739393067740543787e-03 4.872107186358100046e-04 9.384541218062028567e-02 9.913070001525087303e-04 6.222590968353679947e-02 3.559870550161812509e-03 3.333333333333333547e-03 5.347593582887700224e-03 5.710799267846247695e-02 3.509651541739784459e-03 0.000000000000000000e+00 0.000000000000000000e+00 3.998286448664858071e-03 4.387889425186485373e-04 8.179959100204499097e-04 5.652911249293385678e-04 2.975206611570247947e-02 8.785030308354564092e-05 6.891798759476223208e-04 0.000000000000000000e+00 2.835508297083937437e-02 0.000000000000000000e+00 5.667327854916407196e-04 9.756097560975609748e-04 5.572582892170521458e-04 8.936550491510276842e-04 8.561643835616437881e-03 1.327433628318584052e-02 0.000000000000000000e+00 0.000000000000000000e+00 8.764241893076249110e-04 0.000000000000000000e+00 0.000000000000000000e+00 0.000000000000000000e+00 8.097165991902833659e-04 2.484472049689441086e-04 0.000000000000000000e+00 7.437709185570843878e-04 0.000000000000000000e+00 0.000000000000000000e+00 0.000000000000000000e+00 0.000000000000000000e+00 0.000000000000000000e+00 0.000000000000000000e+00 0.000000000000000000e+00 2.427184466019417265e-03 0.000000000000000000e+00 0.000000000000000000e+00
1.201145708213988790e-03 1.156795712833779965e-01 9.239582370876835843e-03 1.528226924143028798e-01 4.619791185438417921e-04 1.210385290584865478e-02 1.071791555021713027e-02 0.000000000000000000e+00 6.080875646093037486e-04 1.122580645161290330e-01 7.743045597935187957e-03 1.245446265938069258e-01 6.882312456985547298e-03 2.832216638749301962e-01 9.694619486185167669e-04 5.599324704558244353e-02 7.169743681663380162e-04 1.187335092348284875e-02 8.455528202932676221e-03 8.662750174250721802e-03 0.000000000000000000e+00 0.000000000000000000e+00 2.290659200814456481e-02 1.033834586466165356e-02 7.987220447284344715e-04 1.575299306868304912e-03 3.313452617627567947e-04 1.324503311258278145e-03 1.584158415841584264e-03 2.525326677433563372e-02 2.041942604856512161e-02 8.476372112735748934e-03 5.405405405405405705e-03 4.161712247324613617e-03 5.470459518599562164e-04 8.312551953449709213e-04 0.000000000000000000e+00 2.784918594687232126e-03 0.000000000000000000e+00 2.089427496865858824e-03 0.000000000000000000e+00 2.164502164502164500e-03 0.000000000000000000e+00 2.206774798631799686e-04 0.000000000000000000e+00 4.638310470739168655e-03 0.000000000000000000e+00 1.284191601386927030e-04 1.477759716270134389e-04 7.943690296631472636e-03 9.057150620414817588e-05 1.371057219844666435e-02 0.000000000000000000e+00 8.447135013374630977e-03 0.000000000000000000e+00 1.572601782282019838e-03 8.899964400142399909e-05 7.995537374488657575e-03 6.179705846001729789e-04 6.854009595613433890e-03 1.418037436188315477e-04 1.282051282051282007e-02 0.000000000000000000e+00 3.565970453387671928e-03 0.000000000000000000e+00 7.238883143743536815e-03 8.663463810348900982e-04 5.494002380734364609e-03 1.438228102977132247e-04 9.744214372716200091e-04 5.624296962879639719e-03 1.078999542473692286e-01 4.266919521156809642e-03 5.199568500539374083e-02 0.000000000000000000e+00 1.069518716577540045e-02 4.270896888346553157e-03 3.497117071947856287e-02 0.000000000000000000e+00 2.024291497975708523e-03 1.427959445951734871e-04 5.923650724001755172e-03 0.000000000000000000e+00 1.130582249858677136e-03 2.155946819978440455e-04 2.451023456030923184e-02 0.000000000000000000e+00 5.966587112171837983e-04 3.222168519413565516e-04 2.285276073619631892e-02 2.833663927458203598e-04 0.000000000000000000e+00 0.000000000000000000e+00 4.468275245755138421e-04 1.712328767123287576e-03 6.637168141592920956e-02 0.000000000000000000e+00 0.000000000000000000e+00 0.000000000000000000e+00 0.000000000000000000e+00 0.000000000000000000e+00 0.000000000000000000e+00 2.699055330634277886e-04 4.968944099378882172e-04 0.000000000000000000e+00 1.115656377835626527e-03 0.000000000000000000e+00 0.000000000000000000e+00 0.000000000000000000e+00 0.000000000000000000e+00 1.579778830963665063e-03 0.000000000000000000e+00 0.000000000000000000e+00 0.000000000000000000e+00 0.000000000000000000e+00 0.000000000000000000e+00
5.168744299179081972e-03 0.000000000000000000e+00 3.344481605351170422e-02 0.000000000000000000e+00 3.314077227120705293e-01 1.520218911523259263e-03 1.650957737914259538e-01 6.080875646093037486e-04 0.000000000000000000e+00 1.290322580645161289e-03 2.581015199311729319e-03 0.000000000000000000e+00 1.634549208534067516e-02 4.187604690117252993e-04 1.829859428017450440e-01 0.000000000000000000e+00 1.792435920415845040e-04 0.000000000000000000e+00 5.351600128438402685e-04 0.000000000000000000e+00 3.054989816700610927e-03 8.748906386701662532e-04 1.399847289386612400e-03 2.255639097744361037e-03 9.584664536741213658e-03 3.150598613736609824e-03 5.964214711729622087e-03 9.933774834437086084e-04 8.580858085808580962e-03 0.000000000000000000e+00 1.839587932303164090e-03 1.271455816910362384e-03 0.000000000000000000e+00 7.431629013079666399e-05 0.000000000000000000e+00 0.000000000000000000e+00 0.000000000000000000e+00 0.000000000000000000e+00 0.000000000000000000e+00 0.000000000000000000e+00 0.000000000000000000e+00 0.000000000000000000e+00 0.000000000000000000e+00 0.000000000000000000e+00 0.000000000000000000e+00 0.000000000000000000e+00 0.000000000000000000e+00 0.000000000000000000e+00 0.000000000000000000e+00 0.000000000000000000e+00 9.057150620414817588e-05 0.000000000000000000e+00 0.000000000000000000e+00 0.000000000000000000e+00 0.000000000000000000e+00 0.000000000000000000e+00 0.000000000000000000e+00 0.000000000000000000e+00 2.471882338400692349e-04 0.000000000000000000e+00 2.836074872376630955e-04 0.000000000000000000e+00 5.787037037037036716e-04 0.000000000000000000e+00 1.082719792117799954e-03 0.000000000000000000e+00 7.875876191226273990e-05 0.000000000000000000e+00 0.000000000000000000e+00 0.000000000000000000e+00 1.156998232363811753e-02 3.050175385084642581e-04 3.140926869740429117e-02 1.078748651564185560e-04 0.000000000000000000e+00 0.000000000000000000e+00 2.196461256863941388e-03 2.506893958385560096e-04 0.000000000000000000e+00 0.000000000000000000e+00 9.995716121662145178e-04 0.000000000000000000e+00 0.000000000000000000e+00 0.000000000000000000e+00 1.796622349982033694e-03 0.000000000000000000e+00 0.000000000000000000e+00 0.000000000000000000e+00 1.127758981794747904e-03 0.000000000000000000e+00 0.000000000000000000e+00 0.000000000000000000e+00 0.000000000000000000e+00 0.000000000000000000e+00 0.000000000000000000e+00 0.000000000000000000e+00 0.000000000000000000e+00 0.000000000000000000e+00 0.000000000000000000e+00 0.000000000000000000e+00 0.000000000000000000e+00 0.000000000000000000e+00 0.000000000000000000e+00 0.000000000000000000e+00 0.000000000000000000e+00 0.000000000000000000e+00 0.000000000000000000e+00 0.000000000000000000e+00 0.000000000000000000e+00 0.000000000000000000e+00 0.000000000000000000e+00 0.000000000000000000e+00 0.000000000000000000e+00 0.000000000000000000e+00 0.000000000000000000e+00 0.000000000000000000e+00
0.000000000000000000e+00 3.440860215053763438e-03 3.010752688172043008e-03 3.827956989247311564e-02 3.870967741935483868e-03 3.711827956989247057e-01 8.602150537634408595e-04 1.122580645161290330e-01 1.290322580645161289e-03 0.000000000000000000e+00 2.867794665901921285e-04 6.830601092896174857e-04 1.720578114246386716e-04 7.956448911222780904e-03 1.938923897237033534e-03 1.167698368036015760e-01 0.000000000000000000e+00 0.000000000000000000e+00 1.070320025687680618e-04 3.982873643333665259e-04 0.000000000000000000e+00 6.999125109361330026e-03 2.417918045304148691e-03 6.203007518796992310e-03 1.996805111821086179e-03 4.410838059231253841e-03 3.313452617627567947e-04 1.258278145695364281e-02 0.000000000000000000e+00 9.690207018059022320e-03 5.150846210448859451e-03 1.483365119728756150e-03 0.000000000000000000e+00 4.458977407847800382e-04 0.000000000000000000e+00 0.000000000000000000e+00 0.000000000000000000e+00 2.142245072836332592e-04 0.000000000000000000e+00 0.000000000000000000e+00 0.000000000000000000e+00 0.000000000000000000e+00 0.000000000000000000e+00 1.103387399315899843e-04 0.000000000000000000e+00 0.000000000000000000e+00 0.000000000000000000e+00 1.284191601386927030e-04 0.000000000000000000e+00 1.005530417295123129e-04 0.000000000000000000e+00 2.377555872563005303e-04 3.055300947143293534e-04 0.000000000000000000e+00 0.000000000000000000e+00 1.747335313646688679e-04 0.000000000000000000e+00 1.859427296392710969e-04 0.000000000000000000e+00 1.370801919122686648e-04 0.000000000000000000e+00 0.000000000000000000e+00 0.000000000000000000e+00 1.698081168279843775e-04 0.000000000000000000e+00 4.136504653567735137e-04 1.575175238245254798e-04 3.662668253822910173e-04 0.000000000000000000e+00 0.000000000000000000e+00 3.213883978788365740e-04 8.387982308982766880e-03 2.370510845087116377e-04 1.984897518878101300e-02 0.000000000000000000e+00 0.000000000000000000e+00 1.220256253813300801e-04 3.885685635497618338e-03 0.000000000000000000e+00 0.000000000000000000e+00 0.000000000000000000e+00 6.581834137779728330e-04 0.000000000000000000e+00 5.652911249293385678e-04 0.000000000000000000e+00 1.757006061670912818e-04 0.000000000000000000e+00 0.000000000000000000e+00 0.000000000000000000e+00 7.668711656441717971e-04 0.000000000000000000e+00 0.000000000000000000e+00 0.000000000000000000e+00 0.000000000000000000e+00 1.712328767123287576e-03 4.424778761061946841e-03 0.000000000000000000e+00 0.000000000000000000e+00 0.000000000000000000e+00 0.000000000000000000e+00 0.000000000000000000e+00 0.000000000000000000e+00 2.699055330634277886e-04 0.000000000000000000e+00 0.000000000000000000e+00 3.718854592785421939e-04 0.000000000000000000e+00 0.000000000000000000e+00 0.000000000000000000e+00 0.000000000000000000e+00 0.000000000000000000e+00 0.000000000000000000e+00 0.000000000000000000e+00 0.000000000000000000e+00 0.000000000000000000e+00 0.000000000000000000e+00
1.921422426154287266e-01 2.581015199311729319e-03 3.756811012331517236e-02 3.441353599082305759e-03 1.720676799541152879e-03 0.000000000000000000e+00 1.167192429022081979e-01 7.743045597935187957e-03 2.581015199311729319e-03 2.867794665901921285e-04 0.000000000000000000e+00 4.553734061930783238e-04 1.034067446662078477e-01 9.771077610273590317e-04 5.332040717401841622e-03 0.000000000000000000e+00 5.162215450797633803e-02 3.769317753486619020e-04 1.188055228513325463e-02 1.792293139500149421e-03 0.000000000000000000e+00 0.000000000000000000e+00 4.326800712649529236e-03 5.639097744360902593e-04 0.000000000000000000e+00 0.000000000000000000e+00 0.000000000000000000e+00 0.000000000000000000e+00 2.138613861386138779e-02 7.341065922771986343e-04 1.287711552612214863e-03 2.119093028183937396e-04 6.591957811470006059e-04 9.661117717003566861e-04 0.000000000000000000e+00 0.000000000000000000e+00 4.662004662004662001e-04 0.000000000000000000e+00 0.000000000000000000e+00 0.000000000000000000e+00 0.000000000000000000e+00 0.000000000000000000e+00 0.000000000000000000e+00 0.000000000000000000e+00 1.579529300268519936e-04 0.000000000000000000e+00 0.000000000000000000e+00 0.000000000000000000e+00 5.911038865080537556e-04 0.000000000000000000e+00 8.151435558373335694e-04 0.000000000000000000e+00 0.000000000000000000e+00 0.000000000000000000e+00 0.000000000000000000e+00 0.000000000000000000e+00 1.201495194019223944e-02 0.000000000000000000e+00 1.606723519960449919e-03 0.000000000000000000e+00 1.531480431083380618e-02 0.000000000000000000e+00 5.401234567901234268e-03 1.698081168279843775e-04 1.082719792117799867e-02 2.068252326783867568e-04 8.663463810348900982e-04 0.000000000000000000e+00 8.629368617862792938e-04 2.436053593179050023e-04 2.836252611280732847e-02 0.000000000000000000e+00 4.741021690174232754e-04 4.314994606256742238e-04 0.000000000000000000e+00 0.000000000000000000e+00 3.782794386821232511e-03 8.774128854349461147e-04 0.000000000000000000e+00 0.000000000000000000e+00 1.570755390546908466e-03 0.000000000000000000e+00 0.000000000000000000e+00 0.000000000000000000e+00 8.192597915918073403e-03 0.000000000000000000e+00 0.000000000000000000e+00 0.000000000000000000e+00 6.444337038827130382e-03 0.000000000000000000e+00 0.000000000000000000e+00 0.000000000000000000e+00 0.000000000000000000e+00 0.000000000000000000e+00 0.000000000000000000e+00 0.000000000000000000e+00 0.000000000000000000e+00 0.000000000000000000e+00 0.000000000000000000e+00 0.000000000000000000e+00 0.000000000000000000e+00 0.000000000000000000e+00 0.000000000000000000e+00 0.000000000000000000e+00 0.000000000000000000e+00 0.000000000000000000e+00 0.000000000000000000e+00 0.000000000000000000e+00 0.000000000000000000e+00 0.000000000000000000e+00 0.000000000000000000e+00 0.000000000000000000e+00 0.000000000000000000e+00 0.000000000000000000e+00 0.000000000000000000e+00 0.000000000000000000e+00
1.138433515482695918e-03 1.063296903460837911e-01 3.187613843351548484e-03 3.028233151183970864e-02 2.276867030965391619e-04 9.107468123861566477e-04 3.870673952641165861e-03 1.245446265938069258e-01 0.000000000000000000e+00 6.830601092896174857e-04 4.553734061930783238e-04 0.000000000000000000e+00 8.602890571231934123e-04 1.211613623673925139e-01 0.000000000000000000e+00 1.069217782779966278e-02 0.000000000000000000e+00 8.857896720693554660e-02 1.712512041100288989e-03 1.443791695708453691e-02 0.000000000000000000e+00 0.000000000000000000e+00 2.036141511835072582e-03 4.511278195488722075e-03 0.000000000000000000e+00 0.000000000000000000e+00 0.000000000000000000e+00 3.311258278145695361e-04 3.960396039603960661e-04 7.076787549552195078e-02 1.655629139072847681e-03 5.297732570459842867e-03 1.054713249835201013e-03 5.202140309155767021e-03 0.000000000000000000e+00 0.000000000000000000e+00 0.000000000000000000e+00 8.568980291345330369e-04 0.000000000000000000e+00 0.000000000000000000e+00 0.000000000000000000e+00 0.000000000000000000e+00 0.000000000000000000e+00 0.000000000000000000e+00 0.000000000000000000e+00 3.947498272969505746e-04 0.000000000000000000e+00 0.000000000000000000e+00 0.000000000000000000e+00 8.044243338360985030e-04 0.000000000000000000e+00 1.109526073862735808e-03 0.000000000000000000e+00 1.126284668449950739e-03 0.000000000000000000e+00 6.989341254586754716e-04 1.779992880028479982e-04 8.460394198586835765e-03 1.235941169200346175e-04 2.741603838245373730e-03 1.418037436188315477e-04 5.177514792899408705e-03 1.929012345679012239e-04 1.086771947699100016e-02 0.000000000000000000e+00 2.275077559462254217e-03 1.575175238245254798e-04 1.556634007874736769e-03 0.000000000000000000e+00 1.218026796589524903e-03 9.641651936365097219e-04 2.119871892633826485e-02 5.926277112717790807e-04 6.364617044228694856e-03 0.000000000000000000e+00 0.000000000000000000e+00 1.952410006101281282e-03 1.253446979192780102e-03 0.000000000000000000e+00 1.012145748987854262e-02 0.000000000000000000e+00 1.886792452830188607e-02 0.000000000000000000e+00 1.695873374788015812e-03 0.000000000000000000e+00 1.467100061495212222e-02 0.000000000000000000e+00 1.193317422434367597e-03 0.000000000000000000e+00 1.503067484662576683e-02 0.000000000000000000e+00 0.000000000000000000e+00 0.000000000000000000e+00 0.000000000000000000e+00 0.000000000000000000e+00 0.000000000000000000e+00 0.000000000000000000e+00 0.000000000000000000e+00 0.000000000000000000e+00 0.000000000000000000e+00 0.000000000000000000e+00 0.000000000000000000e+00 0.000000000000000000e+00 0.000000000000000000e+00 0.000000000000000000e+00 0.000000000000000000e+00 0.000000000000000000e+00 0.000000000000000000e+00 0.000000000000000000e+00 0.000000000000000000e+00 0.000000000000000000e+00 0.000000000000000000e+00 0.000000000000000000e+00 0.000000000000000000e+00 0.000000000000000000e+00 0.000000000000000000e+00
2.546455609084652405e-02 0.000000000000000000e+00 4.215416379903647731e-02 4.473503097040605787e-03 5.333792154163799308e-03 1.720578114246386716e-04 2.462147281486579409e-01 6.882312456985547298e-03 1.634549208534067516e-02 1.720578114246386716e-04 1.034067446662078477e-01 8.602890571231934123e-04 0.000000000000000000e+00 2.233389168062534930e-03 1.606883179835191522e-01 5.627462014631401518e-04 2.150923104499014374e-03 1.884658876743309510e-04 2.675800064219201451e-03 6.970028875833913931e-04 0.000000000000000000e+00 0.000000000000000000e+00 1.578009671672181077e-02 3.195488721804511361e-03 7.987220447284344715e-04 3.150598613736610041e-04 3.313452617627567947e-04 0.000000000000000000e+00 6.165016501650164710e-02 5.872852738217588858e-04 1.471670345842531272e-03 3.814367450731086934e-03 7.910349373764008138e-04 1.783590963139120153e-03 0.000000000000000000e+00 0.000000000000000000e+00 6.993006993006993001e-04 0.000000000000000000e+00 0.000000000000000000e+00 4.178854993731717757e-04 0.000000000000000000e+00 0.000000000000000000e+00 0.000000000000000000e+00 0.000000000000000000e+00 1.579529300268519936e-04 0.000000000000000000e+00 0.000000000000000000e+00 0.000000000000000000e+00 5.911038865080537556e-04 0.000000000000000000e+00 5.434290372248890824e-04 0.000000000000000000e+00 0.000000000000000000e+00 0.000000000000000000e+00 1.752848378615249768e-04 0.000000000000000000e+00 2.135991456034175978e-03 0.000000000000000000e+00 1.112347052280311449e-03 1.370801919122686648e-04 1.219512195121951262e-02 0.000000000000000000e+00 5.594135802469135492e-03 0.000000000000000000e+00 1.147682979644867873e-02 0.000000000000000000e+00 7.088288572103646455e-04 0.000000000000000000e+00 1.006759672083992491e-03 0.000000000000000000e+00 7.399967861160211546e-02 7.625438462711606451e-04 9.244992295839754223e-03 1.186623516720604170e-03 3.333333333333333547e-03 0.000000000000000000e+00 2.525930445393532661e-02 1.504136375031336166e-03 0.000000000000000000e+00 0.000000000000000000e+00 6.997001285163501408e-03 0.000000000000000000e+00 0.000000000000000000e+00 0.000000000000000000e+00 1.509162773984908286e-02 0.000000000000000000e+00 0.000000000000000000e+00 0.000000000000000000e+00 8.860963428387304275e-03 0.000000000000000000e+00 0.000000000000000000e+00 0.000000000000000000e+00 0.000000000000000000e+00 0.000000000000000000e+00 3.424657534246575152e-03 0.000000000000000000e+00 0.000000000000000000e+00 0.000000000000000000e+00 0.000000000000000000e+00 0.000000000000000000e+00 0.000000000000000000e+00 0.000000000000000000e+00 0.000000000000000000e+00 0.000000000000000000e+00 0.000000000000000000e+00 0.000000000000000000e+00 0.000000000000000000e+00 0.000000000000000000e+00 0.000000000000000000e+00 0.000000000000000000e+00 0.000000000000000000e+00 0.000000000000000000e+00 0.000000000000000000e+00 0.000000000000000000e+00 0.000000000000000000e+00 0.000000000000000000e+00
