0.000000000000000000e+00 1.923246581385090401e-02 6.423737636647579297e-02 6.905481225722917560e-03 2.213001383125864398e-03 0.000000000000000000e+00 1.462633451957295327e-01 1.060835678718337338e-02 4.592422502870264177e-03 0.000000000000000000e+00 3.433530906011854622e-01 3.034389750505731530e-03 6.659853517288366609e-02 3.051106025934401372e-04 3.206155819172811861e-04 0.000000000000000000e+00 6.049822064056939452e-02 6.159855769230769031e-03 5.588400900900900720e-02 2.401239349341595733e-02 0.000000000000000000e+00 0.000000000000000000e+00 2.028397565922920864e-03 6.335797254487856786e-04 0.000000000000000000e+00 0.000000000000000000e+00 0.000000000000000000e+00 0.000000000000000000e+00 4.236401673640167315e-02 9.886307464162134503e-04 3.075571177504393596e-03 6.294586655476290017e-04 1.714721199034675500e-02 1.350942635346305022e-02 0.000000000000000000e+00 4.100041000410003860e-04 5.778894472361809087e-02 1.768569984840828680e-03 1.494768310911808720e-03 0.000000000000000000e+00 5.617977528089887485e-03 0.000000000000000000e+00 0.000000000000000000e+00 0.000000000000000000e+00 5.519779208831646902e-04 1.160362032954281788e-04 0.000000000000000000e+00 0.000000000000000000e+00 4.884856943475226684e-03 1.124606387764282543e-04 2.673147023086269725e-02 0.000000000000000000e+00 2.680965147453083161e-03 0.000000000000000000e+00 1.838235294117647033e-03 0.000000000000000000e+00 2.158958414302370732e-01 3.158009365131220648e-03 4.279600570613409372e-02 9.422110552763818692e-04 7.054473047930592822e-02 0.000000000000000000e+00 5.004549590536851687e-03 3.977724741447891989e-04 2.485966319165998362e-02 0.000000000000000000e+00 4.880382775119616878e-03 6.302785831337451338e-04 3.843338213762811234e-02 5.966191581040769347e-03 1.021177081979992157e-01 7.277137659187386462e-04 3.755569700827498386e-02 1.983034042084389197e-03 5.767844268204758151e-03 0.000000000000000000e+00 8.123377614903039279e-02 4.167245450757049718e-03 0.000000000000000000e+00 0.000000000000000000e+00 1.535836177474402637e-03 0.000000000000000000e+00 0.000000000000000000e+00 0.000000000000000000e+00 1.401535440099982086e-02 2.547121752419765663e-04 0.000000000000000000e+00 0.000000000000000000e+00 1.045983816854154265e-02 0.000000000000000000e+00 9.085127646043427221e-04 1.977401129943502731e-03 6.450780544445878281e-04 2.032520325203252031e-04 3.773584905660377388e-03 1.467505241090146829e-02 0.000000000000000000e+00 0.000000000000000000e+00 0.000000000000000000e+00 9.233610341643582299e-04 0.000000000000000000e+00 1.373154823206316610e-03 3.120124804992199688e-04 8.456148828219376898e-04 1.788268955650929894e-03 3.099814011159330294e-04 0.000000000000000000e+00 0.000000000000000000e+00 0.000000000000000000e+00 0.000000000000000000e+00 8.460236886632825420e-04 0.000000000000000000e+00 6.849315068493150738e-04 0.000000000000000000e+00 0.000000000000000000e+00 1.494768310911808720e-03
1.923246581385090401e-02 0.000000000000000000e+00 4.372722540343570996e-03 6.247302546396202305e-02 2.766251728907330497e-04 0.000000000000000000e+00 1.186239620403321555e-03 1.121454860359385186e-01 0.000000000000000000e+00 4.355942750466708542e-03 2.116850127011007596e-03 1.706001348617667002e-01 1.703287344575029802e-04 2.623951182303585136e-02 0.000000000000000000e+00 1.102232019840176458e-03 5.140371688414392681e-03 5.694110576923076816e-02 2.604166666666666782e-02 7.712736527608719805e-02 0.000000000000000000e+00 0.000000000000000000e+00 0.000000000000000000e+00 1.055966209081309320e-03 0.000000000000000000e+00 0.000000000000000000e+00 0.000000000000000000e+00 0.000000000000000000e+00 3.486750348675034857e-03 3.542593507991431689e-02 8.787346221441124251e-04 2.098195551825430096e-04 1.320970405182268596e-02 2.248210505091239111e-02 1.074498567335243574e-03 1.230012300123001267e-03 2.826633165829145825e-03 7.908034360788276929e-02 0.000000000000000000e+00 4.524886877828054703e-03 0.000000000000000000e+00 4.651162790697674354e-03 0.000000000000000000e+00 0.000000000000000000e+00 1.839926402943882120e-04 1.624506846135994340e-03 0.000000000000000000e+00 1.811594202898550747e-04 1.744591765526866596e-04 3.823661718398560592e-03 3.037667071688942622e-04 9.738595592004101187e-03 0.000000000000000000e+00 9.985022466300549904e-04 2.626050420168067113e-04 1.440922190201729012e-03 1.263116984065293380e-02 2.797560710007622742e-01 2.694563322238072677e-03 3.015075376884421982e-02 5.689091167685962408e-04 4.346017883135787352e-02 6.824385805277525521e-04 2.028639618138424958e-02 4.009623095429029616e-04 3.281466646125404119e-02 2.200956937799042855e-03 8.067565864111937018e-03 2.562225475841874156e-02 1.358965860125952996e-01 2.078731973496167253e-03 5.930867192237719576e-02 3.437301082113303815e-03 4.098270353641070979e-02 7.209805335255947689e-04 4.048582995951417046e-03 6.565887921820124859e-03 7.764967356577302804e-02 0.000000000000000000e+00 0.000000000000000000e+00 8.532423208191126365e-04 5.924412665985699308e-03 0.000000000000000000e+00 0.000000000000000000e+00 0.000000000000000000e+00 1.986754966887417304e-02 0.000000000000000000e+00 0.000000000000000000e+00 0.000000000000000000e+00 7.035175879396985202e-03 8.176614881439084499e-04 1.129943502824858797e-03 3.870468326667526535e-04 2.032520325203252031e-04 0.000000000000000000e+00 3.563941299790356065e-02 0.000000000000000000e+00 1.291989664082687393e-03 0.000000000000000000e+00 2.770083102493074798e-03 0.000000000000000000e+00 3.432887058015791524e-04 6.240249609984399376e-04 1.208021261174196731e-03 1.072961373390557936e-03 6.199628022318660588e-04 0.000000000000000000e+00 0.000000000000000000e+00 0.000000000000000000e+00 0.000000000000000000e+00 8.460236886632825420e-04 0.000000000000000000e+00 0.000000000000000000e+00 0.000000000000000000e+00 0.000000000000000000e+00 7.473841554559042949e-03
6.423737636647579297e-02 4.372722540343570996e-03 0.000000000000000000e+00 7.876564523090202191e-03 1.255878284923928057e-01 7.339449541284403643e-04 2.900355871886121095e-01 1.320632171465685283e-02 2.946804439341752652e-02 5.600497822028625144e-03 5.292125317527519163e-02 4.551584625758597728e-03 5.671946857434849443e-02 5.797101449275362389e-03 3.783263866623917671e-02 3.857812069440617279e-03 1.008303677342823300e-02 3.004807692307692474e-03 9.121621621621621434e-02 5.754121943122718005e-03 0.000000000000000000e+00 0.000000000000000000e+00 2.121365787694388105e-01 6.758183738120379994e-03 3.920265780730897154e-02 1.411432604093154630e-03 2.425373134328358271e-02 4.244482173174872605e-04 4.027196652719665371e-02 1.812489701763058065e-03 3.031634446397188029e-02 1.783466219051615606e-02 7.620983106820780097e-03 6.855529791309608080e-03 7.163323782234956799e-04 0.000000000000000000e+00 1.444723618090452272e-02 1.515917129863567471e-03 0.000000000000000000e+00 0.000000000000000000e+00 0.000000000000000000e+00 0.000000000000000000e+00 0.000000000000000000e+00 0.000000000000000000e+00 2.023919043238270495e-03 0.000000000000000000e+00 0.000000000000000000e+00 0.000000000000000000e+00 4.535938590369853474e-03 1.124606387764282543e-04 8.809234507897934635e-03 0.000000000000000000e+00 1.608579088471849810e-03 0.000000000000000000e+00 1.050420168067226845e-03 0.000000000000000000e+00 7.578701904391760454e-03 4.355874986387890885e-04 1.204628308765256020e-02 4.711055276381909346e-04 3.697909258995875619e-03 0.000000000000000000e+00 9.099181073703367000e-04 0.000000000000000000e+00 4.611066559743384058e-03 0.000000000000000000e+00 1.760765550239234284e-02 2.521114332534980318e-04 3.660322108345534509e-03 6.629101756711965098e-04 4.053527348317526036e-02 1.576713159490600400e-03 8.516868236791852453e-02 4.186405199955932702e-03 4.325883201153568614e-03 2.699055330634277886e-03 6.459001374255611549e-02 3.194888178913737886e-03 0.000000000000000000e+00 0.000000000000000000e+00 1.023890784982935164e-03 2.042900919305413695e-04 0.000000000000000000e+00 0.000000000000000000e+00 2.678093197643277926e-03 1.273560876209882831e-04 0.000000000000000000e+00 0.000000000000000000e+00 1.776198934280639498e-03 0.000000000000000000e+00 9.085127646043427221e-05 2.542372881355932021e-03 6.450780544445878281e-04 6.097560975609756092e-04 3.773584905660377388e-03 1.467505241090146829e-02 0.000000000000000000e+00 3.875968992248061962e-03 0.000000000000000000e+00 0.000000000000000000e+00 0.000000000000000000e+00 6.865774116031583049e-04 6.240249609984399376e-04 1.087219135056776906e-03 3.576537911301859787e-04 3.099814011159330294e-04 0.000000000000000000e+00 0.000000000000000000e+00 0.000000000000000000e+00 0.000000000000000000e+00 0.000000000000000000e+00 0.000000000000000000e+00 0.000000000000000000e+00 0.000000000000000000e+00 0.000000000000000000e+00 0.000000000000000000e+00
6.905481225722917560e-03 6.247302546396202305e-02 7.876564523090202191e-03 0.000000000000000000e+00 3.872752420470262913e-03 3.376146788990825459e-02 8.778173190984579072e-03 1.632387962762502642e-01 2.678913126674320553e-03 6.533914125700061859e-02 2.540220152413208941e-03 4.855023600809170448e-02 5.620848237097597969e-03 6.209000762776506477e-02 2.564924655338249489e-03 2.176908239184348337e-02 1.779359430604982115e-03 1.577524038461538408e-02 8.868243243243242868e-03 1.270333075135553769e-01 0.000000000000000000e+00 2.409638554216867682e-03 1.555104800540905996e-02 2.046462513199577560e-01 4.651162790697674354e-03 2.011291460832745348e-02 6.218905472636815802e-04 8.488964346349745643e-03 3.138075313807531328e-03 3.592025045312242232e-02 2.086994727592266993e-02 4.301300881242131613e-02 3.302426012955671491e-03 2.621231979030144016e-02 0.000000000000000000e+00 8.200082000820007721e-04 9.422110552763818692e-04 4.497220818595250302e-02 0.000000000000000000e+00 0.000000000000000000e+00 0.000000000000000000e+00 0.000000000000000000e+00 0.000000000000000000e+00 2.386919680152762766e-04 0.000000000000000000e+00 1.972615456022279012e-03 0.000000000000000000e+00 3.623188405797101493e-04 0.000000000000000000e+00 2.586594691857849876e-03 1.012555690562981010e-04 1.435161455663762266e-03 0.000000000000000000e+00 2.496255616575137476e-04 0.000000000000000000e+00 4.803073967339096888e-04 1.554605518849591899e-03 7.949471850157900296e-03 7.925186241876684343e-04 1.915829145728643185e-02 0.000000000000000000e+00 2.287377833229361536e-03 0.000000000000000000e+00 2.585521081941129576e-03 4.009623095429029616e-04 4.621784008627330062e-03 4.784688995215311143e-04 1.726963317786461491e-02 1.464128843338213803e-03 7.623467020218760784e-03 1.688969728465635920e-03 5.178896300788356916e-02 2.928071292170591946e-03 9.066872314641401254e-02 0.000000000000000000e+00 8.097165991902834092e-03 2.290426019239578601e-03 7.695513265731351860e-02 0.000000000000000000e+00 1.010101010101010100e-03 0.000000000000000000e+00 6.128702757916240813e-04 0.000000000000000000e+00 0.000000000000000000e+00 8.926977325477592634e-05 1.018848700967906265e-03 0.000000000000000000e+00 1.434720229555236804e-03 0.000000000000000000e+00 1.172529313232830795e-03 3.634051058417370889e-04 5.649717514124293983e-04 1.290156108889175602e-04 4.065040650406504062e-04 0.000000000000000000e+00 3.354297693920335610e-02 0.000000000000000000e+00 0.000000000000000000e+00 0.000000000000000000e+00 9.233610341643582299e-04 0.000000000000000000e+00 0.000000000000000000e+00 2.080083203328133125e-04 1.570427639526455772e-03 7.153075822603719575e-04 6.199628022318660588e-04 0.000000000000000000e+00 0.000000000000000000e+00 0.000000000000000000e+00 0.000000000000000000e+00 0.000000000000000000e+00 0.000000000000000000e+00 0.000000000000000000e+00 0.000000000000000000e+00 0.000000000000000000e+00 1.046337817638266082e-02
2.213001383125864398e-03 2.766251728907330497e-04 1.255878284923928057e-01 3.872752420470262913e-03 0.000000000000000000e+00 7.339449541284403643e-04 5.812574139976275402e-03 7.577397705130980987e-04 2.403367776502104980e-01 2.489110143123833205e-03 6.350550381033022353e-04 1.685772083614295324e-04 1.873616079032532728e-03 1.067887109077040372e-03 2.154536710484129536e-01 1.377790024800220519e-03 0.000000000000000000e+00 0.000000000000000000e+00 7.038288288288287956e-04 0.000000000000000000e+00 2.890173410404624221e-02 0.000000000000000000e+00 1.318458417849898562e-02 2.111932418162618640e-03 6.710963455149501766e-02 5.998588567395907178e-03 1.924751243781094578e-01 2.971137521222410715e-03 5.404463040446304267e-03 0.000000000000000000e+00 5.272407732864674984e-03 4.616030214015946591e-03 3.810491553410389723e-04 0.000000000000000000e+00 0.000000000000000000e+00 0.000000000000000000e+00 3.140703517587939745e-04 0.000000000000000000e+00 0.000000000000000000e+00 0.000000000000000000e+00 0.000000000000000000e+00 0.000000000000000000e+00 0.000000000000000000e+00 0.000000000000000000e+00 0.000000000000000000e+00 0.000000000000000000e+00 2.681684097613301165e-04 0.000000000000000000e+00 0.000000000000000000e+00 0.000000000000000000e+00 1.012555690562981010e-04 0.000000000000000000e+00 1.072386058981233351e-03 0.000000000000000000e+00 2.626050420168067113e-04 0.000000000000000000e+00 9.716284492809949369e-05 0.000000000000000000e+00 1.585037248375336869e-04 0.000000000000000000e+00 1.422272791921490602e-04 0.000000000000000000e+00 6.824385805277525521e-04 0.000000000000000000e+00 2.004811547714514808e-04 0.000000000000000000e+00 3.827751196172248915e-04 0.000000000000000000e+00 1.830161054172767254e-04 0.000000000000000000e+00 4.118487722489281438e-02 3.638568829593693231e-04 5.245066836409929822e-02 7.711799052550401832e-04 7.209805335255947689e-03 0.000000000000000000e+00 4.122766834631241654e-03 2.778163633838033109e-04 0.000000000000000000e+00 0.000000000000000000e+00 1.706484641638225273e-04 0.000000000000000000e+00 0.000000000000000000e+00 0.000000000000000000e+00 1.785395465095518527e-04 0.000000000000000000e+00 0.000000000000000000e+00 0.000000000000000000e+00 3.947108742845865611e-04 0.000000000000000000e+00 9.085127646043427221e-05 0.000000000000000000e+00 0.000000000000000000e+00 0.000000000000000000e+00 0.000000000000000000e+00 0.000000000000000000e+00 0.000000000000000000e+00 0.000000000000000000e+00 0.000000000000000000e+00 0.000000000000000000e+00 0.000000000000000000e+00 0.000000000000000000e+00 0.000000000000000000e+00 0.000000000000000000e+00 0.000000000000000000e+00 0.000000000000000000e+00 0.000000000000000000e+00 0.000000000000000000e+00 0.000000000000000000e+00 0.000000000000000000e+00 0.000000000000000000e+00 0.000000000000000000e+00 0.000000000000000000e+00 0.000000000000000000e+00 0.000000000000000000e+00 0.000000000000000000e+00
0.000000000000000000e+00 0.000000000000000000e+00 7.339449541284403643e-04 3.376146788990825459e-02 7.339449541284403643e-04 0.000000000000000000e+00 0.000000000000000000e+00 2.056722234249837820e-03 3.827018752391886814e-04 1.680149346608587335e-01 0.000000000000000000e+00 8.428860418071476351e-04 1.703287344575029802e-04 1.372997711670480509e-03 0.000000000000000000e+00 2.424910443648387870e-01 0.000000000000000000e+00 0.000000000000000000e+00 0.000000000000000000e+00 6.639371472833905307e-04 2.890173410404624135e-03 3.855421686746988291e-02 8.451656524678836935e-04 1.309398099260823678e-02 3.986710963455149075e-03 3.175723359209597918e-02 1.554726368159204059e-03 1.434634974533106899e-01 0.000000000000000000e+00 3.229527104959630662e-02 5.272407732864674984e-03 4.406210658833403446e-03 0.000000000000000000e+00 3.024498437342473898e-04 0.000000000000000000e+00 0.000000000000000000e+00 0.000000000000000000e+00 5.053057099545225266e-04 0.000000000000000000e+00 0.000000000000000000e+00 0.000000000000000000e+00 0.000000000000000000e+00 0.000000000000000000e+00 0.000000000000000000e+00 0.000000000000000000e+00 0.000000000000000000e+00 0.000000000000000000e+00 3.623188405797101493e-04 0.000000000000000000e+00 0.000000000000000000e+00 0.000000000000000000e+00 0.000000000000000000e+00 0.000000000000000000e+00 2.496255616575137476e-04 0.000000000000000000e+00 0.000000000000000000e+00 0.000000000000000000e+00 0.000000000000000000e+00 1.585037248375336869e-04 1.570351758793969872e-04 0.000000000000000000e+00 4.158868787689748198e-04 0.000000000000000000e+00 3.977724741447891989e-04 0.000000000000000000e+00 0.000000000000000000e+00 0.000000000000000000e+00 0.000000000000000000e+00 0.000000000000000000e+00 3.314550878355982549e-04 1.299207483435104533e-04 3.032140691328077606e-02 0.000000000000000000e+00 4.043186074694282012e-02 0.000000000000000000e+00 1.079622132253711154e-02 0.000000000000000000e+00 1.527989998610918129e-03 0.000000000000000000e+00 0.000000000000000000e+00 0.000000000000000000e+00 4.085801838610827390e-04 0.000000000000000000e+00 0.000000000000000000e+00 0.000000000000000000e+00 5.094243504839531325e-04 0.000000000000000000e+00 0.000000000000000000e+00 0.000000000000000000e+00 6.700167504187605006e-04 0.000000000000000000e+00 0.000000000000000000e+00 0.000000000000000000e+00 0.000000000000000000e+00 0.000000000000000000e+00 2.096436058700209756e-03 0.000000000000000000e+00 0.000000000000000000e+00 0.000000000000000000e+00 0.000000000000000000e+00 0.000000000000000000e+00 0.000000000000000000e+00 1.040041601664066563e-04 0.000000000000000000e+00 0.000000000000000000e+00 0.000000000000000000e+00 0.000000000000000000e+00 0.000000000000000000e+00 0.000000000000000000e+00 0.000000000000000000e+00 0.000000000000000000e+00 0.000000000000000000e+00 0.000000000000000000e+00 0.000000000000000000e+00 0.000000000000000000e+00 0.000000000000000000e+00
1.462633451957295327e-01 1.186239620403321555e-03 2.900355871886121095e-01 8.778173190984579072e-03 5.812574139976275402e-03 0.000000000000000000e+00 0.000000000000000000e+00 1.926823987876163588e-02 8.878683505549177235e-02 6.222775357809583012e-04 9.758679085520745311e-02 8.428860418071476568e-03 1.710100493953329859e-01 6.712433257055682584e-03 4.488618146841936822e-03 1.377790024800220519e-03 5.535784895215500011e-03 1.201923076923076990e-03 1.027590090090090176e-02 4.758216222197631830e-03 0.000000000000000000e+00 0.000000000000000000e+00 2.400270453008789689e-02 7.391763463569165672e-03 6.644518272425249542e-04 0.000000000000000000e+00 6.218905472636815802e-04 0.000000000000000000e+00 1.847977684797768444e-02 3.130664030318009404e-03 9.226713532513180355e-03 1.825430130088124062e-02 1.270163851136796610e-03 6.855529791309608080e-03 0.000000000000000000e+00 0.000000000000000000e+00 6.281407035175879706e-03 1.768569984840828680e-03 0.000000000000000000e+00 0.000000000000000000e+00 0.000000000000000000e+00 0.000000000000000000e+00 0.000000000000000000e+00 0.000000000000000000e+00 1.103955841766329380e-03 1.160362032954281788e-04 2.681684097613301165e-04 0.000000000000000000e+00 2.442428471737613342e-03 1.124606387764282543e-04 1.498582422033211889e-02 0.000000000000000000e+00 3.217158176943699620e-03 0.000000000000000000e+00 2.363445378151260347e-03 0.000000000000000000e+00 6.412747765254567071e-03 1.088968746596972721e-04 6.974163892851482222e-03 9.422110552763818692e-04 1.223154601052481825e-02 2.079434393844874099e-04 6.824385805277525521e-04 0.000000000000000000e+00 9.021651964715316635e-03 4.621784008627330279e-04 4.019138755980861469e-03 5.042228665069960637e-04 1.830161054172767254e-03 0.000000000000000000e+00 9.705079901260231512e-02 3.274711946634323908e-03 2.367918523233609324e-02 4.516910873636663729e-03 0.000000000000000000e+00 0.000000000000000000e+00 3.542525576423881384e-02 3.750520905681344833e-03 1.386962552011095735e-03 0.000000000000000000e+00 2.047781569965870328e-03 0.000000000000000000e+00 0.000000000000000000e+00 0.000000000000000000e+00 9.462595965006249249e-03 0.000000000000000000e+00 0.000000000000000000e+00 0.000000000000000000e+00 1.026248273139925005e-02 0.000000000000000000e+00 9.085127646043427221e-05 2.824858757062146991e-04 1.290156108889175602e-04 4.065040650406504062e-04 0.000000000000000000e+00 8.385744234800839025e-03 0.000000000000000000e+00 0.000000000000000000e+00 0.000000000000000000e+00 0.000000000000000000e+00 0.000000000000000000e+00 0.000000000000000000e+00 1.040041601664066563e-04 0.000000000000000000e+00 0.000000000000000000e+00 3.099814011159330294e-04 0.000000000000000000e+00 0.000000000000000000e+00 0.000000000000000000e+00 0.000000000000000000e+00 0.000000000000000000e+00 0.000000000000000000e+00 0.000000000000000000e+00 0.000000000000000000e+00 0.000000000000000000e+00 0.000000000000000000e+00
1.060835678718337338e-02 1.121454860359385186e-01 1.320632171465685283e-02 1.632387962762502642e-01 7.577397705130980987e-04 2.056722234249837820e-03 1.926823987876163588e-02 0.000000000000000000e+00 2.678913126674320553e-03 7.342874922215307520e-02 1.291278577476714581e-02 1.146325016857720897e-01 1.021972406745017860e-02 2.090007627765064768e-01 2.244309073420968411e-03 3.306696059520529158e-03 1.581652827204428667e-03 1.322115384615384602e-02 2.055180180180180352e-02 2.235255062520748182e-02 0.000000000000000000e+00 0.000000000000000000e+00 2.417173766058147363e-02 2.344244984160506751e-02 5.315614617940199634e-03 1.058574453069865973e-03 3.109452736318407901e-04 0.000000000000000000e+00 4.881450488145048540e-03 1.581809194265941521e-02 2.746045694200351453e-02 1.489718841796055376e-02 5.461704559888225577e-03 1.260207682226030870e-02 0.000000000000000000e+00 0.000000000000000000e+00 9.422110552763818692e-04 2.097018696311268166e-02 0.000000000000000000e+00 0.000000000000000000e+00 0.000000000000000000e+00 0.000000000000000000e+00 0.000000000000000000e+00 1.193459840076381383e-04 0.000000000000000000e+00 1.508470642840566188e-03 0.000000000000000000e+00 1.811594202898550747e-04 0.000000000000000000e+00 2.811515969410706330e-03 3.037667071688942622e-04 9.738595592004101187e-03 0.000000000000000000e+00 2.496255616575137476e-04 0.000000000000000000e+00 7.204610951008645061e-04 7.773027594247959495e-04 1.219644996188609318e-02 1.585037248375336869e-04 8.636934673366833404e-03 2.844545583842981204e-04 1.164483260553129604e-02 0.000000000000000000e+00 2.187748607796340377e-03 0.000000000000000000e+00 2.942535818826066962e-02 8.612440191387559516e-04 2.899281482415227637e-03 1.830161054172767254e-04 1.988730527013589638e-03 1.299207483435104588e-03 1.224984839296543310e-01 5.474220241884149990e-03 4.869450258896110967e-02 0.000000000000000000e+00 4.048582995951417046e-03 7.634753397465262291e-03 4.278371996110570674e-02 0.000000000000000000e+00 1.010101010101010100e-03 5.119453924914675819e-04 5.515832482124617166e-03 0.000000000000000000e+00 0.000000000000000000e+00 8.926977325477592634e-05 1.286296484971981638e-02 0.000000000000000000e+00 0.000000000000000000e+00 3.947108742845865611e-04 4.522613065326632972e-03 0.000000000000000000e+00 2.824858757062146991e-04 1.290156108889175602e-04 6.097560975609756092e-04 0.000000000000000000e+00 1.467505241090146829e-02 0.000000000000000000e+00 0.000000000000000000e+00 0.000000000000000000e+00 9.233610341643582299e-04 0.000000000000000000e+00 3.432887058015791524e-04 1.040041601664066563e-04 2.416042522348393244e-04 0.000000000000000000e+00 3.099814011159330294e-04 0.000000000000000000e+00 0.000000000000000000e+00 0.000000000000000000e+00 0.000000000000000000e+00 8.460236886632825420e-04 0.000000000000000000e+00 0.000000000000000000e+00 2.008032128514056040e-03 0.000000000000000000e+00 2.989536621823617440e-03
4.592422502870264177e-03 0.000000000000000000e+00 2.946804439341752652e-02 2.678913126674320553e-03 2.403367776502104980e-01 3.827018752391886814e-04 8.878683505549177235e-02 2.678913126674320553e-03 0.000000000000000000e+00 1.244555071561916602e-03 1.905165114309906923e-03 0.000000000000000000e+00 5.620848237097598316e-02 6.102212051868802743e-04 2.532863097146521580e-01 1.102232019840176458e-03 0.000000000000000000e+00 0.000000000000000000e+00 0.000000000000000000e+00 1.106561912138984128e-04 0.000000000000000000e+00 0.000000000000000000e+00 1.014198782961460432e-03 1.478352692713833178e-03 0.000000000000000000e+00 1.058574453069865973e-03 2.083333333333333218e-02 4.244482173174872605e-04 1.098326359832635900e-02 0.000000000000000000e+00 3.734622144112477969e-03 1.468736886277801149e-03 1.270163851136796665e-04 0.000000000000000000e+00 0.000000000000000000e+00 0.000000000000000000e+00 6.281407035175879490e-04 0.000000000000000000e+00 0.000000000000000000e+00 0.000000000000000000e+00 0.000000000000000000e+00 0.000000000000000000e+00 3.770739064856712072e-04 0.000000000000000000e+00 1.839926402943882120e-04 0.000000000000000000e+00 0.000000000000000000e+00 0.000000000000000000e+00 1.744591765526866596e-04 0.000000000000000000e+00 4.050222762251924039e-04 0.000000000000000000e+00 5.361930294906166756e-04 0.000000000000000000e+00 2.626050420168067113e-04 0.000000000000000000e+00 3.886513797123979748e-04 0.000000000000000000e+00 0.000000000000000000e+00 0.000000000000000000e+00 1.422272791921490602e-04 0.000000000000000000e+00 2.274795268425841750e-04 0.000000000000000000e+00 4.009623095429029616e-04 0.000000000000000000e+00 0.000000000000000000e+00 0.000000000000000000e+00 1.830161054172767254e-04 0.000000000000000000e+00 6.625958165519033743e-03 2.425712553062462154e-04 2.444302991725015931e-02 2.203371157871543342e-04 2.883922134102379076e-03 0.000000000000000000e+00 6.107802717972209312e-03 2.778163633838033109e-04 0.000000000000000000e+00 0.000000000000000000e+00 5.119453924914675819e-04 0.000000000000000000e+00 0.000000000000000000e+00 0.000000000000000000e+00 8.034279592929833777e-04 0.000000000000000000e+00 0.000000000000000000e+00 0.000000000000000000e+00 3.947108742845865611e-04 0.000000000000000000e+00 1.817025529208685444e-04 2.824858757062146991e-04 0.000000000000000000e+00 0.000000000000000000e+00 0.000000000000000000e+00 0.000000000000000000e+00 0.000000000000000000e+00 0.000000000000000000e+00 0.000000000000000000e+00 9.233610341643582299e-04 0.000000000000000000e+00 0.000000000000000000e+00 2.080083203328133125e-04 3.624063783522589867e-04 0.000000000000000000e+00 0.000000000000000000e+00 0.000000000000000000e+00 0.000000000000000000e+00 0.000000000000000000e+00 0.000000000000000000e+00 0.000000000000000000e+00 0.000000000000000000e+00 0.000000000000000000e+00 0.000000000000000000e+00 0.000000000000000000e+00 0.000000000000000000e+00
0.000000000000000000e+00 4.355942750466708542e-03 5.600497822028625144e-03 6.533914125700061859e-02 2.489110143123833205e-03 1.680149346608587335e-01 6.222775357809583012e-04 7.342874922215307520e-02 1.244555071561916602e-03 0.000000000000000000e+00 0.000000000000000000e+00 3.877275792312879273e-03 8.516436722875149554e-04 1.723874904652936829e-02 6.412311638345623722e-04 1.410856985395425867e-01 0.000000000000000000e+00 3.004807692307692474e-04 0.000000000000000000e+00 7.745933384972889706e-04 0.000000000000000000e+00 2.409638554216867682e-03 3.211629479377958035e-03 2.323125659978880677e-03 3.986710963455149075e-03 0.000000000000000000e+00 1.243781094527363160e-03 1.273344651952461890e-03 0.000000000000000000e+00 1.186356895699456314e-02 7.029876977152899400e-03 2.937473772555602297e-03 2.540327702273593329e-04 7.057163020465773151e-04 0.000000000000000000e+00 0.000000000000000000e+00 0.000000000000000000e+00 1.768569984840828680e-03 0.000000000000000000e+00 0.000000000000000000e+00 0.000000000000000000e+00 0.000000000000000000e+00 0.000000000000000000e+00 0.000000000000000000e+00 0.000000000000000000e+00 0.000000000000000000e+00 0.000000000000000000e+00 0.000000000000000000e+00 0.000000000000000000e+00 0.000000000000000000e+00 0.000000000000000000e+00 0.000000000000000000e+00 0.000000000000000000e+00 0.000000000000000000e+00 0.000000000000000000e+00 0.000000000000000000e+00 0.000000000000000000e+00 2.177937493193945443e-04 0.000000000000000000e+00 3.140703517587939745e-04 0.000000000000000000e+00 0.000000000000000000e+00 0.000000000000000000e+00 1.988862370723945994e-04 0.000000000000000000e+00 3.081189339084887033e-04 0.000000000000000000e+00 2.521114332534980318e-04 0.000000000000000000e+00 3.314550878355982549e-04 0.000000000000000000e+00 8.247422680412371324e-03 0.000000000000000000e+00 1.333039550512283775e-02 0.000000000000000000e+00 3.373819163292847683e-03 3.053901358986104548e-04 4.445061814140852975e-03 0.000000000000000000e+00 0.000000000000000000e+00 0.000000000000000000e+00 1.225740551583248163e-03 0.000000000000000000e+00 0.000000000000000000e+00 0.000000000000000000e+00 0.000000000000000000e+00 0.000000000000000000e+00 0.000000000000000000e+00 0.000000000000000000e+00 5.025125628140704025e-04 0.000000000000000000e+00 0.000000000000000000e+00 0.000000000000000000e+00 0.000000000000000000e+00 0.000000000000000000e+00 0.000000000000000000e+00 0.000000000000000000e+00 0.000000000000000000e+00 0.000000000000000000e+00 0.000000000000000000e+00 0.000000000000000000e+00 0.000000000000000000e+00 0.000000000000000000e+00 2.416042522348393244e-04 0.000000000000000000e+00 0.000000000000000000e+00 0.000000000000000000e+00 0.000000000000000000e+00 0.000000000000000000e+00 0.000000000000000000e+00 0.000000000000000000e+00 0.000000000000000000e+00 0.000000000000000000e+00 0.000000000000000000e+00 0.000000000000000000e+00 0.000000000000000000e+00
3.433530906011854622e-01 2.116850127011007596e-03 5.292125317527519163e-02 2.540220152413208941e-03 6.350550381033022353e-04 0.000000000000000000e+00 9.758679085520745311e-02 1.291278577476714581e-02 1.905165114309906923e-03 0.000000000000000000e+00 0.000000000000000000e+00 2.865812542144302241e-03 9.504343382728666634e-02 6.102212051868802743e-04 1.282462327669124744e-03 0.000000000000000000e+00 4.547251878212732468e-02 1.051682692307692258e-03 2.435247747747747854e-02 2.545092397919663466e-03 0.000000000000000000e+00 0.000000000000000000e+00 8.451656524678836935e-03 6.335797254487856786e-04 0.000000000000000000e+00 0.000000000000000000e+00 0.000000000000000000e+00 0.000000000000000000e+00 5.073221757322175784e-02 0.000000000000000000e+00 7.249560632688927669e-03 1.258917331095258003e-03 2.667344087387273077e-03 2.117148906139731945e-03 0.000000000000000000e+00 0.000000000000000000e+00 1.256281407035175898e-03 0.000000000000000000e+00 0.000000000000000000e+00 0.000000000000000000e+00 0.000000000000000000e+00 0.000000000000000000e+00 0.000000000000000000e+00 0.000000000000000000e+00 1.839926402943882120e-04 0.000000000000000000e+00 0.000000000000000000e+00 0.000000000000000000e+00 0.000000000000000000e+00 0.000000000000000000e+00 4.151478331308222289e-03 1.025115325474115866e-04 1.072386058981233351e-03 0.000000000000000000e+00 5.252100840336134226e-04 0.000000000000000000e+00 8.453167508744656791e-03 1.088968746596972721e-04 1.268029798700269495e-03 0.000000000000000000e+00 1.920068269094012126e-02 0.000000000000000000e+00 4.322111010009099460e-03 1.988862370723945994e-04 1.182838813151563737e-02 0.000000000000000000e+00 3.827751196172248915e-04 0.000000000000000000e+00 1.281112737920937078e-03 0.000000000000000000e+00 3.209042484084708574e-02 4.851425106124924308e-04 6.619987269255251695e-03 1.762696926297234673e-03 0.000000000000000000e+00 0.000000000000000000e+00 6.107802717972209312e-03 8.334490901514098786e-04 0.000000000000000000e+00 0.000000000000000000e+00 1.706484641638225273e-03 0.000000000000000000e+00 0.000000000000000000e+00 0.000000000000000000e+00 7.945009819675058135e-03 0.000000000000000000e+00 1.108647450110864744e-03 0.000000000000000000e+00 3.157686994276692489e-03 0.000000000000000000e+00 0.000000000000000000e+00 0.000000000000000000e+00 0.000000000000000000e+00 0.000000000000000000e+00 0.000000000000000000e+00 2.096436058700209756e-03 0.000000000000000000e+00 0.000000000000000000e+00 0.000000000000000000e+00 0.000000000000000000e+00 0.000000000000000000e+00 0.000000000000000000e+00 0.000000000000000000e+00 1.208021261174196622e-04 0.000000000000000000e+00 0.000000000000000000e+00 0.000000000000000000e+00 0.000000000000000000e+00 0.000000000000000000e+00 0.000000000000000000e+00 0.000000000000000000e+00 0.000000000000000000e+00 0.000000000000000000e+00 0.000000000000000000e+00 0.000000000000000000e+00 0.000000000000000000e+00
3.034389750505731530e-03 1.706001348617667002e-01 4.551584625758597728e-03 4.855023600809170448e-02 1.685772083614295324e-04 8.428860418071476351e-04 8.428860418071476568e-03 1.146325016857720897e-01 0.000000000000000000e+00 3.877275792312879273e-03 2.865812542144302241e-03 0.000000000000000000e+00 6.813149378300119210e-04 1.784897025171624796e-01 0.000000000000000000e+00 6.062276109120970195e-03 7.908264136022143337e-04 5.784254807692307959e-02 5.067567567567567849e-03 2.047139537457120725e-02 0.000000000000000000e+00 0.000000000000000000e+00 4.901960784313725422e-03 1.351636747624075999e-02 0.000000000000000000e+00 0.000000000000000000e+00 0.000000000000000000e+00 0.000000000000000000e+00 1.220362622036262135e-03 8.716427747569616136e-02 4.833040421792618446e-03 3.776751993285774444e-03 2.032262161818874664e-03 7.964512551668514670e-03 0.000000000000000000e+00 1.230012300123001267e-03 3.140703517587939745e-04 6.063668519454269885e-03 0.000000000000000000e+00 7.541478129713424143e-04 0.000000000000000000e+00 4.651162790697674354e-03 0.000000000000000000e+00 0.000000000000000000e+00 0.000000000000000000e+00 4.641448131817127150e-04 0.000000000000000000e+00 0.000000000000000000e+00 0.000000000000000000e+00 5.623031938821412444e-04 0.000000000000000000e+00 3.587903639159405449e-03 0.000000000000000000e+00 0.000000000000000000e+00 0.000000000000000000e+00 4.803073967339096888e-04 9.716284492809949369e-05 5.989328106283349669e-03 3.170074496750673737e-04 2.198492462311557767e-03 1.422272791921490602e-04 9.981285090455396108e-03 0.000000000000000000e+00 1.372315035799522714e-02 0.000000000000000000e+00 1.140040055461408186e-02 2.870813397129186686e-04 2.269002899281482612e-03 3.660322108345534509e-04 1.325820351342393020e-03 2.598414966870209067e-04 4.718010915706488673e-02 1.145767027371101272e-03 1.839814916822738941e-02 0.000000000000000000e+00 0.000000000000000000e+00 1.374255611543747074e-03 9.862480900125017783e-03 0.000000000000000000e+00 3.030303030303030300e-03 0.000000000000000000e+00 1.593462717058222525e-02 0.000000000000000000e+00 0.000000000000000000e+00 0.000000000000000000e+00 9.806418746816097584e-03 0.000000000000000000e+00 0.000000000000000000e+00 0.000000000000000000e+00 9.882747068676716110e-03 0.000000000000000000e+00 0.000000000000000000e+00 0.000000000000000000e+00 0.000000000000000000e+00 0.000000000000000000e+00 8.385744234800839025e-03 0.000000000000000000e+00 0.000000000000000000e+00 0.000000000000000000e+00 0.000000000000000000e+00 0.000000000000000000e+00 3.432887058015791524e-04 1.040041601664066563e-04 3.624063783522589867e-04 0.000000000000000000e+00 3.099814011159330294e-04 0.000000000000000000e+00 0.000000000000000000e+00 0.000000000000000000e+00 0.000000000000000000e+00 0.000000000000000000e+00 0.000000000000000000e+00 0.000000000000000000e+00 0.000000000000000000e+00 0.000000000000000000e+00 0.000000000000000000e+00
6.659853517288366609e-02 1.703287344575029802e-04 5.671946857434849443e-02 5.620848237097597969e-03 1.873616079032532728e-03 1.703287344575029802e-04 1.710100493953329859e-01 1.021972406745017860e-02 5.620848237097598316e-02 8.516436722875149554e-04 9.504343382728666634e-02 6.813149378300119210e-04 0.000000000000000000e+00 5.491990846681922035e-03 2.494389227316447522e-01 1.653348029760264579e-03 4.151838671411624791e-03 3.004807692307692474e-04 6.193693693693693748e-03 7.745933384972889706e-04 0.000000000000000000e+00 0.000000000000000000e+00 3.228532792427316056e-02 6.335797254487856786e-03 3.322259136212624663e-03 0.000000000000000000e+00 6.218905472636815802e-04 4.244482173174872605e-04 1.588214783821478293e-01 1.482946119624320392e-03 1.318101933216168746e-02 1.405791019723038118e-02 5.080655404547186659e-04 2.117148906139731945e-03 0.000000000000000000e+00 0.000000000000000000e+00 1.256281407035175898e-03 7.579585649317837357e-04 0.000000000000000000e+00 0.000000000000000000e+00 0.000000000000000000e+00 0.000000000000000000e+00 1.885369532428356036e-04 0.000000000000000000e+00 0.000000000000000000e+00 0.000000000000000000e+00 0.000000000000000000e+00 0.000000000000000000e+00 0.000000000000000000e+00 0.000000000000000000e+00 2.936411502632644589e-03 0.000000000000000000e+00 5.361930294906166756e-04 0.000000000000000000e+00 2.626050420168067113e-04 0.000000000000000000e+00 3.983676642052079268e-03 0.000000000000000000e+00 1.109526073862735808e-03 0.000000000000000000e+00 1.052481866021903051e-02 0.000000000000000000e+00 5.686988171064603914e-03 1.988862370723945994e-04 7.016840417000801827e-03 0.000000000000000000e+00 1.052631578947368397e-03 1.260557166267490159e-04 1.647144948755490529e-03 0.000000000000000000e+00 2.195660647005326718e-02 3.638568829593693231e-04 2.164226607256524576e-02 3.635562410488046500e-03 7.209805335255947689e-04 6.747638326585694716e-04 2.611085661933119570e-02 1.527989998610918129e-03 0.000000000000000000e+00 0.000000000000000000e+00 4.436860068259385927e-03 2.042900919305413695e-04 0.000000000000000000e+00 0.000000000000000000e+00 6.873772540617746965e-03 0.000000000000000000e+00 0.000000000000000000e+00 0.000000000000000000e+00 4.144464179988158539e-03 0.000000000000000000e+00 2.725538293813028166e-04 1.977401129943502731e-03 0.000000000000000000e+00 0.000000000000000000e+00 0.000000000000000000e+00 0.000000000000000000e+00 0.000000000000000000e+00 1.291989664082687393e-03 4.192872117400419079e-04 0.000000000000000000e+00 0.000000000000000000e+00 0.000000000000000000e+00 3.120124804992199688e-04 2.416042522348393244e-04 0.000000000000000000e+00 3.099814011159330294e-04 0.000000000000000000e+00 0.000000000000000000e+00 0.000000000000000000e+00 0.000000000000000000e+00 0.000000000000000000e+00 0.000000000000000000e+00 0.000000000000000000e+00 0.000000000000000000e+00 0.000000000000000000e+00 0.000000000000000000e+00
