2.916938399503752888e-01 5.080989856018018891e-01 4.164180733334348350e-01 5.344976387693560760e-01 3.685554732321607574e-01 0.000000000000000000e+00 3.986066197232815966e-01 4.969682211540406569e-01 3.681446301756974848e-01 0.000000000000000000e+00 3.361090340383991459e-01 4.814506836499467535e-01 4.069616055498458396e-01 0.000000000000000000e+00 4.023108927379697164e-01 0.000000000000000000e+00 3.377541410671779931e-01 5.089415870095610472e-01 4.208546746835616359e-01 5.272907478876958098e-01 0.000000000000000000e+00 0.000000000000000000e+00 4.363852640417480444e-01 4.440671183431952329e-01 0.000000000000000000e+00 0.000000000000000000e+00 0.000000000000000000e+00 0.000000000000000000e+00 4.048799603232526856e-01 5.036808952380952276e-01 4.587117435897435924e-01 4.684299508196721473e-01 4.963175747802693882e-01 5.306824369033874556e-01 0.000000000000000000e+00 0.000000000000000000e+00 5.302370886966379926e-01 4.027047058823529646e-01 0.000000000000000000e+00 0.000000000000000000e+00 4.433939791236499728e-01 0.000000000000000000e+00 4.324683163265305996e-01 0.000000000000000000e+00 4.406570715070985966e-01 0.000000000000000000e+00 0.000000000000000000e+00 0.000000000000000000e+00 4.327865039666266567e-01 4.603825813953488777e-01 4.198569893088236471e-01 0.000000000000000000e+00 0.000000000000000000e+00 0.000000000000000000e+00 4.439335917750408811e-01 4.582381455696201700e-01 3.428574868614570614e-01 5.090820238690179078e-01 4.407697180723889607e-01 4.895968750723239671e-01 4.161436750228146297e-01 4.519540081967213241e-01 3.956176168135037696e-01 0.000000000000000000e+00 4.208651210305836554e-01 0.000000000000000000e+00 4.378151322559616920e-01 5.025002222828205412e-01 3.501282351593548725e-01 5.022023732690743536e-01 3.901080035273784552e-01 0.000000000000000000e+00 4.038871958588132194e-01 0.000000000000000000e+00 4.275387400209659794e-01 0.000000000000000000e+00 4.067976063357657823e-01 4.460320652409046072e-01 4.398496478873238913e-01 0.000000000000000000e+00 4.281308059260145460e-01 0.000000000000000000e+00 0.000000000000000000e+00 0.000000000000000000e+00 4.528786866116292775e-01 0.000000000000000000e+00 0.000000000000000000e+00 0.000000000000000000e+00 4.574334423558018003e-01 0.000000000000000000e+00 4.436352439941316783e-01 4.955436932994542465e-01 0.000000000000000000e+00 0.000000000000000000e+00 4.776539479634739349e-01 0.000000000000000000e+00 0.000000000000000000e+00 0.000000000000000000e+00 0.000000000000000000e+00 5.180173966942148711e-01 0.000000000000000000e+00 0.000000000000000000e+00 4.270534857283506125e-01 4.819903333333333539e-01 0.000000000000000000e+00 0.000000000000000000e+00 4.525672038834951394e-01 0.000000000000000000e+00 0.000000000000000000e+00 0.000000000000000000e+00 0.000000000000000000e+00 0.000000000000000000e+00 0.000000000000000000e+00 0.000000000000000000e+00 0.000000000000000000e+00 0.000000000000000000e+00
5.080989856018018891e-01 2.702983948103515055e-01 5.192283656935057223e-01 4.167159557216187915e-01 0.000000000000000000e+00 3.560914374368048252e-01 4.961391047465173454e-01 3.083493624053295634e-01 0.000000000000000000e+00 3.823483231713670216e-01 0.000000000000000000e+00 3.766927310701794207e-01 0.000000000000000000e+00 4.065999202601288109e-01 0.000000000000000000e+00 3.807807341946402024e-01 5.002874485202493116e-01 3.312286698045781574e-01 5.279662200898987967e-01 3.441330282489805659e-01 0.000000000000000000e+00 0.000000000000000000e+00 0.000000000000000000e+00 0.000000000000000000e+00 0.000000000000000000e+00 0.000000000000000000e+00 0.000000000000000000e+00 4.000558685726477437e-01 5.289174651162791285e-01 4.076871141081909733e-01 0.000000000000000000e+00 4.036090526315789795e-01 5.174141683136582737e-01 4.931231904081447293e-01 0.000000000000000000e+00 0.000000000000000000e+00 0.000000000000000000e+00 5.116008472041466693e-01 0.000000000000000000e+00 5.161264799999999431e-01 0.000000000000000000e+00 0.000000000000000000e+00 0.000000000000000000e+00 3.912420000000000342e-01 0.000000000000000000e+00 4.081666035723475749e-01 0.000000000000000000e+00 0.000000000000000000e+00 0.000000000000000000e+00 4.111645284603629991e-01 0.000000000000000000e+00 3.920581770129257237e-01 0.000000000000000000e+00 3.984077847039584341e-01 0.000000000000000000e+00 4.062539828065556136e-01 4.960040312932815776e-01 3.006825845852302836e-01 5.159608966386554085e-01 4.196049644388605837e-01 5.281515267175572736e-01 4.061659366415180661e-01 0.000000000000000000e+00 3.972013805725436719e-01 0.000000000000000000e+00 3.962216879283729232e-01 4.922051749848069258e-01 4.210168503330307677e-01 5.272452481939330360e-01 3.568397694537061016e-01 0.000000000000000000e+00 3.716438744676455741e-01 4.853529428571428661e-01 3.987948658130147650e-01 0.000000000000000000e+00 4.173853249296237689e-01 0.000000000000000000e+00 4.154775463855773787e-01 0.000000000000000000e+00 0.000000000000000000e+00 0.000000000000000000e+00 4.417521665697941025e-01 0.000000000000000000e+00 0.000000000000000000e+00 4.863975306122449438e-01 4.370599765469689313e-01 0.000000000000000000e+00 0.000000000000000000e+00 0.000000000000000000e+00 4.317519703875128401e-01 4.721414583539760845e-01 4.745139540634251141e-01 0.000000000000000000e+00 3.914264460431654546e-01 4.839654871346759646e-01 0.000000000000000000e+00 5.093702839847068509e-01 0.000000000000000000e+00 4.444886919438720829e-01 4.816140851842480308e-01 0.000000000000000000e+00 0.000000000000000000e+00 4.660630806311478747e-01 4.501705046518331699e-01 4.568424177631579264e-01 4.911857605448887720e-01 4.861393549505135803e-01 0.000000000000000000e+00 0.000000000000000000e+00 0.000000000000000000e+00 0.000000000000000000e+00 0.000000000000000000e+00 0.000000000000000000e+00 0.000000000000000000e+00 0.000000000000000000e+00 0.000000000000000000e+00
4.164180733334348350e-01 5.192283656935057223e-01 2.925192919785509771e-01 4.679590684152245550e-01 2.194620839602132722e-01 4.206477942800168068e-01 3.738562482853235447e-01 4.696790304803196703e-01 3.327550086909610294e-01 4.544364772590361867e-01 4.049039019187513633e-01 4.689098696394078947e-01 3.789715373923908115e-01 4.482462938065643887e-01 3.680073368838402414e-01 4.435134787447586602e-01 4.228531295084121955e-01 0.000000000000000000e+00 3.490547999026653581e-01 5.179642911942435868e-01 4.079283085028748701e-01 0.000000000000000000e+00 2.806990219966556954e-01 4.599645127108839548e-01 1.931443117271601229e-01 4.465908349623416984e-01 2.736929249793995100e-01 4.188055988013698050e-01 4.038962756524059894e-01 0.000000000000000000e+00 3.971254453943510176e-01 4.582542259074781632e-01 4.195540665236804911e-01 4.926703087669316306e-01 4.395535377358490425e-01 4.573413589743590690e-01 4.349085946495031552e-01 0.000000000000000000e+00 0.000000000000000000e+00 0.000000000000000000e+00 0.000000000000000000e+00 0.000000000000000000e+00 4.553461866666667079e-01 0.000000000000000000e+00 0.000000000000000000e+00 0.000000000000000000e+00 0.000000000000000000e+00 0.000000000000000000e+00 4.635104821226833094e-01 0.000000000000000000e+00 4.533922848784977533e-01 0.000000000000000000e+00 0.000000000000000000e+00 0.000000000000000000e+00 4.768039642375168641e-01 0.000000000000000000e+00 4.250745784253754933e-01 0.000000000000000000e+00 4.447472615203251767e-01 0.000000000000000000e+00 4.201355992977563458e-01 4.533992348993288179e-01 3.924828373679637994e-01 0.000000000000000000e+00 4.217707575679136567e-01 0.000000000000000000e+00 4.526935717523040137e-01 4.713736216013824643e-01 4.182359395382267975e-01 0.000000000000000000e+00 3.568803515790962000e-01 0.000000000000000000e+00 3.874185473166381066e-01 4.850323201564464282e-01 3.595828969001126363e-01 0.000000000000000000e+00 4.106173331548002015e-01 4.661211142857142886e-01 0.000000000000000000e+00 0.000000000000000000e+00 4.248800418363152254e-01 0.000000000000000000e+00 0.000000000000000000e+00 0.000000000000000000e+00 4.245778319876805096e-01 0.000000000000000000e+00 0.000000000000000000e+00 0.000000000000000000e+00 4.356846488381024285e-01 0.000000000000000000e+00 4.256372121321373991e-01 4.020775946308725035e-01 0.000000000000000000e+00 0.000000000000000000e+00 4.417505971521074049e-01 0.000000000000000000e+00 0.000000000000000000e+00 0.000000000000000000e+00 0.000000000000000000e+00 0.000000000000000000e+00 0.000000000000000000e+00 0.000000000000000000e+00 4.158856004510423365e-01 4.508787249957482701e-01 0.000000000000000000e+00 0.000000000000000000e+00 4.363129504132231551e-01 0.000000000000000000e+00 0.000000000000000000e+00 0.000000000000000000e+00 0.000000000000000000e+00 0.000000000000000000e+00 0.000000000000000000e+00 0.000000000000000000e+00 0.000000000000000000e+00 0.000000000000000000e+00
5.344976387693560760e-01 4.167159557216187915e-01 4.679590684152245550e-01 2.695370851351832076e-01 4.732359496310787339e-01 2.094788607976204309e-01 4.756147189770193462e-01 3.519512388272847958e-01 4.485307684210526058e-01 3.359547458818888388e-01 4.664989557281797872e-01 4.101240910104917980e-01 4.643542300242178289e-01 3.687152440310212387e-01 0.000000000000000000e+00 3.448736004610663541e-01 5.045660198667262231e-01 4.168764434616372694e-01 5.133440704928545761e-01 3.210065917982659056e-01 0.000000000000000000e+00 0.000000000000000000e+00 4.608937303056915846e-01 2.732035013497594034e-01 0.000000000000000000e+00 1.439948605072509102e-01 0.000000000000000000e+00 2.497329045056349006e-01 5.270332307692308094e-01 3.856447085045884293e-01 4.219954169514916753e-01 3.372218530284533666e-01 5.147289918192319291e-01 4.172645824155067351e-01 4.720062782608695495e-01 4.742065074034879646e-01 0.000000000000000000e+00 4.597825915930487395e-01 0.000000000000000000e+00 4.597379043478260763e-01 0.000000000000000000e+00 0.000000000000000000e+00 0.000000000000000000e+00 4.737641481481480454e-01 0.000000000000000000e+00 4.584864405012399335e-01 0.000000000000000000e+00 0.000000000000000000e+00 0.000000000000000000e+00 4.489713448673171015e-01 0.000000000000000000e+00 4.500765997038340127e-01 0.000000000000000000e+00 4.369465897435897417e-01 0.000000000000000000e+00 0.000000000000000000e+00 5.072641884779516275e-01 4.270190444433767940e-01 5.189175922593787238e-01 4.456475068616290724e-01 0.000000000000000000e+00 4.483123566863793652e-01 0.000000000000000000e+00 4.027624452130733057e-01 0.000000000000000000e+00 4.689519371377603996e-01 4.971985850654888073e-01 4.534430800677701212e-01 5.470188720568619489e-01 3.989225855418309652e-01 0.000000000000000000e+00 3.918095040267500218e-01 4.462720288275193736e-01 3.824580865820113029e-01 0.000000000000000000e+00 3.597525315351923769e-01 4.232580000000000231e-01 4.158486889090834415e-01 0.000000000000000000e+00 0.000000000000000000e+00 0.000000000000000000e+00 4.133678412159494941e-01 0.000000000000000000e+00 0.000000000000000000e+00 4.890031140401839838e-01 4.315126282045954054e-01 0.000000000000000000e+00 0.000000000000000000e+00 0.000000000000000000e+00 4.208148643867451466e-01 4.330362707715360027e-01 4.246044119141451634e-01 0.000000000000000000e+00 0.000000000000000000e+00 4.652428942567606307e-01 0.000000000000000000e+00 4.296288504779535167e-01 0.000000000000000000e+00 4.721433462862221764e-01 0.000000000000000000e+00 0.000000000000000000e+00 0.000000000000000000e+00 4.607925345513737558e-01 4.210217195834351500e-01 0.000000000000000000e+00 4.488035865298729554e-01 4.305907948717948019e-01 0.000000000000000000e+00 0.000000000000000000e+00 0.000000000000000000e+00 0.000000000000000000e+00 0.000000000000000000e+00 0.000000000000000000e+00 0.000000000000000000e+00 0.000000000000000000e+00 0.000000000000000000e+00
3.685554732321607574e-01 0.000000000000000000e+00 2.194620839602132722e-01 4.732359496310787339e-01 2.412373614330852734e-01 4.145199941541017341e-01 3.134726797473431636e-01 0.000000000000000000e+00 2.697552188823833519e-01 3.964598243243243059e-01 3.737697272727272257e-01 0.000000000000000000e+00 3.536843713200735762e-01 0.000000000000000000e+00 3.066806817814657360e-01 4.106551184210526229e-01 0.000000000000000000e+00 0.000000000000000000e+00 4.028777193459760486e-01 4.725934923076923200e-01 4.464379242593525254e-01 4.590304761904762665e-01 2.475920914145627594e-01 4.518595628884662929e-01 2.517113128413955847e-01 4.439168510638297760e-01 2.915051517437489692e-01 0.000000000000000000e+00 3.259946980263158101e-01 0.000000000000000000e+00 3.848289692999010692e-01 3.950264616821762553e-01 4.846231978021978692e-01 4.700948735708735393e-01 0.000000000000000000e+00 0.000000000000000000e+00 0.000000000000000000e+00 0.000000000000000000e+00 0.000000000000000000e+00 0.000000000000000000e+00 0.000000000000000000e+00 0.000000000000000000e+00 4.636201928571428987e-01 0.000000000000000000e+00 0.000000000000000000e+00 0.000000000000000000e+00 4.457779391304347860e-01 0.000000000000000000e+00 4.474192009697496308e-01 0.000000000000000000e+00 4.159730413202527011e-01 0.000000000000000000e+00 4.455940560000000161e-01 0.000000000000000000e+00 0.000000000000000000e+00 0.000000000000000000e+00 4.150574892237268720e-01 0.000000000000000000e+00 0.000000000000000000e+00 0.000000000000000000e+00 4.221389591961555166e-01 0.000000000000000000e+00 0.000000000000000000e+00 0.000000000000000000e+00 0.000000000000000000e+00 0.000000000000000000e+00 4.254096069734595309e-01 0.000000000000000000e+00 0.000000000000000000e+00 0.000000000000000000e+00 3.638446905574049817e-01 0.000000000000000000e+00 3.551544937278953151e-01 4.135065953846153719e-01 3.217149849367413883e-01 0.000000000000000000e+00 3.505639446424209660e-01 0.000000000000000000e+00 0.000000000000000000e+00 0.000000000000000000e+00 4.451783559322033956e-01 0.000000000000000000e+00 0.000000000000000000e+00 0.000000000000000000e+00 4.281634946141219533e-01 0.000000000000000000e+00 3.764090000000000491e-01 0.000000000000000000e+00 4.067057360759493978e-01 0.000000000000000000e+00 0.000000000000000000e+00 0.000000000000000000e+00 0.000000000000000000e+00 0.000000000000000000e+00 3.981713324027578160e-01 0.000000000000000000e+00 0.000000000000000000e+00 0.000000000000000000e+00 0.000000000000000000e+00 0.000000000000000000e+00 0.000000000000000000e+00 0.000000000000000000e+00 0.000000000000000000e+00 0.000000000000000000e+00 0.000000000000000000e+00 0.000000000000000000e+00 0.000000000000000000e+00 0.000000000000000000e+00 0.000000000000000000e+00 0.000000000000000000e+00 0.000000000000000000e+00 0.000000000000000000e+00 0.000000000000000000e+00 0.000000000000000000e+00 0.000000000000000000e+00 0.000000000000000000e+00
0.000000000000000000e+00 3.560914374368048252e-01 4.206477942800168068e-01 2.094788607976204309e-01 4.145199941541017341e-01 1.998039879532010621e-01 0.000000000000000000e+00 3.132947099494232668e-01 0.000000000000000000e+00 3.000497729235737654e-01 0.000000000000000000e+00 3.148731337868480584e-01 0.000000000000000000e+00 3.315868084893465739e-01 0.000000000000000000e+00 2.982932236304865481e-01 0.000000000000000000e+00 3.394120527210884308e-01 0.000000000000000000e+00 3.829846840606748737e-01 0.000000000000000000e+00 4.052251062291435391e-01 4.300097173252985794e-01 2.737436974681501378e-01 4.057052771084338483e-01 2.013902709411163339e-01 4.495041036391145273e-01 2.500830570946837028e-01 0.000000000000000000e+00 3.472920914685393434e-01 4.083051799793959713e-01 3.308994251343119752e-01 4.233870000000000688e-01 3.818140600027263853e-01 0.000000000000000000e+00 0.000000000000000000e+00 0.000000000000000000e+00 0.000000000000000000e+00 0.000000000000000000e+00 4.840056999999999832e-01 0.000000000000000000e+00 0.000000000000000000e+00 0.000000000000000000e+00 0.000000000000000000e+00 0.000000000000000000e+00 0.000000000000000000e+00 0.000000000000000000e+00 4.679296497846117120e-01 0.000000000000000000e+00 0.000000000000000000e+00 0.000000000000000000e+00 4.662647525773195301e-01 0.000000000000000000e+00 4.403626760001538853e-01 0.000000000000000000e+00 0.000000000000000000e+00 0.000000000000000000e+00 4.251510229007633423e-01 0.000000000000000000e+00 0.000000000000000000e+00 0.000000000000000000e+00 0.000000000000000000e+00 0.000000000000000000e+00 0.000000000000000000e+00 0.000000000000000000e+00 0.000000000000000000e+00 0.000000000000000000e+00 0.000000000000000000e+00 0.000000000000000000e+00 0.000000000000000000e+00 0.000000000000000000e+00 3.833988885616683717e-01 0.000000000000000000e+00 3.440725523552389253e-01 0.000000000000000000e+00 3.505629452666615409e-01 0.000000000000000000e+00 3.568947798415684214e-01 0.000000000000000000e+00 0.000000000000000000e+00 0.000000000000000000e+00 3.957120041031227942e-01 0.000000000000000000e+00 0.000000000000000000e+00 0.000000000000000000e+00 3.868293324621484564e-01 0.000000000000000000e+00 0.000000000000000000e+00 0.000000000000000000e+00 4.042709727555053867e-01 0.000000000000000000e+00 0.000000000000000000e+00 0.000000000000000000e+00 0.000000000000000000e+00 0.000000000000000000e+00 0.000000000000000000e+00 0.000000000000000000e+00 0.000000000000000000e+00 0.000000000000000000e+00 0.000000000000000000e+00 0.000000000000000000e+00 0.000000000000000000e+00 0.000000000000000000e+00 0.000000000000000000e+00 0.000000000000000000e+00 0.000000000000000000e+00 0.000000000000000000e+00 0.000000000000000000e+00 0.000000000000000000e+00 0.000000000000000000e+00 0.000000000000000000e+00 0.000000000000000000e+00 0.000000000000000000e+00 0.000000000000000000e+00 0.000000000000000000e+00 0.000000000000000000e+00
3.986066197232815966e-01 4.961391047465173454e-01 3.738562482853235447e-01 4.756147189770193462e-01 3.134726797473431636e-01 0.000000000000000000e+00 2.928368611257893273e-01 4.759323195118520533e-01 3.221615642152789727e-01 0.000000000000000000e+00 3.912480075301661975e-01 4.804462532434201072e-01 3.088745244301069892e-01 4.691659581011459190e-01 3.579267148008724031e-01 4.442718783783783931e-01 4.121761553965962999e-01 5.212035368421051862e-01 4.094606737665869578e-01 5.103659923807469800e-01 0.000000000000000000e+00 0.000000000000000000e+00 3.847531067767758772e-01 4.701319785054786093e-01 0.000000000000000000e+00 0.000000000000000000e+00 0.000000000000000000e+00 0.000000000000000000e+00 3.744015609497345909e-01 4.960026757066463010e-01 3.976776952713888535e-01 4.699844914485549752e-01 4.452041042551947991e-01 4.953843462362239047e-01 4.205672872340425195e-01 0.000000000000000000e+00 4.479329899652778058e-01 0.000000000000000000e+00 0.000000000000000000e+00 0.000000000000000000e+00 4.160427446808510621e-01 0.000000000000000000e+00 4.291481739130434403e-01 0.000000000000000000e+00 0.000000000000000000e+00 0.000000000000000000e+00 0.000000000000000000e+00 0.000000000000000000e+00 4.325037192982456591e-01 0.000000000000000000e+00 4.060444874433372098e-01 4.528696967741935309e-01 0.000000000000000000e+00 0.000000000000000000e+00 4.312407222222222059e-01 0.000000000000000000e+00 4.187021060599420696e-01 0.000000000000000000e+00 4.283449144947889531e-01 4.762891832623897814e-01 4.121237759310037996e-01 0.000000000000000000e+00 3.933295575238415775e-01 0.000000000000000000e+00 4.023829252679201329e-01 0.000000000000000000e+00 4.583529966942394007e-01 4.394442992125983105e-01 4.418423259028749772e-01 0.000000000000000000e+00 3.300122651285796738e-01 0.000000000000000000e+00 3.656631229366605895e-01 4.690469014711063922e-01 3.449761234906009721e-01 0.000000000000000000e+00 3.870793251414918479e-01 4.771506143727404781e-01 0.000000000000000000e+00 0.000000000000000000e+00 4.154510247269316281e-01 0.000000000000000000e+00 0.000000000000000000e+00 0.000000000000000000e+00 4.336700569336044420e-01 0.000000000000000000e+00 0.000000000000000000e+00 0.000000000000000000e+00 4.496520921980749486e-01 0.000000000000000000e+00 4.102212422788492074e-01 0.000000000000000000e+00 3.800791608391608234e-01 4.018387803030303296e-01 4.253718361960343031e-01 0.000000000000000000e+00 0.000000000000000000e+00 0.000000000000000000e+00 0.000000000000000000e+00 0.000000000000000000e+00 0.000000000000000000e+00 0.000000000000000000e+00 4.103791907925408711e-01 0.000000000000000000e+00 3.691628499999999868e-01 0.000000000000000000e+00 0.000000000000000000e+00 0.000000000000000000e+00 0.000000000000000000e+00 0.000000000000000000e+00 0.000000000000000000e+00 0.000000000000000000e+00 0.000000000000000000e+00 0.000000000000000000e+00 0.000000000000000000e+00 0.000000000000000000e+00
4.969682211540406569e-01 3.083493624053295634e-01 4.696790304803196703e-01 3.519512388272847958e-01 0.000000000000000000e+00 3.132947099494232668e-01 4.759323195118520533e-01 2.479775777607790832e-01 0.000000000000000000e+00 2.595147319363009797e-01 4.709538896780303130e-01 2.950797900534598006e-01 4.413983967696629152e-01 2.548734730545824667e-01 0.000000000000000000e+00 2.901402288872987900e-01 4.659195420289855560e-01 4.046489998124888632e-01 5.016888762564741810e-01 4.208542372428896727e-01 0.000000000000000000e+00 0.000000000000000000e+00 4.551611294698793553e-01 3.811668549553142715e-01 0.000000000000000000e+00 3.103726960520047373e-01 0.000000000000000000e+00 3.385091666666666388e-01 0.000000000000000000e+00 3.609182698954178092e-01 4.150072696774264047e-01 3.856081459182387761e-01 4.883735664123358133e-01 4.016611615883393105e-01 0.000000000000000000e+00 0.000000000000000000e+00 0.000000000000000000e+00 4.303403184079602206e-01 0.000000000000000000e+00 0.000000000000000000e+00 0.000000000000000000e+00 0.000000000000000000e+00 0.000000000000000000e+00 3.995240227199825522e-01 0.000000000000000000e+00 4.019720722794076773e-01 0.000000000000000000e+00 0.000000000000000000e+00 0.000000000000000000e+00 3.977707223520056679e-01 0.000000000000000000e+00 3.870698006627478760e-01 0.000000000000000000e+00 3.881075320529746020e-01 0.000000000000000000e+00 3.892155197920258436e-01 0.000000000000000000e+00 3.901970697401415111e-01 4.867193909774435445e-01 4.078512115798089144e-01 0.000000000000000000e+00 3.831843873643165366e-01 0.000000000000000000e+00 3.757060421041147902e-01 0.000000000000000000e+00 3.834816015856183924e-01 4.831521703015487779e-01 4.454669061851875833e-01 4.899918091148293131e-01 4.084010670463394388e-01 0.000000000000000000e+00 3.466630989603399216e-01 4.718407850401607484e-01 3.643833097855241343e-01 0.000000000000000000e+00 3.528483249379136821e-01 4.611896926303968858e-01 3.939083382350197504e-01 0.000000000000000000e+00 0.000000000000000000e+00 4.526667727272727371e-01 4.178209027054512470e-01 0.000000000000000000e+00 0.000000000000000000e+00 4.790026747368421045e-01 4.169224986557313328e-01 0.000000000000000000e+00 4.201137928571428426e-01 4.504144623655914059e-01 4.093749136038008496e-01 4.170167459324155557e-01 0.000000000000000000e+00 0.000000000000000000e+00 3.822061417910447845e-01 4.659307415841584810e-01 0.000000000000000000e+00 0.000000000000000000e+00 0.000000000000000000e+00 0.000000000000000000e+00 4.196117441860465758e-01 0.000000000000000000e+00 0.000000000000000000e+00 4.177582184081517491e-01 4.149438987512895083e-01 0.000000000000000000e+00 4.167559554356428664e-01 0.000000000000000000e+00 0.000000000000000000e+00 0.000000000000000000e+00 0.000000000000000000e+00 0.000000000000000000e+00 0.000000000000000000e+00 0.000000000000000000e+00 0.000000000000000000e+00 0.000000000000000000e+00 0.000000000000000000e+00
3.681446301756974848e-01 0.000000000000000000e+00 3.327550086909610294e-01 4.485307684210526058e-01 2.697552188823833519e-01 0.000000000000000000e+00 3.221615642152789727e-01 0.000000000000000000e+00 2.779305266729913959e-01 0.000000000000000000e+00 3.675304020137748484e-01 0.000000000000000000e+00 2.842277393467225743e-01 0.000000000000000000e+00 2.724652575935763155e-01 0.000000000000000000e+00 4.224654714105529063e-01 0.000000000000000000e+00 3.560388539325842761e-01 0.000000000000000000e+00 4.516014156764399101e-01 0.000000000000000000e+00 3.809770254703022663e-01 0.000000000000000000e+00 0.000000000000000000e+00 0.000000000000000000e+00 3.354758214635579772e-01 0.000000000000000000e+00 3.960778777391438243e-01 0.000000000000000000e+00 3.464604687500000280e-01 0.000000000000000000e+00 0.000000000000000000e+00 0.000000000000000000e+00 0.000000000000000000e+00 0.000000000000000000e+00 3.768619719626167819e-01 0.000000000000000000e+00 0.000000000000000000e+00 0.000000000000000000e+00 0.000000000000000000e+00 0.000000000000000000e+00 0.000000000000000000e+00 0.000000000000000000e+00 0.000000000000000000e+00 0.000000000000000000e+00 0.000000000000000000e+00 0.000000000000000000e+00 0.000000000000000000e+00 0.000000000000000000e+00 0.000000000000000000e+00 0.000000000000000000e+00 0.000000000000000000e+00 0.000000000000000000e+00 0.000000000000000000e+00 0.000000000000000000e+00 4.225680413708960970e-01 0.000000000000000000e+00 4.558723280000000488e-01 0.000000000000000000e+00 3.825745809506263528e-01 0.000000000000000000e+00 3.895727790486725461e-01 0.000000000000000000e+00 0.000000000000000000e+00 0.000000000000000000e+00 4.092984531250000169e-01 0.000000000000000000e+00 4.463251185185184156e-01 0.000000000000000000e+00 3.311306009496537972e-01 0.000000000000000000e+00 3.465439212986554662e-01 0.000000000000000000e+00 3.431653513513512888e-01 0.000000000000000000e+00 3.656004559045302749e-01 0.000000000000000000e+00 0.000000000000000000e+00 0.000000000000000000e+00 0.000000000000000000e+00 0.000000000000000000e+00 0.000000000000000000e+00 0.000000000000000000e+00 4.246802801176710607e-01 0.000000000000000000e+00 0.000000000000000000e+00 0.000000000000000000e+00 4.597956710526316937e-01 0.000000000000000000e+00 0.000000000000000000e+00 0.000000000000000000e+00 0.000000000000000000e+00 0.000000000000000000e+00 3.743343863636363622e-01 0.000000000000000000e+00 0.000000000000000000e+00 0.000000000000000000e+00 0.000000000000000000e+00 0.000000000000000000e+00 0.000000000000000000e+00 0.000000000000000000e+00 0.000000000000000000e+00 0.000000000000000000e+00 0.000000000000000000e+00 0.000000000000000000e+00 4.094570545454545574e-01 0.000000000000000000e+00 0.000000000000000000e+00 0.000000000000000000e+00 0.000000000000000000e+00 0.000000000000000000e+00 0.000000000000000000e+00 0.000000000000000000e+00 0.000000000000000000e+00 0.000000000000000000e+00
0.000000000000000000e+00 3.823483231713670216e-01 4.544364772590361867e-01 3.359547458818888388e-01 3.964598243243243059e-01 3.000497729235737654e-01 0.000000000000000000e+00 2.595147319363009797e-01 0.000000000000000000e+00 2.429912564184769364e-01 0.000000000000000000e+00 4.058189073359073085e-01 0.000000000000000000e+00 3.829651348751687001e-01 0.000000000000000000e+00 2.915849788964376410e-01 0.000000000000000000e+00 0.000000000000000000e+00 0.000000000000000000e+00 3.733916119402985179e-01 0.000000000000000000e+00 4.133150555555554773e-01 4.490891398380949529e-01 0.000000000000000000e+00 4.420937872340425234e-01 3.152427329919361698e-01 0.000000000000000000e+00 3.625119154382203668e-01 0.000000000000000000e+00 3.951934503134586496e-01 4.314499765948633936e-01 4.052985588235293868e-01 0.000000000000000000e+00 3.195749268292683021e-01 0.000000000000000000e+00 0.000000000000000000e+00 0.000000000000000000e+00 0.000000000000000000e+00 0.000000000000000000e+00 0.000000000000000000e+00 0.000000000000000000e+00 0.000000000000000000e+00 0.000000000000000000e+00 0.000000000000000000e+00 0.000000000000000000e+00 0.000000000000000000e+00 0.000000000000000000e+00 0.000000000000000000e+00 0.000000000000000000e+00 0.000000000000000000e+00 0.000000000000000000e+00 0.000000000000000000e+00 0.000000000000000000e+00 0.000000000000000000e+00 0.000000000000000000e+00 0.000000000000000000e+00 0.000000000000000000e+00 4.043293679999999668e-01 0.000000000000000000e+00 4.090748496240600995e-01 0.000000000000000000e+00 0.000000000000000000e+00 0.000000000000000000e+00 0.000000000000000000e+00 0.000000000000000000e+00 0.000000000000000000e+00 0.000000000000000000e+00 0.000000000000000000e+00 0.000000000000000000e+00 0.000000000000000000e+00 0.000000000000000000e+00 3.097852572222222767e-01 0.000000000000000000e+00 3.653700064562385164e-01 0.000000000000000000e+00 3.447885342163715672e-01 0.000000000000000000e+00 3.645139557682245957e-01 0.000000000000000000e+00 0.000000000000000000e+00 0.000000000000000000e+00 0.000000000000000000e+00 0.000000000000000000e+00 0.000000000000000000e+00 0.000000000000000000e+00 0.000000000000000000e+00 0.000000000000000000e+00 0.000000000000000000e+00 0.000000000000000000e+00 0.000000000000000000e+00 0.000000000000000000e+00 0.000000000000000000e+00 0.000000000000000000e+00 0.000000000000000000e+00 0.000000000000000000e+00 0.000000000000000000e+00 0.000000000000000000e+00 0.000000000000000000e+00 0.000000000000000000e+00 0.000000000000000000e+00 0.000000000000000000e+00 0.000000000000000000e+00 0.000000000000000000e+00 0.000000000000000000e+00 0.000000000000000000e+00 0.000000000000000000e+00 0.000000000000000000e+00 0.000000000000000000e+00 0.000000000000000000e+00 0.000000000000000000e+00 0.000000000000000000e+00 0.000000000000000000e+00 0.000000000000000000e+00 0.000000000000000000e+00 0.000000000000000000e+00 0.000000000000000000e+00
3.361090340383991459e-01 0.000000000000000000e+00 4.049039019187513633e-01 4.664989557281797872e-01 3.737697272727272257e-01 0.000000000000000000e+00 3.912480075301661975e-01 4.709538896780303130e-01 3.675304020137748484e-01 0.000000000000000000e+00 2.694775667509516359e-01 5.018015487804877717e-01 3.222945138490712624e-01 4.232483236559139717e-01 3.718837826480894670e-01 0.000000000000000000e+00 3.341414684066602581e-01 0.000000000000000000e+00 4.155138207471035794e-01 4.827490990853872677e-01 0.000000000000000000e+00 0.000000000000000000e+00 4.012662206155305777e-01 4.348683986013986424e-01 0.000000000000000000e+00 0.000000000000000000e+00 0.000000000000000000e+00 0.000000000000000000e+00 3.958810663015240872e-01 0.000000000000000000e+00 3.954231890437878705e-01 4.484873599864174776e-01 4.412407037311084079e-01 4.873619247470420968e-01 0.000000000000000000e+00 0.000000000000000000e+00 0.000000000000000000e+00 0.000000000000000000e+00 0.000000000000000000e+00 0.000000000000000000e+00 0.000000000000000000e+00 0.000000000000000000e+00 0.000000000000000000e+00 0.000000000000000000e+00 0.000000000000000000e+00 0.000000000000000000e+00 4.253758121827411198e-01 0.000000000000000000e+00 0.000000000000000000e+00 0.000000000000000000e+00 4.208799209746775238e-01 0.000000000000000000e+00 0.000000000000000000e+00 0.000000000000000000e+00 0.000000000000000000e+00 0.000000000000000000e+00 3.977953695879997698e-01 0.000000000000000000e+00 4.547826300918534903e-01 0.000000000000000000e+00 4.436875240495191663e-01 0.000000000000000000e+00 4.228762250061018357e-01 0.000000000000000000e+00 4.317477594321859624e-01 0.000000000000000000e+00 4.585238920461984780e-01 0.000000000000000000e+00 4.011797007567567408e-01 0.000000000000000000e+00 0.000000000000000000e+00 0.000000000000000000e+00 4.078413523007449748e-01 0.000000000000000000e+00 3.890282302006451420e-01 0.000000000000000000e+00 4.316222464474740450e-01 0.000000000000000000e+00 0.000000000000000000e+00 0.000000000000000000e+00 4.311736865745146585e-01 0.000000000000000000e+00 0.000000000000000000e+00 0.000000000000000000e+00 4.460829173105460566e-01 0.000000000000000000e+00 0.000000000000000000e+00 0.000000000000000000e+00 4.693711270218462461e-01 0.000000000000000000e+00 0.000000000000000000e+00 0.000000000000000000e+00 0.000000000000000000e+00 0.000000000000000000e+00 0.000000000000000000e+00 0.000000000000000000e+00 0.000000000000000000e+00 0.000000000000000000e+00 0.000000000000000000e+00 0.000000000000000000e+00 0.000000000000000000e+00 0.000000000000000000e+00 0.000000000000000000e+00 0.000000000000000000e+00 0.000000000000000000e+00 0.000000000000000000e+00 0.000000000000000000e+00 0.000000000000000000e+00 0.000000000000000000e+00 0.000000000000000000e+00 0.000000000000000000e+00 0.000000000000000000e+00 0.000000000000000000e+00 0.000000000000000000e+00 0.000000000000000000e+00 0.000000000000000000e+00
4.814506836499467535e-01 3.766927310701794207e-01 4.689098696394078947e-01 4.101240910104917980e-01 0.000000000000000000e+00 3.148731337868480584e-01 4.804462532434201072e-01 2.950797900534598006e-01 0.000000000000000000e+00 4.058189073359073085e-01 5.018015487804877717e-01 3.018573327154715491e-01 0.000000000000000000e+00 2.668491482883231236e-01 0.000000000000000000e+00 3.571875793780461272e-01 0.000000000000000000e+00 4.167885946219491156e-01 4.789505212480865137e-01 4.298207718803901956e-01 0.000000000000000000e+00 0.000000000000000000e+00 0.000000000000000000e+00 4.127384526745044857e-01 0.000000000000000000e+00 0.000000000000000000e+00 0.000000000000000000e+00 0.000000000000000000e+00 4.923879285714286014e-01 4.210793624530451695e-01 4.436478203511395324e-01 3.827126000000000694e-01 4.567833741790374158e-01 4.178910545990487946e-01 0.000000000000000000e+00 4.505170569047619034e-01 0.000000000000000000e+00 4.209744366174921204e-01 0.000000000000000000e+00 0.000000000000000000e+00 0.000000000000000000e+00 0.000000000000000000e+00 0.000000000000000000e+00 0.000000000000000000e+00 0.000000000000000000e+00 4.694721249999999624e-01 0.000000000000000000e+00 0.000000000000000000e+00 0.000000000000000000e+00 4.194874957264956850e-01 0.000000000000000000e+00 3.865814874254186462e-01 0.000000000000000000e+00 4.076390681818181649e-01 0.000000000000000000e+00 0.000000000000000000e+00 0.000000000000000000e+00 4.123886583646685366e-01 0.000000000000000000e+00 4.448918168223344738e-01 0.000000000000000000e+00 4.190852831999892225e-01 0.000000000000000000e+00 4.090145699582917183e-01 0.000000000000000000e+00 4.147939664054525744e-01 5.006548941176470757e-01 4.463223404068110134e-01 0.000000000000000000e+00 4.504465880341880779e-01 0.000000000000000000e+00 3.945979678932821089e-01 4.634470000000001089e-01 3.897948322361989848e-01 0.000000000000000000e+00 3.488893902439024752e-01 4.820729121533822159e-01 3.997172319430605802e-01 0.000000000000000000e+00 3.717286363636363444e-01 0.000000000000000000e+00 4.372230639488418058e-01 0.000000000000000000e+00 0.000000000000000000e+00 0.000000000000000000e+00 4.567595480592932522e-01 0.000000000000000000e+00 0.000000000000000000e+00 0.000000000000000000e+00 4.743791078073027467e-01 0.000000000000000000e+00 0.000000000000000000e+00 0.000000000000000000e+00 0.000000000000000000e+00 0.000000000000000000e+00 0.000000000000000000e+00 0.000000000000000000e+00 0.000000000000000000e+00 0.000000000000000000e+00 0.000000000000000000e+00 0.000000000000000000e+00 0.000000000000000000e+00 0.000000000000000000e+00 0.000000000000000000e+00 0.000000000000000000e+00 0.000000000000000000e+00 0.000000000000000000e+00 0.000000000000000000e+00 0.000000000000000000e+00 0.000000000000000000e+00 0.000000000000000000e+00 0.000000000000000000e+00 0.000000000000000000e+00 0.000000000000000000e+00 0.000000000000000000e+00 0.000000000000000000e+00
4.069616055498458396e-01 0.000000000000000000e+00 3.789715373923908115e-01 4.643542300242178289e-01 3.536843713200735762e-01 0.000000000000000000e+00 3.088745244301069892e-01 4.413983967696629152e-01 2.842277393467225743e-01 0.000000000000000000e+00 3.222945138490712624e-01 0.000000000000000000e+00 2.442374429353559584e-01 0.000000000000000000e+00 2.835319830873456182e-01 0.000000000000000000e+00 4.198987851570661900e-01 0.000000000000000000e+00 4.132711299319593579e-01 4.967050376344086526e-01 0.000000000000000000e+00 0.000000000000000000e+00 3.979355697893418031e-01 4.581233185185185630e-01 4.024768470588236391e-01 0.000000000000000000e+00 0.000000000000000000e+00 0.000000000000000000e+00 3.456870594357037696e-01 0.000000000000000000e+00 0.000000000000000000e+00 4.683610270270269771e-01 3.905601904761905052e-01 4.809141126046150294e-01 0.000000000000000000e+00 0.000000000000000000e+00 0.000000000000000000e+00 0.000000000000000000e+00 0.000000000000000000e+00 0.000000000000000000e+00 0.000000000000000000e+00 0.000000000000000000e+00 0.000000000000000000e+00 0.000000000000000000e+00 0.000000000000000000e+00 0.000000000000000000e+00 0.000000000000000000e+00 0.000000000000000000e+00 0.000000000000000000e+00 0.000000000000000000e+00 4.040515157956218739e-01 0.000000000000000000e+00 0.000000000000000000e+00 0.000000000000000000e+00 4.321592745098040145e-01 0.000000000000000000e+00 4.113918404255318406e-01 0.000000000000000000e+00 4.363054347724615867e-01 0.000000000000000000e+00 4.278909886526154338e-01 0.000000000000000000e+00 3.998801800578397625e-01 0.000000000000000000e+00 4.247799318762655041e-01 0.000000000000000000e+00 0.000000000000000000e+00 0.000000000000000000e+00 3.883900649305555564e-01 0.000000000000000000e+00 3.871356902439024306e-01 0.000000000000000000e+00 3.904524450471856811e-01 0.000000000000000000e+00 3.770511316921519862e-01 0.000000000000000000e+00 4.016016431064457493e-01 0.000000000000000000e+00 4.318431570247934226e-01 0.000000000000000000e+00 4.092732696647449764e-01 0.000000000000000000e+00 0.000000000000000000e+00 0.000000000000000000e+00 4.379675949008832170e-01 0.000000000000000000e+00 0.000000000000000000e+00 0.000000000000000000e+00 4.667654302834746138e-01 0.000000000000000000e+00 0.000000000000000000e+00 0.000000000000000000e+00 0.000000000000000000e+00 0.000000000000000000e+00 0.000000000000000000e+00 0.000000000000000000e+00 0.000000000000000000e+00 0.000000000000000000e+00 0.000000000000000000e+00 0.000000000000000000e+00 0.000000000000000000e+00 0.000000000000000000e+00 0.000000000000000000e+00 0.000000000000000000e+00 0.000000000000000000e+00 0.000000000000000000e+00 4.348729909090908174e-01 0.000000000000000000e+00 0.000000000000000000e+00 0.000000000000000000e+00 0.000000000000000000e+00 0.000000000000000000e+00 0.000000000000000000e+00 0.000000000000000000e+00 0.000000000000000000e+00 0.000000000000000000e+00
