0.000000000000000000e+00 2.509849700860936755e-02 7.633659638554217419e-02 3.489326765188834230e-03 4.047490555855369487e-03 0.000000000000000000e+00 8.798332947441536711e-02 1.637666325486182139e-03 9.751340809361287026e-03 0.000000000000000000e+00 1.988613257421716074e-01 5.584512285927028825e-04 3.089797232056646151e-02 0.000000000000000000e+00 3.835091083413230857e-03 0.000000000000000000e+00 5.411804498562489130e-02 3.019779556092405410e-03 4.885333333333333194e-02 3.461863214185195714e-02 0.000000000000000000e+00 0.000000000000000000e+00 7.572315614114796161e-04 0.000000000000000000e+00 0.000000000000000000e+00 0.000000000000000000e+00 0.000000000000000000e+00 0.000000000000000000e+00 1.727904667328699143e-02 1.762632197414806161e-03 0.000000000000000000e+00 2.726281352235550835e-04 1.862272240085744920e-02 1.612301957129543342e-02 9.247842170160296051e-04 0.000000000000000000e+00 1.193910256410256471e-01 2.057613168724280010e-03 1.872659176029962567e-03 0.000000000000000000e+00 3.802281368821292754e-03 0.000000000000000000e+00 0.000000000000000000e+00 0.000000000000000000e+00 1.415428167020523756e-03 0.000000000000000000e+00 0.000000000000000000e+00 0.000000000000000000e+00 7.253735673872043974e-03 8.238589553468445871e-05 2.415550103793168493e-02 2.300260696212237264e-04 0.000000000000000000e+00 0.000000000000000000e+00 6.238303181534622568e-04 0.000000000000000000e+00 1.519014693171996666e-01 2.347629796839729131e-03 3.098625512418615863e-02 7.748334108166744609e-04 5.819592628516003646e-02 5.780346820809248920e-04 9.384984025559105908e-03 9.473541751251861320e-04 2.403268445085315896e-02 1.166861143523920715e-04 8.304958059961797118e-03 8.743442418186360681e-04 1.051683774536286697e-01 9.023146331894861538e-03 1.222121954363800389e-01 1.098901098901098900e-03 4.656620553359683973e-02 2.046511627906976837e-03 4.878048780487804874e-03 0.000000000000000000e+00 9.231253938248266955e-02 4.631108272117534334e-03 1.190476190476190410e-02 0.000000000000000000e+00 1.774797870242555801e-03 0.000000000000000000e+00 1.831501831501831500e-03 0.000000000000000000e+00 1.989839119390347105e-02 1.028912439551394161e-04 0.000000000000000000e+00 0.000000000000000000e+00 1.678708032299192424e-02 0.000000000000000000e+00 4.444444444444444441e-03 0.000000000000000000e+00 0.000000000000000000e+00 0.000000000000000000e+00 0.000000000000000000e+00 1.739130434782608717e-02 0.000000000000000000e+00 0.000000000000000000e+00 7.104795737122557991e-03 4.424778761061946841e-03 0.000000000000000000e+00 0.000000000000000000e+00 3.204101249599487235e-04 1.151189562547966271e-03 0.000000000000000000e+00 6.958942240779401921e-04 0.000000000000000000e+00 0.000000000000000000e+00 0.000000000000000000e+00 0.000000000000000000e+00 0.000000000000000000e+00 0.000000000000000000e+00 0.000000000000000000e+00 0.000000000000000000e+00 4.366812227074235581e-03 0.000000000000000000e+00
2.509849700860936755e-02 0.000000000000000000e+00 7.435993975903614113e-03 4.207717569786535022e-02 2.698327037236913136e-04 1.351716680183833504e-03 5.904144477888399918e-03 1.089048106448311098e-01 0.000000000000000000e+00 6.197183098591549193e-03 1.830012200081333881e-03 8.544303797468354167e-02 8.046346958480849170e-04 3.208104685521317306e-02 0.000000000000000000e+00 3.392897534494458429e-03 3.044140030441400135e-03 7.745734561377019822e-02 4.373333333333333239e-02 1.323763955342902587e-01 0.000000000000000000e+00 0.000000000000000000e+00 9.086778736937755176e-04 9.411764705882353201e-04 0.000000000000000000e+00 0.000000000000000000e+00 0.000000000000000000e+00 0.000000000000000000e+00 5.958291956305859262e-04 3.858206032119075590e-02 3.766478342749529141e-04 8.178844056706651962e-04 2.893890675241157437e-02 3.765144454799627255e-02 3.390875462392108335e-03 4.793863854266538571e-04 3.605769230769230969e-03 6.172839506172839164e-02 0.000000000000000000e+00 9.746588693957114469e-04 0.000000000000000000e+00 0.000000000000000000e+00 0.000000000000000000e+00 9.741841207988309625e-05 0.000000000000000000e+00 4.159733777038269651e-04 0.000000000000000000e+00 0.000000000000000000e+00 1.450747134774408925e-04 3.954522985664853801e-03 9.435742592942064427e-05 1.847876092623830860e-02 0.000000000000000000e+00 6.104074469708530015e-04 0.000000000000000000e+00 2.728226652675760922e-03 1.188418323249783824e-03 2.426185101580135561e-01 3.617072582589824078e-04 3.982643731597706321e-02 1.385617292503810464e-04 3.815028901734104222e-02 0.000000000000000000e+00 1.921775612396806054e-02 4.806536890170631793e-04 4.947491248541423248e-02 1.245743708994269654e-03 7.869098176367723962e-03 3.187466234467855458e-02 2.041977245978815192e-01 2.965063813329895607e-03 7.170329670329669836e-02 2.223320158102766973e-03 7.739534883720930458e-02 0.000000000000000000e+00 3.665893271461716924e-02 1.023944549464398182e-02 7.649313318428617448e-02 0.000000000000000000e+00 0.000000000000000000e+00 1.971997633602839810e-04 6.125574272588055376e-03 0.000000000000000000e+00 0.000000000000000000e+00 2.116850127011007541e-04 2.294474740199609064e-02 0.000000000000000000e+00 8.795074758135444561e-04 0.000000000000000000e+00 4.904447826822255774e-03 4.938271604938271721e-04 7.566938300349243356e-03 0.000000000000000000e+00 2.336448598130840947e-03 0.000000000000000000e+00 4.347826086956521618e-02 0.000000000000000000e+00 0.000000000000000000e+00 0.000000000000000000e+00 1.327433628318584052e-02 0.000000000000000000e+00 1.697792869269949042e-03 3.204101249599487235e-04 3.069838833461243244e-03 0.000000000000000000e+00 6.263048016701461621e-03 0.000000000000000000e+00 0.000000000000000000e+00 0.000000000000000000e+00 0.000000000000000000e+00 0.000000000000000000e+00 0.000000000000000000e+00 0.000000000000000000e+00 0.000000000000000000e+00 0.000000000000000000e+00 0.000000000000000000e+00
7.633659638554217419e-02 7.435993975903614113e-03 0.000000000000000000e+00 1.200738916256157557e-02 8.958445763626551872e-02 2.973776696404433709e-03 2.314193100254688662e-01 1.627430910951893628e-02 5.460750853242320874e-02 2.816901408450704376e-03 5.164701098007320329e-02 8.376768428890544321e-03 1.177985194721596351e-01 9.708737864077669061e-03 8.884627676573984834e-02 9.047726758651888782e-04 1.522070015220700068e-02 2.113845689264683570e-03 1.027200000000000057e-01 1.031991744066047476e-02 0.000000000000000000e+00 0.000000000000000000e+00 1.834014841738603740e-01 1.105882352941176504e-02 4.930006086427267398e-02 4.223369310183012343e-03 5.442176870748298943e-03 0.000000000000000000e+00 2.621648460774577902e-02 3.133568350959655205e-03 4.595103578154425411e-02 2.453653217011995610e-02 5.760986066452304655e-03 1.314072693383038296e-02 6.165228113440197368e-04 0.000000000000000000e+00 1.241987179487179412e-02 8.818342151675484519e-04 0.000000000000000000e+00 0.000000000000000000e+00 7.604562737642585508e-03 0.000000000000000000e+00 3.782863627766219240e-04 0.000000000000000000e+00 7.077140835102618778e-04 0.000000000000000000e+00 7.237635705669481691e-04 0.000000000000000000e+00 6.963586246917161972e-03 0.000000000000000000e+00 5.000943574259294512e-03 7.667535654040790881e-05 0.000000000000000000e+00 0.000000000000000000e+00 0.000000000000000000e+00 0.000000000000000000e+00 4.105445116681072024e-03 1.805869074492099269e-04 9.163250542560888098e-03 3.099333643266697735e-04 3.325481502009145114e-03 0.000000000000000000e+00 1.996805111821086179e-03 0.000000000000000000e+00 2.403268445085315896e-03 2.333722287047841431e-04 1.038119757495224726e-02 0.000000000000000000e+00 6.482982171799027242e-03 0.000000000000000000e+00 4.911692664689957383e-02 1.373626373626373734e-03 9.214426877470355270e-02 4.930232558139535128e-03 1.571815718157181657e-02 4.640371229698375894e-04 1.052299936988027734e-01 5.908655381667199218e-03 0.000000000000000000e+00 0.000000000000000000e+00 1.971997633602839538e-03 2.552322613578356407e-04 3.663003663003663000e-03 0.000000000000000000e+00 7.620660457239627691e-03 2.057824879102788322e-04 2.293577981651376274e-03 0.000000000000000000e+00 6.162345941351466024e-03 0.000000000000000000e+00 9.876543209876543442e-04 2.910360884749709116e-03 8.904719501335707716e-04 0.000000000000000000e+00 0.000000000000000000e+00 2.608695652173912902e-02 1.457725947521865866e-03 0.000000000000000000e+00 3.552397868561278996e-03 0.000000000000000000e+00 0.000000000000000000e+00 0.000000000000000000e+00 0.000000000000000000e+00 3.837298541826554056e-04 0.000000000000000000e+00 1.391788448155880384e-03 0.000000000000000000e+00 0.000000000000000000e+00 0.000000000000000000e+00 0.000000000000000000e+00 0.000000000000000000e+00 0.000000000000000000e+00 0.000000000000000000e+00 0.000000000000000000e+00 4.366812227074235581e-03 0.000000000000000000e+00
3.489326765188834230e-03 4.207717569786535022e-02 1.200738916256157557e-02 0.000000000000000000e+00 4.317323259579061018e-03 5.947553392808867419e-03 1.968048159296133248e-02 1.638689866939611051e-01 5.850804485616772736e-03 8.450704225352111826e-03 8.336722244814964711e-03 6.887565152643335131e-02 9.816543289346637419e-03 5.670465738004783901e-02 4.474272930648769478e-03 3.686948654150644378e-02 2.198545577541011209e-03 2.113845689264683830e-02 9.066666666666667318e-03 9.878975513650435636e-02 0.000000000000000000e+00 0.000000000000000000e+00 3.861880963198546096e-02 1.995294117647058718e-01 4.869141813755325718e-03 5.349601126231816328e-02 2.267573696145124777e-03 6.269592476489027968e-03 2.184707050645481440e-03 2.643948296122209177e-02 2.448210922787193849e-02 2.998909487459105669e-02 6.832797427652733367e-03 2.842497670083877007e-02 6.165228113440197368e-04 4.314477468839885040e-03 8.012820512820512543e-04 2.087007642563198234e-02 0.000000000000000000e+00 1.949317738791422894e-03 0.000000000000000000e+00 0.000000000000000000e+00 0.000000000000000000e+00 0.000000000000000000e+00 0.000000000000000000e+00 4.159733777038269651e-04 0.000000000000000000e+00 5.628253834247924376e-04 0.000000000000000000e+00 5.190311418685120831e-03 9.435742592942064427e-05 6.517405305934672981e-03 0.000000000000000000e+00 0.000000000000000000e+00 0.000000000000000000e+00 2.098635886673662018e-04 1.080380293863439963e-04 3.431151241534988530e-03 1.205690860863274693e-04 1.549666821633348748e-02 2.771234585007620928e-04 2.312138728323699568e-03 0.000000000000000000e+00 2.030044660982541650e-03 0.000000000000000000e+00 5.834305717619603197e-03 4.982974835977078618e-04 2.010991756182863022e-02 1.800828381055285556e-04 3.138485680659081935e-03 3.222895449271625471e-03 6.799450549450548886e-02 3.952569169960474041e-03 9.525581395348836633e-02 5.420054200542005415e-04 3.619489559164733306e-02 4.253308128544423285e-03 1.069945704247844132e-01 0.000000000000000000e+00 0.000000000000000000e+00 0.000000000000000000e+00 4.849412965798876630e-03 0.000000000000000000e+00 0.000000000000000000e+00 1.058425063505503771e-04 4.527214734026134037e-03 0.000000000000000000e+00 0.000000000000000000e+00 0.000000000000000000e+00 5.073566717402333559e-04 0.000000000000000000e+00 1.746216530849825340e-03 0.000000000000000000e+00 2.336448598130840947e-03 0.000000000000000000e+00 5.217391304347825803e-02 0.000000000000000000e+00 3.436426116838487907e-03 0.000000000000000000e+00 8.849557522123893682e-03 0.000000000000000000e+00 0.000000000000000000e+00 0.000000000000000000e+00 1.534919416730621622e-03 0.000000000000000000e+00 6.263048016701461621e-03 0.000000000000000000e+00 0.000000000000000000e+00 0.000000000000000000e+00 0.000000000000000000e+00 0.000000000000000000e+00 0.000000000000000000e+00 0.000000000000000000e+00 0.000000000000000000e+00 0.000000000000000000e+00 0.000000000000000000e+00
4.047490555855369487e-03 2.698327037236913136e-04 8.958445763626551872e-02 4.317323259579061018e-03 0.000000000000000000e+00 6.217896728845633686e-03 1.366056957629080762e-02 7.164790174002046586e-04 3.076548025353486038e-01 1.126760563380281750e-03 3.456689711264741751e-03 0.000000000000000000e+00 8.529127775989700511e-03 2.814126917123962188e-04 2.019814637264301660e-01 1.130965844831486071e-03 0.000000000000000000e+00 0.000000000000000000e+00 1.173333333333333303e-03 3.752697251149263429e-04 5.007587253414264028e-02 0.000000000000000000e+00 4.846281993033469716e-03 4.000000000000000083e-03 1.905051734631771077e-01 7.508212106992022232e-03 2.535147392290249546e-01 1.253918495297805724e-03 5.561072492552134733e-03 0.000000000000000000e+00 1.694915254237288130e-02 8.178844056706652613e-03 0.000000000000000000e+00 9.319664492078285419e-05 0.000000000000000000e+00 0.000000000000000000e+00 0.000000000000000000e+00 0.000000000000000000e+00 0.000000000000000000e+00 0.000000000000000000e+00 7.604562737642585508e-03 0.000000000000000000e+00 0.000000000000000000e+00 0.000000000000000000e+00 0.000000000000000000e+00 0.000000000000000000e+00 0.000000000000000000e+00 0.000000000000000000e+00 0.000000000000000000e+00 0.000000000000000000e+00 6.605019815059445234e-04 0.000000000000000000e+00 0.000000000000000000e+00 0.000000000000000000e+00 0.000000000000000000e+00 0.000000000000000000e+00 1.080380293863439963e-04 0.000000000000000000e+00 3.617072582589824078e-04 0.000000000000000000e+00 2.355549397256477898e-03 0.000000000000000000e+00 9.984025559105430894e-04 0.000000000000000000e+00 9.613073780341263586e-04 0.000000000000000000e+00 1.660991611992359358e-04 0.000000000000000000e+00 0.000000000000000000e+00 0.000000000000000000e+00 2.333376305272657006e-02 1.098901098901098900e-03 5.150691699604743184e-02 0.000000000000000000e+00 1.680216802168021592e-02 0.000000000000000000e+00 2.047889098928796364e-03 0.000000000000000000e+00 0.000000000000000000e+00 0.000000000000000000e+00 3.943995267205679619e-04 0.000000000000000000e+00 1.831501831501831500e-03 0.000000000000000000e+00 4.551227773073666417e-03 0.000000000000000000e+00 2.293577981651376274e-03 0.000000000000000000e+00 3.187420314492137897e-03 0.000000000000000000e+00 1.975308641975308688e-03 5.820721769499417799e-04 0.000000000000000000e+00 0.000000000000000000e+00 0.000000000000000000e+00 0.000000000000000000e+00 0.000000000000000000e+00 0.000000000000000000e+00 0.000000000000000000e+00 0.000000000000000000e+00 0.000000000000000000e+00 0.000000000000000000e+00 0.000000000000000000e+00 0.000000000000000000e+00 0.000000000000000000e+00 6.958942240779401921e-04 0.000000000000000000e+00 0.000000000000000000e+00 0.000000000000000000e+00 0.000000000000000000e+00 0.000000000000000000e+00 0.000000000000000000e+00 0.000000000000000000e+00 0.000000000000000000e+00 0.000000000000000000e+00 0.000000000000000000e+00
0.000000000000000000e+00 1.351716680183833504e-03 2.973776696404433709e-03 5.947553392808867419e-03 6.217896728845633686e-03 0.000000000000000000e+00 3.473026163463764594e-04 6.141248720573183563e-04 1.950268161872257362e-03 1.966197183098591650e-01 0.000000000000000000e+00 3.723008190618019397e-04 0.000000000000000000e+00 4.080484029829745118e-03 0.000000000000000000e+00 2.040262384076000912e-01 0.000000000000000000e+00 1.509889778046202705e-04 0.000000000000000000e+00 9.381743127873158573e-05 3.338391502276175787e-02 2.994011976047904200e-02 4.391943056186582012e-03 8.470588235294116905e-03 1.643335362142422235e-02 3.345847020178320252e-01 6.349206349206349201e-03 3.711598746081504752e-01 0.000000000000000000e+00 1.096748922835879408e-02 1.054613935969868181e-02 2.453653217011995697e-03 0.000000000000000000e+00 1.863932898415657084e-04 0.000000000000000000e+00 0.000000000000000000e+00 0.000000000000000000e+00 5.878894767783656708e-04 0.000000000000000000e+00 0.000000000000000000e+00 0.000000000000000000e+00 3.571428571428571230e-02 0.000000000000000000e+00 0.000000000000000000e+00 0.000000000000000000e+00 1.386577925679423307e-04 0.000000000000000000e+00 0.000000000000000000e+00 0.000000000000000000e+00 8.238589553468445871e-05 0.000000000000000000e+00 1.533507130808158176e-04 0.000000000000000000e+00 0.000000000000000000e+00 0.000000000000000000e+00 2.098635886673662018e-04 0.000000000000000000e+00 9.029345372460496346e-05 0.000000000000000000e+00 1.549666821633348868e-04 0.000000000000000000e+00 0.000000000000000000e+00 0.000000000000000000e+00 0.000000000000000000e+00 0.000000000000000000e+00 1.166861143523920715e-04 8.304958059961796792e-05 1.249063202598051526e-04 0.000000000000000000e+00 0.000000000000000000e+00 1.804821451592110351e-03 4.079670329670329748e-02 2.470355731225296276e-04 3.981395348837209192e-02 5.420054200542005415e-04 1.160092807424593919e-02 0.000000000000000000e+00 1.117853720855956556e-03 0.000000000000000000e+00 0.000000000000000000e+00 0.000000000000000000e+00 2.552322613578356407e-04 0.000000000000000000e+00 0.000000000000000000e+00 0.000000000000000000e+00 1.234694927461672939e-03 0.000000000000000000e+00 0.000000000000000000e+00 0.000000000000000000e+00 5.073566717402333559e-04 0.000000000000000000e+00 0.000000000000000000e+00 0.000000000000000000e+00 0.000000000000000000e+00 0.000000000000000000e+00 0.000000000000000000e+00 0.000000000000000000e+00 0.000000000000000000e+00 0.000000000000000000e+00 0.000000000000000000e+00 0.000000000000000000e+00 0.000000000000000000e+00 0.000000000000000000e+00 0.000000000000000000e+00 0.000000000000000000e+00 0.000000000000000000e+00 0.000000000000000000e+00 0.000000000000000000e+00 0.000000000000000000e+00 0.000000000000000000e+00 0.000000000000000000e+00 0.000000000000000000e+00 0.000000000000000000e+00 0.000000000000000000e+00 0.000000000000000000e+00 0.000000000000000000e+00
8.798332947441536711e-02 5.904144477888399918e-03 2.314193100254688662e-01 1.968048159296133248e-02 1.366056957629080762e-02 3.473026163463764594e-04 0.000000000000000000e+00 2.067553735926305064e-02 3.510482691370063468e-02 2.253521126760563500e-03 1.207808052053680331e-01 1.116902457185405852e-02 1.926295461860315361e-01 1.153792036020824530e-02 1.086609140300415395e-02 6.785795068988916857e-04 1.031625232538474490e-02 1.660878755850822867e-03 1.269333333333333251e-02 8.068299089970917132e-03 0.000000000000000000e+00 0.000000000000000000e+00 1.893078903528699203e-02 1.176470588235294101e-02 3.651856360316494288e-03 0.000000000000000000e+00 0.000000000000000000e+00 0.000000000000000000e+00 8.142999006951340268e-03 1.566784175479827602e-03 3.276836158192090315e-02 2.344601962922573599e-02 4.421221864951768547e-03 1.174277726001863968e-02 9.247842170160296051e-04 0.000000000000000000e+00 6.810897435897435986e-03 2.939447383891828354e-04 0.000000000000000000e+00 0.000000000000000000e+00 0.000000000000000000e+00 0.000000000000000000e+00 1.891431813883109620e-04 9.741841207988309625e-05 1.946213729653220028e-03 0.000000000000000000e+00 0.000000000000000000e+00 0.000000000000000000e+00 6.963586246917161972e-03 2.471576866040533626e-04 2.113606340819022475e-02 3.833767827020395712e-04 0.000000000000000000e+00 0.000000000000000000e+00 2.807236431690580264e-03 0.000000000000000000e+00 5.293863439930855848e-03 9.029345372460496346e-05 8.319266939956595705e-03 4.649000464900046332e-04 1.593459886379381893e-02 0.000000000000000000e+00 2.595846645367412033e-03 2.706726214643388794e-04 1.562124489305455333e-02 2.333722287047841431e-04 3.903330288182044628e-03 0.000000000000000000e+00 1.080497028633171279e-03 0.000000000000000000e+00 8.985432512569292707e-02 4.120879120879120876e-04 3.013833992094861608e-02 5.674418604651162990e-03 3.794037940379403791e-03 9.280742459396751787e-04 5.529300567107750530e-02 8.144362823379111896e-03 0.000000000000000000e+00 0.000000000000000000e+00 4.929994084007099063e-03 2.552322613578356407e-04 3.663003663003663000e-03 0.000000000000000000e+00 2.561388653683319139e-02 0.000000000000000000e+00 1.529051987767584110e-03 0.000000000000000000e+00 1.296217594560136049e-02 0.000000000000000000e+00 4.938271604938271721e-04 5.820721769499417799e-04 0.000000000000000000e+00 0.000000000000000000e+00 0.000000000000000000e+00 8.695652173913043584e-03 0.000000000000000000e+00 0.000000000000000000e+00 0.000000000000000000e+00 0.000000000000000000e+00 0.000000000000000000e+00 0.000000000000000000e+00 0.000000000000000000e+00 3.837298541826554056e-04 0.000000000000000000e+00 6.958942240779401921e-04 0.000000000000000000e+00 0.000000000000000000e+00 0.000000000000000000e+00 0.000000000000000000e+00 1.305483028720626649e-03 0.000000000000000000e+00 0.000000000000000000e+00 0.000000000000000000e+00 0.000000000000000000e+00 0.000000000000000000e+00
1.637666325486182139e-03 1.089048106448311098e-01 1.627430910951893628e-02 1.638689866939611051e-01 7.164790174002046586e-04 6.141248720573183563e-04 2.067553735926305064e-02 0.000000000000000000e+00 5.850804485616772736e-03 1.802816901408450800e-02 8.743391622610816732e-03 1.643708116157855670e-01 8.529127775989700511e-03 2.738145490361615364e-01 2.876318312559923360e-03 5.609590590364171153e-02 4.735328936242177988e-03 1.041823946851879769e-02 1.162666666666666709e-02 9.850830284266816339e-03 0.000000000000000000e+00 0.000000000000000000e+00 3.998182644252612494e-02 9.882352941176470590e-03 3.043213633597078357e-03 0.000000000000000000e+00 0.000000000000000000e+00 0.000000000000000000e+00 9.930486593843098047e-04 1.547199373286329768e-02 1.355932203389830469e-02 8.996728462377317700e-03 1.353161843515541217e-02 6.616961789375582458e-03 0.000000000000000000e+00 9.587727708533077143e-04 0.000000000000000000e+00 3.233392122281011135e-03 0.000000000000000000e+00 0.000000000000000000e+00 0.000000000000000000e+00 0.000000000000000000e+00 0.000000000000000000e+00 1.948368241597661925e-04 0.000000000000000000e+00 4.159733777038269651e-04 0.000000000000000000e+00 0.000000000000000000e+00 1.450747134774408925e-04 7.826660075795023944e-03 2.830722777882619464e-04 2.177580125747584708e-02 0.000000000000000000e+00 7.630093087135662519e-04 0.000000000000000000e+00 2.098635886673662181e-03 2.160760587726879927e-04 4.875846501128668596e-03 0.000000000000000000e+00 1.084766775143344159e-02 4.156851877511431393e-04 6.069364161849710552e-03 3.993610223642172358e-04 2.977398836107727782e-03 0.000000000000000000e+00 2.532088681446907977e-02 3.321983223984718717e-04 7.119660254808893481e-03 0.000000000000000000e+00 7.846214201647704837e-04 4.512053628980276093e-03 8.846153846153846645e-02 5.681818181818181976e-03 3.506976744186046657e-02 2.168021680216802166e-03 3.248259860788863234e-03 8.979206049149339106e-03 3.800702650910252334e-02 0.000000000000000000e+00 0.000000000000000000e+00 0.000000000000000000e+00 7.656967840735069003e-03 0.000000000000000000e+00 0.000000000000000000e+00 5.292125317527518989e-04 2.016668381520732647e-02 0.000000000000000000e+00 0.000000000000000000e+00 0.000000000000000000e+00 4.397091155082022418e-03 4.938271604938271721e-04 5.820721769499417799e-04 0.000000000000000000e+00 2.336448598130840947e-03 0.000000000000000000e+00 8.695652173913043584e-03 0.000000000000000000e+00 0.000000000000000000e+00 0.000000000000000000e+00 0.000000000000000000e+00 0.000000000000000000e+00 0.000000000000000000e+00 0.000000000000000000e+00 0.000000000000000000e+00 0.000000000000000000e+00 6.958942240779401921e-04 0.000000000000000000e+00 0.000000000000000000e+00 0.000000000000000000e+00 0.000000000000000000e+00 0.000000000000000000e+00 0.000000000000000000e+00 0.000000000000000000e+00 0.000000000000000000e+00 0.000000000000000000e+00 0.000000000000000000e+00
9.751340809361287026e-03 0.000000000000000000e+00 5.460750853242320874e-02 5.850804485616772736e-03 3.076548025353486038e-01 1.950268161872257362e-03 3.510482691370063468e-02 5.850804485616772736e-03 0.000000000000000000e+00 2.253521126760563500e-03 1.423342822285481859e-03 1.861504095309009699e-04 6.903765690376569009e-02 4.221190375685943282e-04 1.252796420581655523e-01 0.000000000000000000e+00 3.382377811601555706e-04 0.000000000000000000e+00 3.200000000000000262e-04 0.000000000000000000e+00 1.517450682852807334e-03 0.000000000000000000e+00 2.120248371952143055e-03 1.882352941176470640e-03 3.043213633597078357e-03 4.692632566870013895e-04 1.360544217687074736e-03 6.269592476489028619e-04 5.561072492552134733e-03 0.000000000000000000e+00 3.766478342749529033e-03 4.089422028353326306e-03 1.339764201500535891e-04 0.000000000000000000e+00 0.000000000000000000e+00 0.000000000000000000e+00 0.000000000000000000e+00 0.000000000000000000e+00 0.000000000000000000e+00 0.000000000000000000e+00 3.802281368821292754e-03 0.000000000000000000e+00 3.782863627766219240e-04 0.000000000000000000e+00 0.000000000000000000e+00 0.000000000000000000e+00 2.412545235223160383e-04 0.000000000000000000e+00 0.000000000000000000e+00 0.000000000000000000e+00 2.830722777882619464e-04 0.000000000000000000e+00 0.000000000000000000e+00 0.000000000000000000e+00 0.000000000000000000e+00 0.000000000000000000e+00 4.321521175453759854e-04 0.000000000000000000e+00 1.205690860863274693e-04 0.000000000000000000e+00 3.048358043508382804e-03 0.000000000000000000e+00 1.996805111821086179e-04 0.000000000000000000e+00 1.441961067051189538e-03 0.000000000000000000e+00 0.000000000000000000e+00 0.000000000000000000e+00 0.000000000000000000e+00 0.000000000000000000e+00 4.254221993038546229e-03 0.000000000000000000e+00 1.358695652173913006e-02 2.790697674418604482e-04 7.588075880758807581e-03 0.000000000000000000e+00 1.417769376181474573e-03 4.790801660811242228e-04 0.000000000000000000e+00 0.000000000000000000e+00 3.943995267205679619e-04 0.000000000000000000e+00 0.000000000000000000e+00 0.000000000000000000e+00 3.175275190516511394e-03 0.000000000000000000e+00 3.058103975535168221e-03 0.000000000000000000e+00 2.124946876328091643e-03 0.000000000000000000e+00 0.000000000000000000e+00 0.000000000000000000e+00 0.000000000000000000e+00 0.000000000000000000e+00 0.000000000000000000e+00 0.000000000000000000e+00 0.000000000000000000e+00 0.000000000000000000e+00 1.776198934280639498e-03 0.000000000000000000e+00 0.000000000000000000e+00 0.000000000000000000e+00 0.000000000000000000e+00 0.000000000000000000e+00 0.000000000000000000e+00 0.000000000000000000e+00 0.000000000000000000e+00 0.000000000000000000e+00 0.000000000000000000e+00 0.000000000000000000e+00 0.000000000000000000e+00 0.000000000000000000e+00 0.000000000000000000e+00 0.000000000000000000e+00 0.000000000000000000e+00 0.000000000000000000e+00
0.000000000000000000e+00 6.197183098591549193e-03 2.816901408450704376e-03 8.450704225352111826e-03 1.126760563380281750e-03 1.966197183098591650e-01 2.253521126760563500e-03 1.802816901408450800e-02 2.253521126760563500e-03 0.000000000000000000e+00 0.000000000000000000e+00 2.419955323901712418e-03 1.609269391696170051e-04 2.166877726185451047e-02 9.587727708533077143e-04 2.049310110834652865e-01 0.000000000000000000e+00 0.000000000000000000e+00 1.066666666666666664e-04 3.752697251149263429e-04 0.000000000000000000e+00 0.000000000000000000e+00 2.726033621081326661e-03 2.352941176470588300e-04 1.825928180158247144e-03 3.754106053496011116e-03 1.360544217687074736e-03 0.000000000000000000e+00 0.000000000000000000e+00 4.504504504504504465e-03 2.259887005649717593e-03 2.726281352235550835e-04 0.000000000000000000e+00 0.000000000000000000e+00 0.000000000000000000e+00 0.000000000000000000e+00 0.000000000000000000e+00 8.818342151675484519e-04 0.000000000000000000e+00 0.000000000000000000e+00 0.000000000000000000e+00 0.000000000000000000e+00 0.000000000000000000e+00 0.000000000000000000e+00 0.000000000000000000e+00 0.000000000000000000e+00 0.000000000000000000e+00 4.221190375685943282e-04 0.000000000000000000e+00 0.000000000000000000e+00 0.000000000000000000e+00 6.900782088636712606e-04 0.000000000000000000e+00 0.000000000000000000e+00 0.000000000000000000e+00 4.197271773347324036e-04 0.000000000000000000e+00 2.708803611738149039e-04 0.000000000000000000e+00 0.000000000000000000e+00 0.000000000000000000e+00 2.890173410404624460e-04 0.000000000000000000e+00 1.353363107321694397e-04 0.000000000000000000e+00 3.500583430571761875e-04 0.000000000000000000e+00 0.000000000000000000e+00 0.000000000000000000e+00 0.000000000000000000e+00 0.000000000000000000e+00 3.708791208791208625e-03 3.705533596837944413e-04 9.395348837209303167e-03 0.000000000000000000e+00 4.640371229698375677e-03 0.000000000000000000e+00 2.874480996486745554e-03 0.000000000000000000e+00 0.000000000000000000e+00 0.000000000000000000e+00 1.020929045431342563e-03 0.000000000000000000e+00 0.000000000000000000e+00 0.000000000000000000e+00 1.646259903282230657e-03 0.000000000000000000e+00 8.795074758135444561e-04 0.000000000000000000e+00 5.073566717402333559e-04 0.000000000000000000e+00 0.000000000000000000e+00 0.000000000000000000e+00 0.000000000000000000e+00 0.000000000000000000e+00 0.000000000000000000e+00 0.000000000000000000e+00 0.000000000000000000e+00 0.000000000000000000e+00 0.000000000000000000e+00 0.000000000000000000e+00 0.000000000000000000e+00 0.000000000000000000e+00 0.000000000000000000e+00 0.000000000000000000e+00 0.000000000000000000e+00 0.000000000000000000e+00 0.000000000000000000e+00 0.000000000000000000e+00 0.000000000000000000e+00 0.000000000000000000e+00 0.000000000000000000e+00 0.000000000000000000e+00 0.000000000000000000e+00 0.000000000000000000e+00 0.000000000000000000e+00
1.988613257421716074e-01 1.830012200081333881e-03 5.164701098007320329e-02 8.336722244814964711e-03 3.456689711264741751e-03 0.000000000000000000e+00 1.207808052053680331e-01 8.743391622610816732e-03 1.423342822285481859e-03 0.000000000000000000e+00 0.000000000000000000e+00 2.792256142963514629e-03 1.353395558416478905e-01 5.628253834247924376e-04 6.072227548737615596e-03 0.000000000000000000e+00 5.394892609504481351e-02 4.529669334138608115e-04 2.762666666666666743e-02 3.940332113706726709e-03 0.000000000000000000e+00 0.000000000000000000e+00 8.026654550961683648e-03 9.411764705882353201e-04 6.086427267194157147e-04 4.692632566870013895e-04 0.000000000000000000e+00 0.000000000000000000e+00 5.660377358490566169e-02 9.792401096748923599e-04 2.259887005649717593e-03 0.000000000000000000e+00 6.698821007502679670e-03 2.982292637465051334e-03 9.247842170160296051e-04 4.793863854266538571e-04 1.201923076923076990e-03 0.000000000000000000e+00 0.000000000000000000e+00 0.000000000000000000e+00 0.000000000000000000e+00 0.000000000000000000e+00 0.000000000000000000e+00 0.000000000000000000e+00 1.769285208775654694e-04 0.000000000000000000e+00 0.000000000000000000e+00 0.000000000000000000e+00 1.305672421296967924e-03 0.000000000000000000e+00 5.755802981694659558e-03 7.667535654040790881e-05 0.000000000000000000e+00 0.000000000000000000e+00 6.238303181534622568e-04 0.000000000000000000e+00 1.004753673292999201e-02 0.000000000000000000e+00 2.411381721726549385e-03 0.000000000000000000e+00 2.009145074130525011e-02 2.890173410404624460e-04 6.789137380191693008e-03 0.000000000000000000e+00 8.411439557798605637e-03 0.000000000000000000e+00 4.318578191180134224e-03 1.249063202598051526e-04 9.004141905276426966e-04 0.000000000000000000e+00 4.344463065618151681e-02 0.000000000000000000e+00 3.829051383399209498e-03 8.372093023255813447e-04 0.000000000000000000e+00 0.000000000000000000e+00 4.725897920604914954e-03 1.916320664324496891e-03 0.000000000000000000e+00 0.000000000000000000e+00 1.971997633602839538e-03 0.000000000000000000e+00 0.000000000000000000e+00 0.000000000000000000e+00 1.153683319220999079e-02 0.000000000000000000e+00 7.645259938837920552e-04 0.000000000000000000e+00 5.949851253718657119e-03 1.691188905800777853e-04 4.938271604938271721e-04 0.000000000000000000e+00 0.000000000000000000e+00 0.000000000000000000e+00 0.000000000000000000e+00 0.000000000000000000e+00 0.000000000000000000e+00 0.000000000000000000e+00 0.000000000000000000e+00 0.000000000000000000e+00 0.000000000000000000e+00 0.000000000000000000e+00 0.000000000000000000e+00 0.000000000000000000e+00 0.000000000000000000e+00 0.000000000000000000e+00 0.000000000000000000e+00 0.000000000000000000e+00 0.000000000000000000e+00 0.000000000000000000e+00 0.000000000000000000e+00 0.000000000000000000e+00 0.000000000000000000e+00 0.000000000000000000e+00 0.000000000000000000e+00 0.000000000000000000e+00
5.584512285927028825e-04 8.544303797468354167e-02 8.376768428890544321e-03 6.887565152643335131e-02 0.000000000000000000e+00 3.723008190618019397e-04 1.116902457185405852e-02 1.643708116157855670e-01 1.861504095309009699e-04 2.419955323901712418e-03 2.792256142963514629e-03 0.000000000000000000e+00 3.540392661731573895e-03 1.848881384550443152e-01 0.000000000000000000e+00 6.559601900022618906e-03 1.014713343480466712e-03 6.281141476672202906e-02 3.626666666666666494e-03 1.304062294774369080e-02 0.000000000000000000e+00 0.000000000000000000e+00 7.269422989550204141e-03 5.411764705882352901e-03 0.000000000000000000e+00 9.385265133740027790e-04 0.000000000000000000e+00 0.000000000000000000e+00 5.958291956305859262e-04 5.816686251468860397e-02 1.506591337099811656e-03 2.998909487459105756e-03 2.009646302250803727e-03 4.939422180801491570e-03 3.082614056720098684e-04 9.587727708533077143e-04 0.000000000000000000e+00 8.818342151675484519e-04 0.000000000000000000e+00 9.746588693957114469e-04 0.000000000000000000e+00 0.000000000000000000e+00 0.000000000000000000e+00 0.000000000000000000e+00 0.000000000000000000e+00 0.000000000000000000e+00 0.000000000000000000e+00 0.000000000000000000e+00 0.000000000000000000e+00 9.062448508815290323e-04 9.435742592942064427e-05 2.913663548535500806e-03 0.000000000000000000e+00 1.526018617427132504e-04 0.000000000000000000e+00 1.259181532004197265e-03 1.080380293863439963e-04 3.882618510158013497e-03 1.205690860863274693e-04 2.634433596776692994e-03 2.771234585007620928e-04 4.046242774566473702e-03 0.000000000000000000e+00 9.338205440519690634e-03 0.000000000000000000e+00 7.467911318553092578e-03 0.000000000000000000e+00 2.373220084936297682e-03 0.000000000000000000e+00 7.846214201647704837e-04 1.675905633621245418e-03 5.989010989010989244e-02 9.881422924901185102e-04 7.906976744186045708e-03 0.000000000000000000e+00 9.280742459396751787e-04 2.678008821676118589e-03 4.631108272117534334e-03 0.000000000000000000e+00 0.000000000000000000e+00 0.000000000000000000e+00 1.480347115875446651e-02 0.000000000000000000e+00 0.000000000000000000e+00 1.058425063505503771e-04 1.368453544603354284e-02 0.000000000000000000e+00 0.000000000000000000e+00 0.000000000000000000e+00 4.227972264501944633e-03 0.000000000000000000e+00 0.000000000000000000e+00 0.000000000000000000e+00 0.000000000000000000e+00 0.000000000000000000e+00 0.000000000000000000e+00 0.000000000000000000e+00 0.000000000000000000e+00 0.000000000000000000e+00 0.000000000000000000e+00 0.000000000000000000e+00 0.000000000000000000e+00 0.000000000000000000e+00 0.000000000000000000e+00 0.000000000000000000e+00 0.000000000000000000e+00 0.000000000000000000e+00 0.000000000000000000e+00 0.000000000000000000e+00 0.000000000000000000e+00 0.000000000000000000e+00 0.000000000000000000e+00 0.000000000000000000e+00 0.000000000000000000e+00 0.000000000000000000e+00 0.000000000000000000e+00
3.089797232056646151e-02 8.046346958480849170e-04 1.177985194721596351e-01 9.816543289346637419e-03 8.529127775989700511e-03 0.000000000000000000e+00 1.926295461860315361e-01 8.529127775989700511e-03 6.903765690376569009e-02 1.609269391696170051e-04 1.353395558416478905e-01 3.540392661731573895e-03 0.000000000000000000e+00 5.487547488391726104e-03 1.307126877596676284e-01 6.785795068988916857e-04 6.257398951462878056e-03 1.509889778046202705e-04 9.493333333333332791e-03 1.313444037902242309e-03 0.000000000000000000e+00 0.000000000000000000e+00 2.604876571255489853e-02 4.000000000000000083e-03 1.825928180158247144e-03 0.000000000000000000e+00 0.000000000000000000e+00 0.000000000000000000e+00 1.004965243296921523e-01 5.875440658049353509e-04 1.845574387947269274e-02 1.117775354416575793e-02 2.277599142550911122e-03 4.473438956197576567e-03 0.000000000000000000e+00 0.000000000000000000e+00 2.003205128205128027e-03 0.000000000000000000e+00 0.000000000000000000e+00 0.000000000000000000e+00 0.000000000000000000e+00 0.000000000000000000e+00 0.000000000000000000e+00 0.000000000000000000e+00 1.769285208775654694e-04 0.000000000000000000e+00 0.000000000000000000e+00 0.000000000000000000e+00 4.352241404323226232e-04 0.000000000000000000e+00 3.302509907529722726e-03 0.000000000000000000e+00 0.000000000000000000e+00 0.000000000000000000e+00 0.000000000000000000e+00 0.000000000000000000e+00 6.914433880726015766e-03 0.000000000000000000e+00 1.808536291294911931e-03 0.000000000000000000e+00 2.009145074130525011e-02 0.000000000000000000e+00 3.594249201277955122e-03 1.353363107321694397e-04 1.009372746935832676e-02 0.000000000000000000e+00 2.823685740387011072e-03 0.000000000000000000e+00 1.080497028633171279e-03 1.961553550411926209e-04 4.576511537965708559e-02 2.747252747252747250e-04 2.062747035573122417e-02 1.116279069767441793e-03 3.252032520325203249e-03 4.640371229698375894e-04 2.047889098928796364e-02 2.555094219099329333e-03 0.000000000000000000e+00 0.000000000000000000e+00 2.957996450404259525e-03 0.000000000000000000e+00 0.000000000000000000e+00 0.000000000000000000e+00 8.573243014394580502e-03 0.000000000000000000e+00 7.645259938837920552e-04 0.000000000000000000e+00 4.249893752656183285e-03 0.000000000000000000e+00 4.938271604938271721e-04 1.164144353899883560e-03 0.000000000000000000e+00 0.000000000000000000e+00 0.000000000000000000e+00 0.000000000000000000e+00 0.000000000000000000e+00 3.436426116838487907e-03 0.000000000000000000e+00 0.000000000000000000e+00 0.000000000000000000e+00 0.000000000000000000e+00 0.000000000000000000e+00 0.000000000000000000e+00 0.000000000000000000e+00 0.000000000000000000e+00 0.000000000000000000e+00 0.000000000000000000e+00 0.000000000000000000e+00 0.000000000000000000e+00 0.000000000000000000e+00 0.000000000000000000e+00 0.000000000000000000e+00 0.000000000000000000e+00 0.000000000000000000e+00 0.000000000000000000e+00
