0.000000000000000000e+00 1.178216903237777093e-02 4.538727183029107187e-02 4.871184239012773740e-03 7.178750897343862429e-04 0.000000000000000000e+00 1.969269363436814135e-01 3.586302637667746276e-03 5.673758865248227333e-03 0.000000000000000000e+00 1.535703615177771153e-01 1.243118451429586291e-03 2.097902097902097987e-02 0.000000000000000000e+00 1.909854851031321694e-03 0.000000000000000000e+00 2.735008103727714843e-02 2.115059221658206409e-03 5.491084064534389880e-02 2.889749764422573641e-02 0.000000000000000000e+00 0.000000000000000000e+00 1.685565430585350992e-03 6.583278472679394023e-04 0.000000000000000000e+00 0.000000000000000000e+00 6.480881399870382434e-04 0.000000000000000000e+00 3.145410794087315220e-02 4.862236628849270540e-04 4.074979625101874184e-03 5.234231876472127294e-04 2.215043839409321785e-02 1.448415054018758162e-02 2.131060202450719109e-03 0.000000000000000000e+00 6.671449067431850510e-02 6.861848124428179384e-04 6.553079947575360473e-04 0.000000000000000000e+00 1.190476190476190410e-02 0.000000000000000000e+00 0.000000000000000000e+00 0.000000000000000000e+00 0.000000000000000000e+00 1.521606816798539287e-04 0.000000000000000000e+00 0.000000000000000000e+00 1.176470588235294015e-03 3.009027081243731308e-04 4.437682261950044206e-03 2.303351376252447198e-04 0.000000000000000000e+00 0.000000000000000000e+00 3.160984420862497125e-03 1.650437365901964151e-04 2.382895381100048893e-01 1.168394917482108849e-03 2.826086956521739121e-02 6.870491240123669050e-04 8.511337495892211391e-02 1.307759372275501359e-03 3.206062372486155609e-03 8.369951872776731786e-04 4.069018799896986782e-02 3.817765334690761091e-04 3.674822981088106053e-03 7.398795053377021664e-04 1.134043497558810537e-01 4.430223972434162334e-03 9.615384615384615918e-02 1.492722975494464432e-03 4.014975471210947833e-02 9.046135289978891880e-04 1.409443269908386247e-03 0.000000000000000000e+00 6.867309610907881834e-02 4.366176684616504371e-04 0.000000000000000000e+00 0.000000000000000000e+00 2.418645558487246983e-03 2.396357536544452532e-04 0.000000000000000000e+00 0.000000000000000000e+00 6.595043080523348145e-02 2.081382037673014992e-04 1.168224299065420474e-03 0.000000000000000000e+00 3.985507246376811252e-02 1.744591765526866596e-04 1.149865848984285132e-03 1.678791270285394550e-03 0.000000000000000000e+00 3.521126760563380361e-03 3.640776699029125985e-02 2.173913043478260809e-02 0.000000000000000000e+00 0.000000000000000000e+00 2.350176263219741404e-03 2.881844380403458025e-03 2.624671916010498651e-03 5.540166204986149597e-03 2.242152466367712971e-03 1.366120218579234971e-03 1.996007984031935960e-03 4.349717268377555437e-04 6.756756756756757132e-03 0.000000000000000000e+00 0.000000000000000000e+00 0.000000000000000000e+00 0.000000000000000000e+00 0.000000000000000000e+00 0.000000000000000000e+00 0.000000000000000000e+00 0.000000000000000000e+00 0.000000000000000000e+00
1.178216903237777093e-02 0.000000000000000000e+00 3.700049333991119876e-03 7.079454427365231006e-02 0.000000000000000000e+00 5.451076587626056333e-04 3.135779241141423666e-03 1.919250347061545459e-01 0.000000000000000000e+00 1.638448935008192213e-03 8.963250672243800420e-04 8.417687799680341476e-02 2.185314685314685313e-04 2.208047105004906641e-02 0.000000000000000000e+00 1.173984503404555116e-03 3.444084278768233358e-03 8.460236886632825637e-02 2.802151146334559695e-02 6.658988587582452545e-02 0.000000000000000000e+00 8.326394671107410729e-04 1.532332209623046208e-04 1.974983541803818424e-03 0.000000000000000000e+00 0.000000000000000000e+00 0.000000000000000000e+00 4.955401387512388400e-04 2.406325197662426748e-03 2.560777957860616016e-02 1.358326541700624873e-03 2.617115938236063647e-04 1.845869866174434590e-02 4.630179271043571160e-03 1.065530101225359554e-03 0.000000000000000000e+00 1.793400286944045897e-03 2.813357731015553656e-02 0.000000000000000000e+00 0.000000000000000000e+00 0.000000000000000000e+00 9.909909909909909997e-02 0.000000000000000000e+00 1.180637544273907959e-04 0.000000000000000000e+00 0.000000000000000000e+00 0.000000000000000000e+00 0.000000000000000000e+00 0.000000000000000000e+00 2.407221664994985046e-03 0.000000000000000000e+00 4.721870321317517272e-03 0.000000000000000000e+00 1.834189288334556222e-04 0.000000000000000000e+00 4.951312097705892236e-03 3.264240248082259013e-03 2.304658974733460042e-01 5.115089514066495716e-04 8.416351769151494966e-03 1.150180742688136680e-03 2.724498692240627865e-02 2.914602156805596255e-04 2.469135802469135665e-02 0.000000000000000000e+00 2.341562738610333469e-02 1.702966747333512550e-03 3.488003382306310244e-03 1.975144252108300066e-02 1.540733448190991783e-01 8.662508662508662267e-04 1.053613633536509553e-01 2.581977794990962874e-03 8.211880591014172892e-02 0.000000000000000000e+00 1.869158878504672975e-03 2.494180246092451026e-03 9.081647504002328397e-02 0.000000000000000000e+00 0.000000000000000000e+00 6.596306068601582879e-04 8.626887131560028246e-03 0.000000000000000000e+00 0.000000000000000000e+00 1.063716625890862607e-04 3.975439691955458266e-02 0.000000000000000000e+00 1.451378809869375902e-03 0.000000000000000000e+00 1.919050942079553526e-02 1.916443081640475292e-03 1.175153889199776099e-02 0.000000000000000000e+00 1.760563380281690181e-03 2.063106796116504979e-02 9.420289855072463969e-02 0.000000000000000000e+00 0.000000000000000000e+00 3.525264394829612322e-03 1.152737752161383210e-02 5.249343832020997302e-03 2.770083102493074798e-03 1.345291479820627870e-03 5.806010928961749008e-03 1.996007984031935960e-03 7.394519356241844622e-03 3.378378378378378566e-03 3.886010362694300446e-03 0.000000000000000000e+00 0.000000000000000000e+00 0.000000000000000000e+00 0.000000000000000000e+00 1.010101010101010187e-02 0.000000000000000000e+00 0.000000000000000000e+00 0.000000000000000000e+00
4.538727183029107187e-02 3.700049333991119876e-03 0.000000000000000000e+00 6.603160857328426413e-03 1.080402010050251216e-01 1.090215317525211267e-03 2.576042646597679342e-01 7.056918093475242869e-03 3.014184397163120407e-02 7.099945385035499879e-03 4.123095309232148453e-02 1.598295151838039331e-03 8.041958041958041647e-02 5.233889434085705131e-03 5.423987776928953369e-02 3.287156609532753977e-03 5.470016207455429859e-03 4.230118443316412710e-04 9.722615341069912320e-02 5.339754999476494998e-03 5.649717514124293766e-03 0.000000000000000000e+00 2.131474103585657420e-01 5.705508009655474964e-03 7.248157248157248433e-02 3.913894324853228746e-03 1.814646791963707081e-02 0.000000000000000000e+00 2.767273977311790825e-02 1.620745542949756810e-03 4.102146155935886690e-02 2.041350431824129688e-02 1.215197661898169586e-02 5.817404725157307444e-03 1.065530101225359554e-03 4.342162396873643212e-04 2.761836441893830707e-02 2.287282708142726552e-04 6.553079947575360473e-04 0.000000000000000000e+00 1.190476190476190410e-02 0.000000000000000000e+00 1.761493746697199287e-04 0.000000000000000000e+00 8.295313148071339166e-04 0.000000000000000000e+00 5.484460694698354427e-04 0.000000000000000000e+00 2.875816993464052132e-03 0.000000000000000000e+00 7.227082540890072439e-03 1.151675688126223599e-04 5.219206680584550628e-04 0.000000000000000000e+00 2.032061413411605233e-03 0.000000000000000000e+00 5.222784396931614594e-03 2.920987293705272123e-04 1.086956521739130405e-02 5.152868430092751246e-04 1.018731514952349662e-02 2.179598953792502266e-04 0.000000000000000000e+00 1.046243984097091446e-03 4.378058202420809057e-03 1.272588444896920364e-04 1.308595500582593850e-02 9.512736497199027544e-04 2.441189525077674342e-03 4.922471080482401871e-04 2.806652806652806809e-02 1.119542231620848432e-03 8.288148721920991779e-02 1.407176600663383181e-03 1.338971106412966891e-02 9.345794392523364873e-04 7.066844030595277604e-02 4.366176684616504371e-04 5.102040816326530205e-03 0.000000000000000000e+00 1.099384344766930624e-03 2.396357536544452532e-04 0.000000000000000000e+00 0.000000000000000000e+00 1.138176789703223071e-02 0.000000000000000000e+00 1.168224299065420474e-03 0.000000000000000000e+00 7.246376811594202987e-03 0.000000000000000000e+00 3.449597546952855396e-03 2.797985450475657439e-03 0.000000000000000000e+00 0.000000000000000000e+00 2.063106796116504979e-02 2.173913043478260809e-02 1.150747986191024167e-03 0.000000000000000000e+00 0.000000000000000000e+00 0.000000000000000000e+00 0.000000000000000000e+00 0.000000000000000000e+00 8.968609865470852103e-04 1.024590163934426283e-03 2.661343978709248236e-03 8.699434536755110874e-04 3.378378378378378566e-03 0.000000000000000000e+00 0.000000000000000000e+00 0.000000000000000000e+00 7.390983000739098294e-04 0.000000000000000000e+00 0.000000000000000000e+00 0.000000000000000000e+00 0.000000000000000000e+00 0.000000000000000000e+00
4.871184239012773740e-03 7.079454427365231006e-02 6.603160857328426413e-03 0.000000000000000000e+00 1.794687724335965445e-03 2.834559825565549293e-02 1.113201630605205328e-02 1.916936603424340690e-01 1.418439716312056833e-03 1.802293828509011347e-02 6.573050492978786685e-03 3.462972828982419093e-02 1.136363636363636395e-02 4.334314687602224686e-02 1.527883880825057269e-03 4.061986381779760652e-02 2.025931928687196067e-03 2.326565143824027224e-02 7.359184828757430255e-03 1.003036331274212156e-01 8.071025020177562213e-04 8.326394671107410729e-04 1.731535396874042329e-02 2.620144832126398704e-01 1.228501228501228471e-03 9.246575342465752911e-02 0.000000000000000000e+00 2.477700693756194200e-03 4.812650395324853496e-03 3.662884927066450275e-02 3.178484107579462176e-02 5.600628107825176422e-02 6.768189509306260336e-03 1.555265344888994393e-02 1.065530101225359554e-03 0.000000000000000000e+00 3.586800573888092010e-04 3.545288197621226239e-02 0.000000000000000000e+00 0.000000000000000000e+00 0.000000000000000000e+00 2.702702702702702853e-02 0.000000000000000000e+00 2.361275088547815917e-04 0.000000000000000000e+00 1.369446135118685412e-03 0.000000000000000000e+00 1.466275659824046920e-04 0.000000000000000000e+00 2.708124373119358014e-03 0.000000000000000000e+00 3.685362202003915517e-03 0.000000000000000000e+00 3.668378576669112444e-04 0.000000000000000000e+00 1.155306156131374797e-03 4.896360372123387868e-04 1.402073900978530706e-02 1.278772378516623929e-04 8.416351769151494966e-03 0.000000000000000000e+00 3.269398430688753073e-03 0.000000000000000000e+00 1.046243984097091446e-03 0.000000000000000000e+00 6.871977602443369963e-03 7.170386304562157993e-04 8.561462847479125657e-03 2.885042166000887504e-03 3.051932069899089203e-02 8.662508662508662267e-04 3.495459634282870737e-02 2.969274464239607739e-03 9.086340335712131400e-02 0.000000000000000000e+00 2.336448598130841034e-02 2.826737612238111076e-03 6.636588560617086296e-02 0.000000000000000000e+00 0.000000000000000000e+00 0.000000000000000000e+00 2.875629043853343038e-03 0.000000000000000000e+00 0.000000000000000000e+00 0.000000000000000000e+00 2.497658445207617990e-03 0.000000000000000000e+00 0.000000000000000000e+00 0.000000000000000000e+00 2.965806001395673592e-03 3.832886163280950801e-04 4.476776720761052424e-03 0.000000000000000000e+00 3.521126760563380361e-03 8.495145631067960862e-03 2.173913043478260809e-02 0.000000000000000000e+00 0.000000000000000000e+00 0.000000000000000000e+00 5.763688760806916049e-03 0.000000000000000000e+00 0.000000000000000000e+00 1.345291479820627870e-03 3.073770491803278632e-03 6.653359946773120589e-04 2.174858634188777881e-03 3.378378378378378566e-03 2.590673575129533775e-03 0.000000000000000000e+00 0.000000000000000000e+00 7.390983000739098294e-04 0.000000000000000000e+00 0.000000000000000000e+00 0.000000000000000000e+00 0.000000000000000000e+00 0.000000000000000000e+00
7.178750897343862429e-04 0.000000000000000000e+00 1.080402010050251216e-01 1.794687724335965445e-03 0.000000000000000000e+00 2.725538293813028166e-04 4.233301975540921559e-03 0.000000000000000000e+00 3.592198581560283599e-01 1.638448935008192213e-03 0.000000000000000000e+00 0.000000000000000000e+00 1.529720279720279746e-03 0.000000000000000000e+00 1.359816653934300956e-01 7.043907020427330259e-04 0.000000000000000000e+00 0.000000000000000000e+00 1.415227851684121036e-04 0.000000000000000000e+00 4.842615012106537761e-03 8.326394671107410729e-04 3.417100827459393364e-02 1.097213078779899148e-03 2.162162162162162282e-01 0.000000000000000000e+00 2.229423201555411627e-01 0.000000000000000000e+00 1.546923341354417350e-03 0.000000000000000000e+00 7.606628633523499113e-03 1.831981156765244770e-03 1.538224888478695654e-04 1.187225454113736230e-04 0.000000000000000000e+00 0.000000000000000000e+00 3.586800573888092010e-04 0.000000000000000000e+00 0.000000000000000000e+00 0.000000000000000000e+00 0.000000000000000000e+00 0.000000000000000000e+00 1.761493746697199287e-04 0.000000000000000000e+00 0.000000000000000000e+00 0.000000000000000000e+00 0.000000000000000000e+00 0.000000000000000000e+00 1.307189542483660257e-04 0.000000000000000000e+00 0.000000000000000000e+00 0.000000000000000000e+00 0.000000000000000000e+00 0.000000000000000000e+00 2.257846014901783622e-04 0.000000000000000000e+00 0.000000000000000000e+00 0.000000000000000000e+00 0.000000000000000000e+00 0.000000000000000000e+00 0.000000000000000000e+00 0.000000000000000000e+00 0.000000000000000000e+00 0.000000000000000000e+00 0.000000000000000000e+00 0.000000000000000000e+00 8.962982880702697491e-05 0.000000000000000000e+00 0.000000000000000000e+00 0.000000000000000000e+00 1.004851004851004849e-02 0.000000000000000000e+00 2.220500903692228245e-02 0.000000000000000000e+00 5.637773079633544987e-03 0.000000000000000000e+00 1.829065513801130709e-03 0.000000000000000000e+00 1.700680272108843474e-03 0.000000000000000000e+00 2.198768689533861140e-04 0.000000000000000000e+00 0.000000000000000000e+00 0.000000000000000000e+00 7.446016381236038794e-04 0.000000000000000000e+00 1.168224299065420474e-03 0.000000000000000000e+00 5.175983436853002443e-04 0.000000000000000000e+00 0.000000000000000000e+00 0.000000000000000000e+00 0.000000000000000000e+00 0.000000000000000000e+00 0.000000000000000000e+00 0.000000000000000000e+00 0.000000000000000000e+00 0.000000000000000000e+00 0.000000000000000000e+00 0.000000000000000000e+00 0.000000000000000000e+00 0.000000000000000000e+00 0.000000000000000000e+00 0.000000000000000000e+00 0.000000000000000000e+00 0.000000000000000000e+00 0.000000000000000000e+00 0.000000000000000000e+00 0.000000000000000000e+00 0.000000000000000000e+00 0.000000000000000000e+00 0.000000000000000000e+00 0.000000000000000000e+00 0.000000000000000000e+00 0.000000000000000000e+00 0.000000000000000000e+00
0.000000000000000000e+00 5.451076587626056333e-04 1.090215317525211267e-03 2.834559825565549293e-02 2.725538293813028166e-04 0.000000000000000000e+00 1.567889620570711779e-04 2.082369273484497782e-03 0.000000000000000000e+00 3.113052976515565118e-01 0.000000000000000000e+00 1.953471852246492588e-03 4.370629370629370626e-04 1.635590448151782745e-03 3.819709702062643172e-04 1.533223761446348976e-01 0.000000000000000000e+00 4.230118443316412710e-04 1.415227851684121036e-04 2.094021568422154832e-04 1.291364003228409954e-02 1.165695253955037480e-02 1.532332209623046317e-03 2.216370419135395980e-02 3.685503685503685629e-03 2.627201565557730212e-01 0.000000000000000000e+00 4.970267591674925600e-01 0.000000000000000000e+00 1.766612641815235030e-02 8.421624558543873429e-03 9.945040565297042293e-03 0.000000000000000000e+00 1.662115635759230667e-03 0.000000000000000000e+00 4.342162396873643212e-04 0.000000000000000000e+00 6.861848124428179384e-04 0.000000000000000000e+00 0.000000000000000000e+00 0.000000000000000000e+00 0.000000000000000000e+00 0.000000000000000000e+00 1.180637544273907959e-04 0.000000000000000000e+00 0.000000000000000000e+00 0.000000000000000000e+00 0.000000000000000000e+00 0.000000000000000000e+00 1.003009027081243679e-04 0.000000000000000000e+00 1.151675688126223599e-04 0.000000000000000000e+00 0.000000000000000000e+00 0.000000000000000000e+00 0.000000000000000000e+00 0.000000000000000000e+00 2.920987293705272123e-04 0.000000000000000000e+00 1.717622810030917263e-04 0.000000000000000000e+00 0.000000000000000000e+00 0.000000000000000000e+00 0.000000000000000000e+00 0.000000000000000000e+00 0.000000000000000000e+00 8.962982880702697491e-05 2.113941443822006151e-04 0.000000000000000000e+00 0.000000000000000000e+00 8.662508662508662267e-04 1.467844259236223380e-02 0.000000000000000000e+00 2.351995175394511889e-02 0.000000000000000000e+00 1.028037383177570104e-02 3.325573661456601043e-04 2.474166787949352332e-03 0.000000000000000000e+00 0.000000000000000000e+00 0.000000000000000000e+00 4.792715073088905063e-04 0.000000000000000000e+00 4.132231404958677801e-03 0.000000000000000000e+00 2.081382037673014992e-04 0.000000000000000000e+00 0.000000000000000000e+00 0.000000000000000000e+00 3.489183531053733191e-04 0.000000000000000000e+00 0.000000000000000000e+00 0.000000000000000000e+00 0.000000000000000000e+00 0.000000000000000000e+00 0.000000000000000000e+00 0.000000000000000000e+00 0.000000000000000000e+00 0.000000000000000000e+00 0.000000000000000000e+00 0.000000000000000000e+00 0.000000000000000000e+00 0.000000000000000000e+00 3.415300546448087429e-04 0.000000000000000000e+00 8.699434536755110874e-04 0.000000000000000000e+00 0.000000000000000000e+00 0.000000000000000000e+00 0.000000000000000000e+00 0.000000000000000000e+00 0.000000000000000000e+00 0.000000000000000000e+00 0.000000000000000000e+00 0.000000000000000000e+00 0.000000000000000000e+00
1.969269363436814135e-01 3.135779241141423666e-03 2.576042646597679342e-01 1.113201630605205328e-02 4.233301975540921559e-03 1.567889620570711779e-04 0.000000000000000000e+00 9.717723276260990806e-03 5.709219858156028282e-02 2.730748225013653833e-03 4.182850313713773471e-02 4.617297105309891257e-03 3.020104895104895326e-01 4.743212299640170437e-03 1.031321619556913732e-02 3.991547311575487436e-03 3.849270664505672398e-03 6.345177664974618794e-04 8.632889895273139838e-03 4.816249607370955491e-03 8.071025020177562213e-04 0.000000000000000000e+00 1.287159056083358837e-02 1.228878648233486942e-02 0.000000000000000000e+00 4.892367906066535932e-04 6.480881399870382434e-04 0.000000000000000000e+00 7.047095221725679232e-03 4.862236628849270540e-04 2.146155935886987290e-02 1.570269562941638275e-02 4.922319643131826093e-03 9.735248723732636486e-03 5.327650506126797771e-04 0.000000000000000000e+00 5.738880918220947217e-03 0.000000000000000000e+00 6.553079947575360473e-04 0.000000000000000000e+00 0.000000000000000000e+00 0.000000000000000000e+00 0.000000000000000000e+00 0.000000000000000000e+00 0.000000000000000000e+00 0.000000000000000000e+00 0.000000000000000000e+00 0.000000000000000000e+00 0.000000000000000000e+00 0.000000000000000000e+00 2.535818435400025617e-04 0.000000000000000000e+00 0.000000000000000000e+00 0.000000000000000000e+00 0.000000000000000000e+00 0.000000000000000000e+00 1.468908111637016577e-03 0.000000000000000000e+00 3.452685421994884825e-03 1.717622810030917263e-04 7.722642129477489542e-03 0.000000000000000000e+00 8.743806470416788223e-04 2.092487968194182946e-04 8.498583569405099986e-03 0.000000000000000000e+00 9.859281168772967511e-04 2.113941443822006151e-04 6.657789613848202849e-04 0.000000000000000000e+00 4.019404019404019396e-02 3.731807438736161079e-04 1.936483346243222242e-02 1.608201829329580779e-03 5.637773079633544987e-03 0.000000000000000000e+00 1.795809777186564704e-02 7.276961141027506923e-04 0.000000000000000000e+00 0.000000000000000000e+00 1.978891820580475081e-03 0.000000000000000000e+00 0.000000000000000000e+00 0.000000000000000000e+00 1.818955430273375140e-02 0.000000000000000000e+00 1.168224299065420474e-03 0.000000000000000000e+00 1.190476190476190410e-02 0.000000000000000000e+00 3.832886163280950801e-04 1.119194180190263106e-03 0.000000000000000000e+00 0.000000000000000000e+00 8.495145631067960862e-03 0.000000000000000000e+00 0.000000000000000000e+00 0.000000000000000000e+00 0.000000000000000000e+00 0.000000000000000000e+00 2.624671916010498651e-03 0.000000000000000000e+00 4.484304932735426051e-04 0.000000000000000000e+00 0.000000000000000000e+00 4.349717268377555437e-04 0.000000000000000000e+00 1.295336787564766888e-03 0.000000000000000000e+00 0.000000000000000000e+00 0.000000000000000000e+00 0.000000000000000000e+00 0.000000000000000000e+00 0.000000000000000000e+00 0.000000000000000000e+00 0.000000000000000000e+00
3.586302637667746276e-03 1.919250347061545459e-01 7.056918093475242869e-03 1.916936603424340690e-01 0.000000000000000000e+00 2.082369273484497782e-03 9.717723276260990806e-03 0.000000000000000000e+00 0.000000000000000000e+00 4.041507373020207516e-02 9.560800717060053203e-03 1.275084354466347047e-01 5.244755244755244968e-03 2.183513248282629993e-01 0.000000000000000000e+00 2.441887767081474606e-02 2.025931928687196067e-03 1.332487309644670055e-02 1.033116331729408421e-02 7.119673332635326375e-03 0.000000000000000000e+00 0.000000000000000000e+00 1.869445295740116558e-02 9.655475093263110944e-03 1.228501228501228471e-03 1.956947162426614373e-03 0.000000000000000000e+00 0.000000000000000000e+00 2.406325197662426748e-03 2.658022690437601351e-02 2.010323281716924759e-02 9.945040565297042293e-03 7.075834487001999955e-03 4.630179271043571160e-03 0.000000000000000000e+00 0.000000000000000000e+00 1.076040172166427495e-03 1.852698993595608412e-02 0.000000000000000000e+00 0.000000000000000000e+00 0.000000000000000000e+00 0.000000000000000000e+00 0.000000000000000000e+00 1.180637544273907959e-04 0.000000000000000000e+00 2.130249543517954893e-03 0.000000000000000000e+00 0.000000000000000000e+00 0.000000000000000000e+00 2.808425275827482626e-03 0.000000000000000000e+00 6.334216284694230148e-03 0.000000000000000000e+00 9.170946441672780296e-04 0.000000000000000000e+00 2.805743522033338731e-03 1.632120124041129561e-04 4.965678399298963097e-03 3.836317135549872329e-04 2.576434215046375948e-03 0.000000000000000000e+00 8.282476024411507959e-03 0.000000000000000000e+00 6.277463904582548243e-03 0.000000000000000000e+00 1.043522524815474611e-02 2.688894864210809518e-04 4.756368248599513772e-03 0.000000000000000000e+00 4.430223972434162334e-03 5.197505197505197794e-04 6.530663017788282398e-02 2.840175574490059595e-03 4.080812141923811226e-02 7.047216349541931234e-04 6.542056074766355520e-03 2.161622879946790976e-03 4.715470819385824547e-02 0.000000000000000000e+00 2.032520325203252248e-03 0.000000000000000000e+00 5.271986580397795136e-03 0.000000000000000000e+00 0.000000000000000000e+00 1.063716625890862607e-04 2.039754396919554735e-02 0.000000000000000000e+00 1.451378809869375902e-03 0.000000000000000000e+00 1.256106071179344079e-02 3.832886163280950801e-04 3.917179630665920329e-03 0.000000000000000000e+00 1.760563380281690181e-03 4.854368932038834530e-03 7.246376811594202987e-03 0.000000000000000000e+00 3.401360544217686948e-03 0.000000000000000000e+00 0.000000000000000000e+00 0.000000000000000000e+00 0.000000000000000000e+00 4.484304932735426051e-04 1.024590163934426283e-03 0.000000000000000000e+00 0.000000000000000000e+00 3.378378378378378566e-03 0.000000000000000000e+00 0.000000000000000000e+00 0.000000000000000000e+00 0.000000000000000000e+00 0.000000000000000000e+00 0.000000000000000000e+00 0.000000000000000000e+00 0.000000000000000000e+00 0.000000000000000000e+00
5.673758865248227333e-03 0.000000000000000000e+00 3.014184397163120407e-02 1.418439716312056833e-03 3.592198581560283599e-01 0.000000000000000000e+00 5.709219858156028282e-02 0.000000000000000000e+00 0.000000000000000000e+00 5.461496450027307015e-04 1.195100089632506650e-03 0.000000000000000000e+00 2.840909090909090814e-02 1.635590448151782853e-04 4.178762414056531593e-01 2.347969006809110177e-04 6.077795786061588853e-04 0.000000000000000000e+00 2.830455703368242072e-04 0.000000000000000000e+00 0.000000000000000000e+00 0.000000000000000000e+00 3.830830524057615791e-03 4.388852315119596377e-04 4.914004914004913883e-03 0.000000000000000000e+00 2.592352559948152974e-03 0.000000000000000000e+00 3.437607425232038459e-03 0.000000000000000000e+00 2.173322466720999623e-03 1.308557969118031824e-03 0.000000000000000000e+00 0.000000000000000000e+00 0.000000000000000000e+00 0.000000000000000000e+00 0.000000000000000000e+00 0.000000000000000000e+00 0.000000000000000000e+00 0.000000000000000000e+00 0.000000000000000000e+00 0.000000000000000000e+00 0.000000000000000000e+00 0.000000000000000000e+00 0.000000000000000000e+00 0.000000000000000000e+00 1.828153564899451656e-04 0.000000000000000000e+00 0.000000000000000000e+00 0.000000000000000000e+00 2.535818435400025617e-04 0.000000000000000000e+00 0.000000000000000000e+00 0.000000000000000000e+00 0.000000000000000000e+00 0.000000000000000000e+00 0.000000000000000000e+00 0.000000000000000000e+00 1.278772378516623929e-04 0.000000000000000000e+00 3.286230693394676539e-04 0.000000000000000000e+00 8.743806470416788223e-04 0.000000000000000000e+00 1.802729848055627119e-03 0.000000000000000000e+00 8.962982880702697491e-05 0.000000000000000000e+00 0.000000000000000000e+00 0.000000000000000000e+00 6.410256410256410034e-03 0.000000000000000000e+00 1.729925122643945212e-02 0.000000000000000000e+00 4.228329809725158740e-03 0.000000000000000000e+00 3.658131027602261418e-03 0.000000000000000000e+00 0.000000000000000000e+00 0.000000000000000000e+00 4.397537379067722281e-04 0.000000000000000000e+00 0.000000000000000000e+00 0.000000000000000000e+00 1.276459951069035129e-03 0.000000000000000000e+00 0.000000000000000000e+00 0.000000000000000000e+00 2.587991718426501222e-04 0.000000000000000000e+00 0.000000000000000000e+00 1.678791270285394550e-03 0.000000000000000000e+00 0.000000000000000000e+00 1.213592233009708633e-03 0.000000000000000000e+00 0.000000000000000000e+00 0.000000000000000000e+00 0.000000000000000000e+00 0.000000000000000000e+00 0.000000000000000000e+00 0.000000000000000000e+00 0.000000000000000000e+00 6.830601092896174857e-04 0.000000000000000000e+00 0.000000000000000000e+00 0.000000000000000000e+00 0.000000000000000000e+00 0.000000000000000000e+00 0.000000000000000000e+00 0.000000000000000000e+00 0.000000000000000000e+00 0.000000000000000000e+00 0.000000000000000000e+00 0.000000000000000000e+00 0.000000000000000000e+00
0.000000000000000000e+00 1.638448935008192213e-03 7.099945385035499879e-03 1.802293828509011347e-02 1.638448935008192213e-03 3.113052976515565118e-01 2.730748225013653833e-03 4.041507373020207516e-02 5.461496450027307015e-04 0.000000000000000000e+00 0.000000000000000000e+00 3.729355354288758657e-03 4.370629370629370626e-04 7.360157016683023003e-03 3.819709702062643172e-04 1.239727635595210126e-01 0.000000000000000000e+00 1.057529610829103205e-03 0.000000000000000000e+00 1.047010784211077416e-04 8.071025020177562213e-04 0.000000000000000000e+00 3.830830524057615791e-03 1.316655694535878805e-03 3.685503685503685629e-03 4.794520547945205213e-02 0.000000000000000000e+00 3.468780971258671880e-03 1.718803712616019338e-04 7.131280388978930053e-03 9.508285791904373674e-03 2.355404344412457499e-03 0.000000000000000000e+00 2.374450908227472459e-04 0.000000000000000000e+00 0.000000000000000000e+00 0.000000000000000000e+00 0.000000000000000000e+00 0.000000000000000000e+00 0.000000000000000000e+00 0.000000000000000000e+00 0.000000000000000000e+00 0.000000000000000000e+00 1.180637544273907959e-04 0.000000000000000000e+00 0.000000000000000000e+00 0.000000000000000000e+00 4.398826979472140759e-04 0.000000000000000000e+00 0.000000000000000000e+00 0.000000000000000000e+00 0.000000000000000000e+00 0.000000000000000000e+00 0.000000000000000000e+00 0.000000000000000000e+00 0.000000000000000000e+00 0.000000000000000000e+00 4.381480940557908456e-04 0.000000000000000000e+00 0.000000000000000000e+00 0.000000000000000000e+00 0.000000000000000000e+00 0.000000000000000000e+00 2.092487968194182946e-04 0.000000000000000000e+00 1.272588444896920364e-04 8.962982880702697491e-05 1.056970721911003075e-04 0.000000000000000000e+00 4.922471080482401871e-04 1.732501732501732508e-04 6.592859808433884465e-03 0.000000000000000000e+00 1.758970750829228977e-02 0.000000000000000000e+00 1.869158878504672758e-02 0.000000000000000000e+00 2.765245233590452479e-03 0.000000000000000000e+00 0.000000000000000000e+00 0.000000000000000000e+00 7.189072609633357595e-04 0.000000000000000000e+00 2.066115702479338900e-03 0.000000000000000000e+00 5.203455094182537479e-04 0.000000000000000000e+00 0.000000000000000000e+00 0.000000000000000000e+00 6.978367062107466382e-04 0.000000000000000000e+00 0.000000000000000000e+00 0.000000000000000000e+00 0.000000000000000000e+00 1.213592233009708633e-03 0.000000000000000000e+00 0.000000000000000000e+00 0.000000000000000000e+00 0.000000000000000000e+00 0.000000000000000000e+00 0.000000000000000000e+00 0.000000000000000000e+00 0.000000000000000000e+00 0.000000000000000000e+00 0.000000000000000000e+00 0.000000000000000000e+00 0.000000000000000000e+00 0.000000000000000000e+00 0.000000000000000000e+00 0.000000000000000000e+00 0.000000000000000000e+00 0.000000000000000000e+00 0.000000000000000000e+00 0.000000000000000000e+00 0.000000000000000000e+00 0.000000000000000000e+00
1.535703615177771153e-01 8.963250672243800420e-04 4.123095309232148453e-02 6.573050492978786685e-03 0.000000000000000000e+00 0.000000000000000000e+00 4.182850313713773471e-02 9.560800717060053203e-03 1.195100089632506650e-03 0.000000000000000000e+00 0.000000000000000000e+00 1.243118451429586291e-03 8.435314685314684868e-02 6.542361792607131413e-04 4.583651642475172240e-03 0.000000000000000000e+00 5.449756888168557495e-02 2.115059221658206355e-04 1.896405321256722232e-02 2.722228038948801363e-03 0.000000000000000000e+00 0.000000000000000000e+00 1.808152007355194602e-02 2.852754004827737482e-03 0.000000000000000000e+00 0.000000000000000000e+00 0.000000000000000000e+00 0.000000000000000000e+00 5.895496734272945988e-02 3.241491085899513513e-04 1.385493072534637292e-02 1.570269562941638405e-03 6.152899553914781966e-03 3.680398907752582393e-03 1.065530101225359554e-03 0.000000000000000000e+00 3.586800573888091793e-03 0.000000000000000000e+00 6.553079947575360473e-04 0.000000000000000000e+00 0.000000000000000000e+00 0.000000000000000000e+00 0.000000000000000000e+00 0.000000000000000000e+00 0.000000000000000000e+00 0.000000000000000000e+00 0.000000000000000000e+00 0.000000000000000000e+00 1.307189542483660257e-04 0.000000000000000000e+00 0.000000000000000000e+00 0.000000000000000000e+00 0.000000000000000000e+00 0.000000000000000000e+00 0.000000000000000000e+00 0.000000000000000000e+00 8.650236657417986752e-03 0.000000000000000000e+00 4.475703324808183968e-03 0.000000000000000000e+00 2.776864935918501448e-02 0.000000000000000000e+00 1.224132905858350308e-02 0.000000000000000000e+00 3.141900592325521518e-02 0.000000000000000000e+00 5.377789728421619037e-04 2.113941443822006151e-04 1.553484243231247151e-03 0.000000000000000000e+00 4.469854469854470103e-02 2.487871625824107386e-04 5.422153369481022035e-03 4.020504573323951947e-04 7.047216349541931234e-04 0.000000000000000000e+00 4.323245759893581952e-03 1.455392228205501276e-04 0.000000000000000000e+00 0.000000000000000000e+00 1.099384344766930581e-02 0.000000000000000000e+00 0.000000000000000000e+00 0.000000000000000000e+00 2.010424422933730290e-02 0.000000000000000000e+00 1.168224299065420474e-03 0.000000000000000000e+00 5.434782608695652023e-03 0.000000000000000000e+00 0.000000000000000000e+00 0.000000000000000000e+00 0.000000000000000000e+00 0.000000000000000000e+00 2.427184466019417265e-03 7.246376811594202987e-03 0.000000000000000000e+00 0.000000000000000000e+00 0.000000000000000000e+00 2.881844380403458025e-03 0.000000000000000000e+00 0.000000000000000000e+00 0.000000000000000000e+00 3.415300546448087429e-04 6.653359946773120589e-04 0.000000000000000000e+00 0.000000000000000000e+00 0.000000000000000000e+00 0.000000000000000000e+00 0.000000000000000000e+00 0.000000000000000000e+00 0.000000000000000000e+00 0.000000000000000000e+00 0.000000000000000000e+00 0.000000000000000000e+00 0.000000000000000000e+00
1.243118451429586291e-03 8.417687799680341476e-02 1.598295151838039331e-03 3.462972828982419093e-02 0.000000000000000000e+00 1.953471852246492588e-03 4.617297105309891257e-03 1.275084354466347047e-01 0.000000000000000000e+00 3.729355354288758657e-03 1.243118451429586291e-03 0.000000000000000000e+00 2.185314685314685313e-04 2.379784102060844009e-01 0.000000000000000000e+00 6.574313219065507953e-03 0.000000000000000000e+00 9.665820642978002752e-02 2.830455703368242072e-03 1.340173803790179093e-02 0.000000000000000000e+00 0.000000000000000000e+00 2.604964756359178825e-03 1.097213078779899105e-02 0.000000000000000000e+00 4.892367906066535932e-04 0.000000000000000000e+00 0.000000000000000000e+00 0.000000000000000000e+00 7.860615883306321106e-02 1.358326541700624873e-03 1.570269562941638405e-03 3.076449776957391308e-04 1.044758399620087860e-02 0.000000000000000000e+00 0.000000000000000000e+00 3.586800573888092010e-04 2.744739249771271754e-03 0.000000000000000000e+00 0.000000000000000000e+00 0.000000000000000000e+00 0.000000000000000000e+00 0.000000000000000000e+00 2.361275088547815917e-04 0.000000000000000000e+00 1.521606816798539287e-04 0.000000000000000000e+00 0.000000000000000000e+00 0.000000000000000000e+00 3.009027081243731308e-04 0.000000000000000000e+00 9.213405505009788794e-04 0.000000000000000000e+00 0.000000000000000000e+00 0.000000000000000000e+00 9.902624195411784905e-04 1.632120124041129561e-04 3.797283481816854031e-03 0.000000000000000000e+00 1.717622810030917263e-04 0.000000000000000000e+00 4.141238012205753979e-03 0.000000000000000000e+00 1.150868382506800569e-02 2.575328354365181830e-04 3.054212267752608873e-03 0.000000000000000000e+00 5.284853609555015784e-04 0.000000000000000000e+00 2.215111986217081167e-03 5.197505197505197794e-04 8.234855081477795991e-02 5.163955589981925748e-04 1.165946326263946065e-02 0.000000000000000000e+00 6.542056074766355520e-03 1.163950781509810392e-03 7.568039586668607287e-03 0.000000000000000000e+00 1.016260162601625994e-02 0.000000000000000000e+00 2.468248262640786173e-02 0.000000000000000000e+00 0.000000000000000000e+00 0.000000000000000000e+00 1.894057654282443534e-02 0.000000000000000000e+00 0.000000000000000000e+00 0.000000000000000000e+00 1.692254012561060852e-02 7.665772326561901603e-04 0.000000000000000000e+00 0.000000000000000000e+00 0.000000000000000000e+00 3.640776699029126331e-03 1.449275362318840597e-02 0.000000000000000000e+00 0.000000000000000000e+00 0.000000000000000000e+00 0.000000000000000000e+00 0.000000000000000000e+00 0.000000000000000000e+00 0.000000000000000000e+00 3.415300546448087429e-04 0.000000000000000000e+00 0.000000000000000000e+00 0.000000000000000000e+00 0.000000000000000000e+00 0.000000000000000000e+00 0.000000000000000000e+00 0.000000000000000000e+00 0.000000000000000000e+00 0.000000000000000000e+00 0.000000000000000000e+00 0.000000000000000000e+00 0.000000000000000000e+00
2.097902097902097987e-02 2.185314685314685313e-04 8.041958041958041647e-02 1.136363636363636395e-02 1.529720279720279746e-03 4.370629370629370626e-04 3.020104895104895326e-01 5.244755244755244968e-03 2.840909090909090814e-02 4.370629370629370626e-04 8.435314685314684868e-02 2.185314685314685313e-04 0.000000000000000000e+00 3.925417075564278414e-03 6.531703590527120074e-02 1.643578304766376988e-03 6.280388978930307939e-03 0.000000000000000000e+00 3.962637984715538901e-03 1.047010784211077416e-04 0.000000000000000000e+00 0.000000000000000000e+00 2.819491265706405153e-02 9.436032477507131505e-03 1.228501228501228471e-03 9.784735812133071864e-04 1.296176279974076487e-03 0.000000000000000000e+00 1.488484015125472737e-01 4.862236628849270540e-04 7.063298016843248990e-03 1.046846375294425459e-02 1.999692355022304052e-03 8.310578178796153336e-04 1.598295151838039331e-03 0.000000000000000000e+00 2.152080344332854989e-03 0.000000000000000000e+00 6.553079947575360473e-04 0.000000000000000000e+00 0.000000000000000000e+00 0.000000000000000000e+00 0.000000000000000000e+00 0.000000000000000000e+00 0.000000000000000000e+00 0.000000000000000000e+00 3.656307129798903313e-04 0.000000000000000000e+00 1.307189542483660257e-04 0.000000000000000000e+00 3.803727653100038154e-04 0.000000000000000000e+00 0.000000000000000000e+00 0.000000000000000000e+00 0.000000000000000000e+00 0.000000000000000000e+00 1.468908111637016577e-03 0.000000000000000000e+00 1.023017902813299143e-03 1.717622810030917263e-04 4.600722970752546721e-03 0.000000000000000000e+00 5.829204313611191859e-03 0.000000000000000000e+00 7.983517898532061993e-03 0.000000000000000000e+00 8.066684592632428555e-04 0.000000000000000000e+00 4.438526409232134871e-04 0.000000000000000000e+00 1.143451143451143515e-02 3.731807438736161079e-04 2.246320681642137787e-02 1.005126143330987987e-03 9.161381254404511038e-03 0.000000000000000000e+00 2.061855670103092744e-02 1.455392228205501276e-04 1.700680272108843474e-03 0.000000000000000000e+00 6.596306068601583313e-03 0.000000000000000000e+00 0.000000000000000000e+00 0.000000000000000000e+00 1.116902457185405852e-02 0.000000000000000000e+00 0.000000000000000000e+00 0.000000000000000000e+00 4.917184265010351996e-03 0.000000000000000000e+00 7.665772326561901603e-04 5.595970900951315529e-04 0.000000000000000000e+00 0.000000000000000000e+00 2.427184466019417265e-03 0.000000000000000000e+00 0.000000000000000000e+00 0.000000000000000000e+00 0.000000000000000000e+00 0.000000000000000000e+00 0.000000000000000000e+00 0.000000000000000000e+00 0.000000000000000000e+00 3.415300546448087429e-04 0.000000000000000000e+00 0.000000000000000000e+00 0.000000000000000000e+00 0.000000000000000000e+00 0.000000000000000000e+00 0.000000000000000000e+00 0.000000000000000000e+00 0.000000000000000000e+00 0.000000000000000000e+00 0.000000000000000000e+00 0.000000000000000000e+00 0.000000000000000000e+00
