2.954809208856868930e-01 4.963075132270192702e-01 3.286243758465025588e-01 5.088525747612510086e-01 0.000000000000000000e+00 0.000000000000000000e+00 3.386010237844244153e-01 4.761312697652703707e-01 4.014881365066690355e-01 0.000000000000000000e+00 3.259164165071743446e-01 4.641834092479966145e-01 3.805196779966616982e-01 4.552665772547777601e-01 3.950427288135592852e-01 0.000000000000000000e+00 3.727895990767002288e-01 4.798979557550605568e-01 3.735276933304738645e-01 5.124139597323682516e-01 0.000000000000000000e+00 0.000000000000000000e+00 3.931481336981946240e-01 4.343285567268186376e-01 0.000000000000000000e+00 5.011907682119204344e-01 0.000000000000000000e+00 0.000000000000000000e+00 4.014562209574313867e-01 4.624505156562094266e-01 3.973838948515026614e-01 4.484237243814432894e-01 4.010802732615320054e-01 4.846896990378072867e-01 0.000000000000000000e+00 0.000000000000000000e+00 4.753775263296012299e-01 0.000000000000000000e+00 4.757846102001578870e-01 0.000000000000000000e+00 0.000000000000000000e+00 0.000000000000000000e+00 4.117477358490565509e-01 0.000000000000000000e+00 4.369507115251523577e-01 5.339685439894064078e-01 0.000000000000000000e+00 0.000000000000000000e+00 4.167779245787534559e-01 4.877142898749398658e-01 4.045591216688881331e-01 0.000000000000000000e+00 0.000000000000000000e+00 0.000000000000000000e+00 4.000228315522897371e-01 5.033942485875706474e-01 3.713760630317297085e-01 5.115747148419980128e-01 4.265868797921023026e-01 4.876296487171658534e-01 4.114259492831519038e-01 0.000000000000000000e+00 3.665002597674295592e-01 4.745864978058003114e-01 4.126177960088914243e-01 0.000000000000000000e+00 4.289771864763455844e-01 4.977215181925683241e-01 3.187855886971830421e-01 5.066429712159010723e-01 3.516694678830280529e-01 4.893486520789686600e-01 3.609272357120224539e-01 4.686646697726158384e-01 0.000000000000000000e+00 0.000000000000000000e+00 3.892155661008072642e-01 4.735790043169529895e-01 3.988085312655375025e-01 0.000000000000000000e+00 4.047716341313621902e-01 0.000000000000000000e+00 3.073147884102933602e-01 0.000000000000000000e+00 4.159718743335042990e-01 0.000000000000000000e+00 3.986225227272726657e-01 0.000000000000000000e+00 4.079367030401150340e-01 0.000000000000000000e+00 4.161800770984528386e-01 4.743889232409103651e-01 4.208135898822495391e-01 4.281583702731092123e-01 4.209955526417471505e-01 0.000000000000000000e+00 0.000000000000000000e+00 0.000000000000000000e+00 0.000000000000000000e+00 4.360039179104476803e-01 3.802274218750000268e-01 0.000000000000000000e+00 4.901627899159664570e-01 4.837240489331465776e-01 4.336714496173469380e-01 0.000000000000000000e+00 0.000000000000000000e+00 5.033229900990099370e-01 3.889526103896103759e-01 0.000000000000000000e+00 0.000000000000000000e+00 3.979597520120724541e-01 0.000000000000000000e+00 4.043520729166666938e-01 0.000000000000000000e+00 0.000000000000000000e+00
4.963075132270192702e-01 2.985216900604803492e-01 5.066416022381160511e-01 3.707297538125351455e-01 0.000000000000000000e+00 3.732964250636672254e-01 4.900213484524512664e-01 3.219252926811673188e-01 0.000000000000000000e+00 3.177707607652833777e-01 4.907237374683545150e-01 3.277450008874684406e-01 0.000000000000000000e+00 3.525452310874251927e-01 0.000000000000000000e+00 2.807691481481481843e-01 4.808215935499718374e-01 3.056649068763575561e-01 5.242620584661173977e-01 3.699707533371975332e-01 0.000000000000000000e+00 0.000000000000000000e+00 4.958445690310004372e-01 4.089817210085792687e-01 0.000000000000000000e+00 0.000000000000000000e+00 0.000000000000000000e+00 0.000000000000000000e+00 4.980827401214853456e-01 3.883915045298789726e-01 4.827312014855850153e-01 0.000000000000000000e+00 5.143850321416515436e-01 4.907135662372315577e-01 0.000000000000000000e+00 3.510122857142857211e-01 5.099926850470556383e-01 4.815206729140706354e-01 0.000000000000000000e+00 4.679454747188730446e-01 0.000000000000000000e+00 3.980677239141331425e-01 0.000000000000000000e+00 4.263291342082239366e-01 5.374056265822785283e-01 4.074621548085459732e-01 0.000000000000000000e+00 0.000000000000000000e+00 0.000000000000000000e+00 4.064451208212027655e-01 0.000000000000000000e+00 4.003899679084482743e-01 0.000000000000000000e+00 3.832082437022289456e-01 0.000000000000000000e+00 4.269667095622659003e-01 4.919140933812342076e-01 3.228167641724612458e-01 4.893387087033120864e-01 4.070055543497145822e-01 4.734600180180179585e-01 3.999676303484659412e-01 4.708823770491803451e-01 3.690631338585709242e-01 0.000000000000000000e+00 4.047574917942605155e-01 4.965944529877779900e-01 4.090919932428002115e-01 5.251787777957716008e-01 3.604217476037183676e-01 5.004086609361827476e-01 3.645635987923335208e-01 4.746622622080413079e-01 3.885121707649487610e-01 0.000000000000000000e+00 0.000000000000000000e+00 4.806250465507455050e-01 4.035061032374233081e-01 0.000000000000000000e+00 0.000000000000000000e+00 4.741958813143549167e-01 3.976879150591606793e-01 0.000000000000000000e+00 0.000000000000000000e+00 4.615316183206106260e-01 4.153116085765848897e-01 0.000000000000000000e+00 0.000000000000000000e+00 0.000000000000000000e+00 4.138366366075978409e-01 5.071638181818182156e-01 4.394492964092141518e-01 0.000000000000000000e+00 4.273370163856521908e-01 0.000000000000000000e+00 4.235235707448105624e-01 0.000000000000000000e+00 0.000000000000000000e+00 0.000000000000000000e+00 0.000000000000000000e+00 0.000000000000000000e+00 4.013641261261261528e-01 0.000000000000000000e+00 4.293551684263700041e-01 0.000000000000000000e+00 0.000000000000000000e+00 0.000000000000000000e+00 0.000000000000000000e+00 0.000000000000000000e+00 0.000000000000000000e+00 0.000000000000000000e+00 0.000000000000000000e+00 0.000000000000000000e+00 0.000000000000000000e+00 0.000000000000000000e+00 0.000000000000000000e+00
3.286243758465025588e-01 5.066416022381160511e-01 2.727591965238073124e-01 4.766611012200783204e-01 1.928554272217296028e-01 4.294355748919077564e-01 3.263698343070637331e-01 4.764502367167009478e-01 2.495655424540578204e-01 4.072604726654184271e-01 4.057934903114918668e-01 4.748688313967586172e-01 3.614789576979670627e-01 4.516792416594415105e-01 3.201487926064481293e-01 4.372125897161219243e-01 4.127396190352661254e-01 4.883095423974109228e-01 3.104185193898123529e-01 5.124982006019901393e-01 0.000000000000000000e+00 0.000000000000000000e+00 2.432735589084503436e-01 4.493606324567205323e-01 2.332674231041723112e-01 4.160338565552433865e-01 2.520997617328668006e-01 4.349077434995738400e-01 3.723331573191608346e-01 4.788307808290455658e-01 4.008760438807704163e-01 4.086848370419621235e-01 4.363312279013815131e-01 4.907654417967770022e-01 4.339207608490566193e-01 0.000000000000000000e+00 4.273557542242694685e-01 5.625546160714286481e-01 0.000000000000000000e+00 0.000000000000000000e+00 0.000000000000000000e+00 0.000000000000000000e+00 4.280546571428571756e-01 0.000000000000000000e+00 4.185076111838013646e-01 0.000000000000000000e+00 0.000000000000000000e+00 0.000000000000000000e+00 3.770148924552430003e-01 4.979422595804026686e-01 3.640618782788685448e-01 4.610030965517241675e-01 4.170285514178240227e-01 0.000000000000000000e+00 3.828723003798656932e-01 0.000000000000000000e+00 4.162773971716587917e-01 4.871343068475451621e-01 4.116344394939409068e-01 5.023775082258438163e-01 3.778292183347674027e-01 0.000000000000000000e+00 3.644555435973729218e-01 4.587233464052287712e-01 3.556015093314082165e-01 0.000000000000000000e+00 4.523199112934077615e-01 4.679158623188405808e-01 4.048040353949244330e-01 4.995182289156627209e-01 3.631209523543025841e-01 4.389899692989749913e-01 3.698622329335682357e-01 4.687188474376928204e-01 3.677056179097712429e-01 0.000000000000000000e+00 3.911080815784742648e-01 4.677749164257752890e-01 3.853524760298669971e-01 0.000000000000000000e+00 3.895389681582410724e-01 0.000000000000000000e+00 4.113034802148105573e-01 0.000000000000000000e+00 3.789856657496273873e-01 0.000000000000000000e+00 0.000000000000000000e+00 0.000000000000000000e+00 3.843513551787019478e-01 4.470627833333333800e-01 4.205340848329840453e-01 4.295809781355094947e-01 4.088902045652084150e-01 4.271386029411764484e-01 4.195186710772917382e-01 4.431320280000000666e-01 0.000000000000000000e+00 4.636490280373832262e-01 0.000000000000000000e+00 4.409262049462308597e-01 0.000000000000000000e+00 0.000000000000000000e+00 3.786351468531468090e-01 3.967664394250052240e-01 0.000000000000000000e+00 0.000000000000000000e+00 0.000000000000000000e+00 4.501078413770913667e-01 4.028931326797385304e-01 0.000000000000000000e+00 0.000000000000000000e+00 3.903668772536759146e-01 3.961682547735952409e-01 0.000000000000000000e+00 0.000000000000000000e+00 0.000000000000000000e+00
5.088525747612510086e-01 3.707297538125351455e-01 4.766611012200783204e-01 2.510831351840764891e-01 0.000000000000000000e+00 1.920960682376479378e-01 4.635515956547148764e-01 2.801666664456872180e-01 4.092364031500188015e-01 3.031802312367691821e-01 4.552895896303816303e-01 3.840589222439985129e-01 4.479272566383701304e-01 3.649904589498029761e-01 4.314740344552840390e-01 3.461190667619861716e-01 5.032130493477324773e-01 3.997660477843195670e-01 5.297109458700050011e-01 2.977297293437029535e-01 0.000000000000000000e+00 0.000000000000000000e+00 4.588426707048176567e-01 2.566818010282820861e-01 0.000000000000000000e+00 2.540396746499910541e-01 0.000000000000000000e+00 3.296668183760683157e-01 4.857460570853186499e-01 3.709481880692961364e-01 4.398682614356005938e-01 3.491972319298977112e-01 5.299560827518289274e-01 4.233000140127078925e-01 0.000000000000000000e+00 4.593645959014739377e-01 5.148390140269522020e-01 4.602466468204748362e-01 0.000000000000000000e+00 4.983700350798959122e-01 0.000000000000000000e+00 3.961340836288058664e-01 0.000000000000000000e+00 4.355096060606060693e-01 0.000000000000000000e+00 4.455730230398542435e-01 0.000000000000000000e+00 4.585793636363635906e-01 0.000000000000000000e+00 4.037036453636544953e-01 4.527609490445860252e-01 4.100457567399347636e-01 0.000000000000000000e+00 3.892957665546218360e-01 0.000000000000000000e+00 4.215431336104767390e-01 4.893746074128064727e-01 4.117856664368283459e-01 4.678166493506494272e-01 4.272460453841308015e-01 4.891844657534246132e-01 3.877916941384088600e-01 0.000000000000000000e+00 3.979905707600567277e-01 4.539711655172413707e-01 3.861049051024911249e-01 4.941290139860139985e-01 4.400433472745082231e-01 5.385319325842696792e-01 4.233888292104336371e-01 4.811064295485933395e-01 3.707696311180676552e-01 4.346380055550682076e-01 3.769076371095468891e-01 0.000000000000000000e+00 0.000000000000000000e+00 4.693901164811537519e-01 4.029548683086179306e-01 0.000000000000000000e+00 0.000000000000000000e+00 3.991515328885399949e-01 4.016153321986539737e-01 0.000000000000000000e+00 0.000000000000000000e+00 0.000000000000000000e+00 4.205937809414441730e-01 0.000000000000000000e+00 0.000000000000000000e+00 0.000000000000000000e+00 4.063249110124566577e-01 4.086433037037037197e-01 4.245925565217392728e-01 0.000000000000000000e+00 3.860698984508845188e-01 4.069608876404493536e-01 4.034259668759900275e-01 0.000000000000000000e+00 0.000000000000000000e+00 0.000000000000000000e+00 4.206329920634920283e-01 3.864781785714285212e-01 0.000000000000000000e+00 0.000000000000000000e+00 4.089183994893312302e-01 0.000000000000000000e+00 4.217480666666666433e-01 0.000000000000000000e+00 0.000000000000000000e+00 0.000000000000000000e+00 0.000000000000000000e+00 0.000000000000000000e+00 4.162700923076922965e-01 3.821493857142857498e-01 0.000000000000000000e+00 0.000000000000000000e+00 0.000000000000000000e+00
0.000000000000000000e+00 0.000000000000000000e+00 1.928554272217296028e-01 0.000000000000000000e+00 2.139093552437850154e-01 4.217458066968046704e-01 2.507993049045012524e-01 4.863692753623188314e-01 2.299463095861137840e-01 4.440697460605681490e-01 0.000000000000000000e+00 0.000000000000000000e+00 2.603948453351448977e-01 0.000000000000000000e+00 2.924473778734469898e-01 3.745668630136986255e-01 0.000000000000000000e+00 0.000000000000000000e+00 3.609327484653612750e-01 0.000000000000000000e+00 2.898446750559370844e-01 0.000000000000000000e+00 3.084497902179473283e-01 4.380836840878098992e-01 2.521422522161373969e-01 4.236068079284163734e-01 2.558783002687078922e-01 4.407491444494948674e-01 3.321183288612118978e-01 4.606381111111110815e-01 3.579347163987052216e-01 3.462714833215019272e-01 0.000000000000000000e+00 0.000000000000000000e+00 4.169165272727272664e-01 0.000000000000000000e+00 0.000000000000000000e+00 0.000000000000000000e+00 0.000000000000000000e+00 0.000000000000000000e+00 0.000000000000000000e+00 0.000000000000000000e+00 0.000000000000000000e+00 0.000000000000000000e+00 0.000000000000000000e+00 0.000000000000000000e+00 0.000000000000000000e+00 0.000000000000000000e+00 0.000000000000000000e+00 0.000000000000000000e+00 0.000000000000000000e+00 0.000000000000000000e+00 0.000000000000000000e+00 0.000000000000000000e+00 0.000000000000000000e+00 0.000000000000000000e+00 0.000000000000000000e+00 0.000000000000000000e+00 0.000000000000000000e+00 0.000000000000000000e+00 0.000000000000000000e+00 0.000000000000000000e+00 0.000000000000000000e+00 0.000000000000000000e+00 3.669636386554622209e-01 0.000000000000000000e+00 4.502083279999999910e-01 0.000000000000000000e+00 0.000000000000000000e+00 0.000000000000000000e+00 3.210339651502280289e-01 5.011577171717171986e-01 3.232015575646575156e-01 0.000000000000000000e+00 0.000000000000000000e+00 0.000000000000000000e+00 3.501315132721273260e-01 0.000000000000000000e+00 0.000000000000000000e+00 0.000000000000000000e+00 0.000000000000000000e+00 0.000000000000000000e+00 2.782954230769231208e-01 0.000000000000000000e+00 0.000000000000000000e+00 0.000000000000000000e+00 3.649170674157303229e-01 0.000000000000000000e+00 0.000000000000000000e+00 0.000000000000000000e+00 0.000000000000000000e+00 0.000000000000000000e+00 0.000000000000000000e+00 0.000000000000000000e+00 0.000000000000000000e+00 0.000000000000000000e+00 0.000000000000000000e+00 0.000000000000000000e+00 0.000000000000000000e+00 3.972706240601503458e-01 0.000000000000000000e+00 0.000000000000000000e+00 0.000000000000000000e+00 0.000000000000000000e+00 0.000000000000000000e+00 0.000000000000000000e+00 0.000000000000000000e+00 0.000000000000000000e+00 0.000000000000000000e+00 0.000000000000000000e+00 0.000000000000000000e+00 0.000000000000000000e+00 0.000000000000000000e+00 0.000000000000000000e+00 0.000000000000000000e+00 0.000000000000000000e+00
0.000000000000000000e+00 3.732964250636672254e-01 4.294355748919077564e-01 1.920960682376479378e-01 4.217458066968046704e-01 1.748077108563519111e-01 4.203267542152099856e-01 2.555236602497525933e-01 4.383797315202356271e-01 2.104396112919343642e-01 0.000000000000000000e+00 3.196835508196721465e-01 4.360910768948921823e-01 3.313753080794699102e-01 4.211581285714285361e-01 2.311284614198123033e-01 0.000000000000000000e+00 0.000000000000000000e+00 3.915760089285714174e-01 3.627296132477271784e-01 0.000000000000000000e+00 2.852390538895329675e-01 4.087010233660155478e-01 2.954043697347109032e-01 4.344349841648670330e-01 2.410990025764859490e-01 4.234778220641941537e-01 2.309235809844737142e-01 0.000000000000000000e+00 3.113697100145839114e-01 3.874294539643894919e-01 3.310008063237499520e-01 0.000000000000000000e+00 3.452766736078121124e-01 0.000000000000000000e+00 0.000000000000000000e+00 0.000000000000000000e+00 4.193876051301301811e-01 0.000000000000000000e+00 0.000000000000000000e+00 0.000000000000000000e+00 0.000000000000000000e+00 0.000000000000000000e+00 0.000000000000000000e+00 0.000000000000000000e+00 0.000000000000000000e+00 0.000000000000000000e+00 4.309655446428571346e-01 0.000000000000000000e+00 0.000000000000000000e+00 0.000000000000000000e+00 0.000000000000000000e+00 0.000000000000000000e+00 0.000000000000000000e+00 0.000000000000000000e+00 4.264875386250885358e-01 0.000000000000000000e+00 0.000000000000000000e+00 0.000000000000000000e+00 4.375464769230769657e-01 0.000000000000000000e+00 0.000000000000000000e+00 0.000000000000000000e+00 0.000000000000000000e+00 0.000000000000000000e+00 3.643152719062499600e-01 0.000000000000000000e+00 0.000000000000000000e+00 0.000000000000000000e+00 0.000000000000000000e+00 4.835475241456149154e-01 3.771705536475423726e-01 4.388459112359550662e-01 3.249586017675944460e-01 4.036223377483443842e-01 0.000000000000000000e+00 0.000000000000000000e+00 3.536665366248967768e-01 0.000000000000000000e+00 0.000000000000000000e+00 0.000000000000000000e+00 0.000000000000000000e+00 0.000000000000000000e+00 3.478463653229500463e-01 0.000000000000000000e+00 4.056290929379443577e-01 0.000000000000000000e+00 0.000000000000000000e+00 0.000000000000000000e+00 3.800057557251907969e-01 0.000000000000000000e+00 0.000000000000000000e+00 0.000000000000000000e+00 0.000000000000000000e+00 0.000000000000000000e+00 0.000000000000000000e+00 0.000000000000000000e+00 0.000000000000000000e+00 0.000000000000000000e+00 0.000000000000000000e+00 0.000000000000000000e+00 0.000000000000000000e+00 0.000000000000000000e+00 3.644063730158729753e-01 0.000000000000000000e+00 0.000000000000000000e+00 0.000000000000000000e+00 0.000000000000000000e+00 0.000000000000000000e+00 0.000000000000000000e+00 0.000000000000000000e+00 0.000000000000000000e+00 0.000000000000000000e+00 0.000000000000000000e+00 0.000000000000000000e+00 0.000000000000000000e+00
3.386010237844244153e-01 4.900213484524512664e-01 3.263698343070637331e-01 4.635515956547148764e-01 2.507993049045012524e-01 4.203267542152099856e-01 2.856440793153858793e-01 4.694500090777556922e-01 2.588180448751008500e-01 4.151891210717040814e-01 3.803555429615244621e-01 4.652309016219851046e-01 2.885444674051193537e-01 4.575431345421968055e-01 3.324131466034058735e-01 4.614473115038122963e-01 4.163908615667046287e-01 4.628791087495485734e-01 3.983423649260414701e-01 4.984116318443928551e-01 0.000000000000000000e+00 0.000000000000000000e+00 3.803011639620004214e-01 4.582055504028093584e-01 2.619820718944099180e-01 4.016027164497473767e-01 2.414925483193277045e-01 0.000000000000000000e+00 3.655094030332914912e-01 4.711843523624422714e-01 3.883172405364916924e-01 4.295670013305458723e-01 4.097003414401885202e-01 4.891715572407781543e-01 4.198148459500925522e-01 3.788547500000000179e-01 4.193358337449373807e-01 4.456529906542057162e-01 0.000000000000000000e+00 0.000000000000000000e+00 3.733758072916666393e-01 0.000000000000000000e+00 4.375112859686609568e-01 4.613990579710144369e-01 3.934734432160618689e-01 0.000000000000000000e+00 0.000000000000000000e+00 0.000000000000000000e+00 3.723260387706288088e-01 0.000000000000000000e+00 3.684651334927830368e-01 0.000000000000000000e+00 3.535285017482331926e-01 0.000000000000000000e+00 3.712389830304814176e-01 0.000000000000000000e+00 3.980124676131219230e-01 5.189136348030570778e-01 3.902732440266644676e-01 0.000000000000000000e+00 3.891464214426939017e-01 0.000000000000000000e+00 3.752441406046699290e-01 0.000000000000000000e+00 3.826058813361575828e-01 0.000000000000000000e+00 4.301394023372078212e-01 4.817855317286761641e-01 3.792158857895656654e-01 4.474145134718430783e-01 3.330823721387677905e-01 4.660440510693076854e-01 3.620402848289492326e-01 4.591801045575652496e-01 3.420861052631578580e-01 0.000000000000000000e+00 3.673256172627070160e-01 4.589398951135203464e-01 3.684270355152038934e-01 0.000000000000000000e+00 3.872839237168770321e-01 4.361576710398680223e-01 4.144204490553979880e-01 0.000000000000000000e+00 3.908912396371135856e-01 0.000000000000000000e+00 0.000000000000000000e+00 0.000000000000000000e+00 3.938797574596873963e-01 0.000000000000000000e+00 3.945891483634050845e-01 4.282730555555555596e-01 0.000000000000000000e+00 0.000000000000000000e+00 3.903211346153845351e-01 4.809236296296295898e-01 0.000000000000000000e+00 0.000000000000000000e+00 0.000000000000000000e+00 0.000000000000000000e+00 0.000000000000000000e+00 0.000000000000000000e+00 0.000000000000000000e+00 4.159853239124087221e-01 0.000000000000000000e+00 0.000000000000000000e+00 0.000000000000000000e+00 4.527990967741934991e-01 3.766254086021506020e-01 0.000000000000000000e+00 0.000000000000000000e+00 0.000000000000000000e+00 0.000000000000000000e+00 0.000000000000000000e+00 0.000000000000000000e+00 0.000000000000000000e+00
4.761312697652703707e-01 3.219252926811673188e-01 4.764502367167009478e-01 2.801666664456872180e-01 4.863692753623188314e-01 2.555236602497525933e-01 4.694500090777556922e-01 2.640947382776601682e-01 4.057645714285713634e-01 2.682299029178786820e-01 4.571632635334030303e-01 3.345103920285497634e-01 4.462888318277303812e-01 2.947382648943811523e-01 4.791630585925702457e-01 2.947127405292892521e-01 4.770702377577898945e-01 3.555452201709426441e-01 4.974457668651435238e-01 3.900812367058577035e-01 0.000000000000000000e+00 0.000000000000000000e+00 4.645462467401814677e-01 3.340982979820014132e-01 3.692744592105262624e-01 3.170773370683959147e-01 0.000000000000000000e+00 0.000000000000000000e+00 4.540490460633315184e-01 3.635080409007994673e-01 4.281811715136753516e-01 3.657546288379191490e-01 4.833825813648501279e-01 3.738360626893935112e-01 4.506344370370369834e-01 3.725785618548118072e-01 4.579750597102141274e-01 4.235557730493628714e-01 0.000000000000000000e+00 4.311498484848484969e-01 0.000000000000000000e+00 0.000000000000000000e+00 0.000000000000000000e+00 0.000000000000000000e+00 0.000000000000000000e+00 3.971956548809717491e-01 0.000000000000000000e+00 4.182433614368499808e-01 0.000000000000000000e+00 3.906664623289791693e-01 0.000000000000000000e+00 3.835323363846901423e-01 0.000000000000000000e+00 3.886506922861278079e-01 0.000000000000000000e+00 3.806150811089424879e-01 4.686895922656309499e-01 3.747297797921169682e-01 5.080147899159663805e-01 4.071877711960748547e-01 4.504198556910569140e-01 3.914588202767938507e-01 4.476168019099947548e-01 3.756840681876286170e-01 0.000000000000000000e+00 3.878368851649449112e-01 4.784540083816091194e-01 4.237764991466863029e-01 0.000000000000000000e+00 4.415102652598566491e-01 4.778529871706339027e-01 3.338677582530878984e-01 4.551444062581694316e-01 3.717044832570772783e-01 0.000000000000000000e+00 0.000000000000000000e+00 4.461423290935772612e-01 3.761791741860913696e-01 0.000000000000000000e+00 3.983887399999999079e-01 4.717959749079380094e-01 3.772333634636584332e-01 0.000000000000000000e+00 0.000000000000000000e+00 4.266466886919993984e-01 4.059843319976325082e-01 0.000000000000000000e+00 0.000000000000000000e+00 0.000000000000000000e+00 4.025222773095283868e-01 4.504914382716049270e-01 4.185663326265197104e-01 0.000000000000000000e+00 4.159745354330707801e-01 4.584727388059702258e-01 4.003729864473140054e-01 0.000000000000000000e+00 0.000000000000000000e+00 4.628571812080537473e-01 4.505608827160493268e-01 0.000000000000000000e+00 0.000000000000000000e+00 0.000000000000000000e+00 4.025735597014925560e-01 0.000000000000000000e+00 0.000000000000000000e+00 0.000000000000000000e+00 0.000000000000000000e+00 0.000000000000000000e+00 0.000000000000000000e+00 0.000000000000000000e+00 0.000000000000000000e+00 0.000000000000000000e+00 0.000000000000000000e+00 0.000000000000000000e+00 0.000000000000000000e+00
4.014881365066690355e-01 0.000000000000000000e+00 2.495655424540578204e-01 4.092364031500188015e-01 2.299463095861137840e-01 4.383797315202356271e-01 2.588180448751008500e-01 4.057645714285713634e-01 2.498218152065432573e-01 0.000000000000000000e+00 3.956741076293759374e-01 0.000000000000000000e+00 2.687499362953267856e-01 4.434535445544553478e-01 2.358193038144870413e-01 4.616405989310830016e-01 3.489804567901234611e-01 0.000000000000000000e+00 3.871856691919192128e-01 0.000000000000000000e+00 3.750611070734126140e-01 0.000000000000000000e+00 2.978597685870045253e-01 3.993115656607318376e-01 2.902227036356482825e-01 3.574429411643782473e-01 1.519514152301829901e-01 0.000000000000000000e+00 3.393582970167701163e-01 0.000000000000000000e+00 0.000000000000000000e+00 3.517203679547635242e-01 0.000000000000000000e+00 0.000000000000000000e+00 0.000000000000000000e+00 0.000000000000000000e+00 4.086729574113101560e-01 0.000000000000000000e+00 0.000000000000000000e+00 0.000000000000000000e+00 0.000000000000000000e+00 0.000000000000000000e+00 0.000000000000000000e+00 0.000000000000000000e+00 0.000000000000000000e+00 0.000000000000000000e+00 0.000000000000000000e+00 0.000000000000000000e+00 0.000000000000000000e+00 0.000000000000000000e+00 0.000000000000000000e+00 0.000000000000000000e+00 3.843680136054421492e-01 0.000000000000000000e+00 0.000000000000000000e+00 0.000000000000000000e+00 3.899983894083123293e-01 0.000000000000000000e+00 3.817454444444444706e-01 0.000000000000000000e+00 3.939969430548957985e-01 0.000000000000000000e+00 3.949573231394655770e-01 0.000000000000000000e+00 3.747883595356342190e-01 0.000000000000000000e+00 3.455098839285714596e-01 0.000000000000000000e+00 0.000000000000000000e+00 0.000000000000000000e+00 3.279212366644333465e-01 0.000000000000000000e+00 3.417612950380560788e-01 0.000000000000000000e+00 0.000000000000000000e+00 0.000000000000000000e+00 3.552031356232346893e-01 0.000000000000000000e+00 3.764369555555555635e-01 0.000000000000000000e+00 3.565214412411002454e-01 0.000000000000000000e+00 0.000000000000000000e+00 0.000000000000000000e+00 3.816152065391485992e-01 0.000000000000000000e+00 3.675445454545454016e-01 0.000000000000000000e+00 3.856442868217054287e-01 0.000000000000000000e+00 0.000000000000000000e+00 4.533134855072463720e-01 0.000000000000000000e+00 0.000000000000000000e+00 0.000000000000000000e+00 0.000000000000000000e+00 0.000000000000000000e+00 0.000000000000000000e+00 0.000000000000000000e+00 0.000000000000000000e+00 0.000000000000000000e+00 0.000000000000000000e+00 0.000000000000000000e+00 0.000000000000000000e+00 0.000000000000000000e+00 0.000000000000000000e+00 0.000000000000000000e+00 0.000000000000000000e+00 0.000000000000000000e+00 0.000000000000000000e+00 0.000000000000000000e+00 0.000000000000000000e+00 0.000000000000000000e+00 0.000000000000000000e+00 0.000000000000000000e+00 0.000000000000000000e+00
0.000000000000000000e+00 3.177707607652833777e-01 4.072604726654184271e-01 3.031802312367691821e-01 4.440697460605681490e-01 2.104396112919343642e-01 4.151891210717040814e-01 2.682299029178786820e-01 0.000000000000000000e+00 2.106310940399817866e-01 4.118891502976190777e-01 3.541540462219053276e-01 4.287304450739544137e-01 3.124623068546574789e-01 4.277066790123457141e-01 2.441242954430618284e-01 0.000000000000000000e+00 3.576108488372092831e-01 4.358844285714285061e-01 3.947750440065188049e-01 0.000000000000000000e+00 3.296199583333333516e-01 3.962651867155081997e-01 3.444066101762038867e-01 4.283998070236874622e-01 2.817822415488215326e-01 4.372489345215759826e-01 2.197839731182796019e-01 0.000000000000000000e+00 3.503266831037830653e-01 4.082894574008222310e-01 3.171760265566789250e-01 0.000000000000000000e+00 3.291159999999999086e-01 0.000000000000000000e+00 0.000000000000000000e+00 0.000000000000000000e+00 4.180687857142857400e-01 0.000000000000000000e+00 0.000000000000000000e+00 0.000000000000000000e+00 0.000000000000000000e+00 0.000000000000000000e+00 0.000000000000000000e+00 0.000000000000000000e+00 3.809877839999999960e-01 0.000000000000000000e+00 4.437958955223880730e-01 0.000000000000000000e+00 3.439502119749620057e-01 0.000000000000000000e+00 3.590583770491803661e-01 0.000000000000000000e+00 0.000000000000000000e+00 0.000000000000000000e+00 0.000000000000000000e+00 0.000000000000000000e+00 0.000000000000000000e+00 0.000000000000000000e+00 3.475347567567566576e-01 0.000000000000000000e+00 3.389077755102040679e-01 0.000000000000000000e+00 3.417824150943395978e-01 0.000000000000000000e+00 3.710863279676783200e-01 4.917313905325444434e-01 3.823068703703703664e-01 0.000000000000000000e+00 0.000000000000000000e+00 4.767020419406335363e-01 3.067324912253802105e-01 4.705030148221343578e-01 3.440772028903046342e-01 0.000000000000000000e+00 0.000000000000000000e+00 0.000000000000000000e+00 3.638740960829252025e-01 0.000000000000000000e+00 0.000000000000000000e+00 0.000000000000000000e+00 3.615293523236277617e-01 0.000000000000000000e+00 3.852558767123287486e-01 0.000000000000000000e+00 3.688516756614445002e-01 0.000000000000000000e+00 3.791750512820512564e-01 0.000000000000000000e+00 3.604689102439024295e-01 0.000000000000000000e+00 0.000000000000000000e+00 0.000000000000000000e+00 0.000000000000000000e+00 0.000000000000000000e+00 0.000000000000000000e+00 0.000000000000000000e+00 0.000000000000000000e+00 0.000000000000000000e+00 0.000000000000000000e+00 0.000000000000000000e+00 0.000000000000000000e+00 0.000000000000000000e+00 0.000000000000000000e+00 0.000000000000000000e+00 0.000000000000000000e+00 0.000000000000000000e+00 0.000000000000000000e+00 0.000000000000000000e+00 0.000000000000000000e+00 0.000000000000000000e+00 0.000000000000000000e+00 0.000000000000000000e+00 0.000000000000000000e+00 0.000000000000000000e+00 0.000000000000000000e+00
3.259164165071743446e-01 4.907237374683545150e-01 4.057934903114918668e-01 4.552895896303816303e-01 0.000000000000000000e+00 0.000000000000000000e+00 3.803555429615244621e-01 4.571632635334030303e-01 3.956741076293759374e-01 4.118891502976190777e-01 2.984850695106384122e-01 4.516093876769212145e-01 3.573376186549865330e-01 4.436398358957145405e-01 4.052826788069960884e-01 0.000000000000000000e+00 2.972532481914431091e-01 4.791620779220779336e-01 4.118345339349569478e-01 4.726362881314599695e-01 0.000000000000000000e+00 0.000000000000000000e+00 4.090742686656523852e-01 4.457441438727878791e-01 3.800772164948453269e-01 0.000000000000000000e+00 0.000000000000000000e+00 0.000000000000000000e+00 3.573143184609758882e-01 4.587408386954905382e-01 3.813289159525044547e-01 4.150532696936744537e-01 3.969697136981132357e-01 4.655532004291141890e-01 0.000000000000000000e+00 0.000000000000000000e+00 4.424337267552182484e-01 0.000000000000000000e+00 0.000000000000000000e+00 0.000000000000000000e+00 0.000000000000000000e+00 3.875901666666666245e-01 4.679655043478261334e-01 0.000000000000000000e+00 4.479946827792973263e-01 0.000000000000000000e+00 0.000000000000000000e+00 0.000000000000000000e+00 3.929004242654635659e-01 4.956224014598539784e-01 3.959340412532804665e-01 0.000000000000000000e+00 0.000000000000000000e+00 0.000000000000000000e+00 4.000678037383177399e-01 0.000000000000000000e+00 4.172425373241365754e-01 4.412449720279720267e-01 4.079477872582559228e-01 0.000000000000000000e+00 4.295419831641184572e-01 0.000000000000000000e+00 4.234164813449167175e-01 0.000000000000000000e+00 4.154266954685965074e-01 0.000000000000000000e+00 4.194870511478095976e-01 4.101394939024390340e-01 4.293929738234886218e-01 0.000000000000000000e+00 3.545701427308912135e-01 4.697266509124340406e-01 3.885311722931860112e-01 4.525169184939412115e-01 3.601854737708091725e-01 0.000000000000000000e+00 3.917972637066646224e-01 4.467054619227869283e-01 3.903954571496212056e-01 0.000000000000000000e+00 3.664759037240563067e-01 0.000000000000000000e+00 2.613899013786764591e-01 0.000000000000000000e+00 4.181346159545344388e-01 0.000000000000000000e+00 4.111725555555555411e-01 0.000000000000000000e+00 4.102255434598282013e-01 0.000000000000000000e+00 0.000000000000000000e+00 0.000000000000000000e+00 0.000000000000000000e+00 0.000000000000000000e+00 0.000000000000000000e+00 0.000000000000000000e+00 0.000000000000000000e+00 0.000000000000000000e+00 0.000000000000000000e+00 0.000000000000000000e+00 0.000000000000000000e+00 0.000000000000000000e+00 0.000000000000000000e+00 0.000000000000000000e+00 0.000000000000000000e+00 0.000000000000000000e+00 0.000000000000000000e+00 0.000000000000000000e+00 0.000000000000000000e+00 0.000000000000000000e+00 0.000000000000000000e+00 0.000000000000000000e+00 0.000000000000000000e+00 0.000000000000000000e+00 0.000000000000000000e+00 0.000000000000000000e+00
4.641834092479966145e-01 3.277450008874684406e-01 4.748688313967586172e-01 3.840589222439985129e-01 0.000000000000000000e+00 3.196835508196721465e-01 4.652309016219851046e-01 3.345103920285497634e-01 0.000000000000000000e+00 3.541540462219053276e-01 4.516093876769212145e-01 2.633738545742208559e-01 4.530902154946350735e-01 2.817447320529537502e-01 0.000000000000000000e+00 3.704546531874474691e-01 4.550005965592948676e-01 3.722049716201528136e-01 4.854480033405703665e-01 4.070215612085325008e-01 0.000000000000000000e+00 0.000000000000000000e+00 4.718593459825821124e-01 3.862990948589484219e-01 0.000000000000000000e+00 0.000000000000000000e+00 0.000000000000000000e+00 0.000000000000000000e+00 4.495695064060162283e-01 3.691220440221981147e-01 4.008481698832518370e-01 3.934084477517710288e-01 4.677964876713909814e-01 3.901910780118723610e-01 0.000000000000000000e+00 3.638444565217390791e-01 0.000000000000000000e+00 4.331066488914195323e-01 0.000000000000000000e+00 0.000000000000000000e+00 0.000000000000000000e+00 0.000000000000000000e+00 0.000000000000000000e+00 4.039044621212121156e-01 0.000000000000000000e+00 3.895405165165580219e-01 0.000000000000000000e+00 4.570137275580254399e-01 0.000000000000000000e+00 3.795688819465368735e-01 0.000000000000000000e+00 3.851087893946537055e-01 0.000000000000000000e+00 4.121946046313840206e-01 0.000000000000000000e+00 3.823247436859801840e-01 4.219216014117647129e-01 3.632016751561467083e-01 0.000000000000000000e+00 4.110941492144620235e-01 0.000000000000000000e+00 4.037226914809796119e-01 0.000000000000000000e+00 3.862596432410619895e-01 0.000000000000000000e+00 3.977595126114876201e-01 0.000000000000000000e+00 4.225953147822424927e-01 0.000000000000000000e+00 4.143381933768656711e-01 4.658956769369244078e-01 3.564553571097377471e-01 4.529542232403012680e-01 4.022335240788370569e-01 4.099468152173912361e-01 0.000000000000000000e+00 4.448652199988140654e-01 3.800883349138838296e-01 0.000000000000000000e+00 0.000000000000000000e+00 4.838163563218391139e-01 4.009957302072990615e-01 0.000000000000000000e+00 0.000000000000000000e+00 0.000000000000000000e+00 4.159536950163024716e-01 0.000000000000000000e+00 4.224168048780487794e-01 4.448629759036145104e-01 4.151404853652616023e-01 0.000000000000000000e+00 0.000000000000000000e+00 4.399362696629212643e-01 0.000000000000000000e+00 0.000000000000000000e+00 0.000000000000000000e+00 0.000000000000000000e+00 0.000000000000000000e+00 0.000000000000000000e+00 4.697676506024096588e-01 0.000000000000000000e+00 0.000000000000000000e+00 0.000000000000000000e+00 0.000000000000000000e+00 0.000000000000000000e+00 0.000000000000000000e+00 0.000000000000000000e+00 0.000000000000000000e+00 0.000000000000000000e+00 0.000000000000000000e+00 0.000000000000000000e+00 0.000000000000000000e+00 0.000000000000000000e+00 0.000000000000000000e+00 0.000000000000000000e+00 0.000000000000000000e+00
3.805196779966616982e-01 0.000000000000000000e+00 3.614789576979670627e-01 4.479272566383701304e-01 2.603948453351448977e-01 4.360910768948921823e-01 2.885444674051193537e-01 4.462888318277303812e-01 2.687499362953267856e-01 4.287304450739544137e-01 3.573376186549865330e-01 4.530902154946350735e-01 2.790918786930706164e-01 4.368388947747738893e-01 2.867840195644084100e-01 4.550389504375332295e-01 3.990062844288468913e-01 0.000000000000000000e+00 3.998081669506156621e-01 4.619577018281712522e-01 0.000000000000000000e+00 0.000000000000000000e+00 3.785694057311689287e-01 4.365626269896201173e-01 0.000000000000000000e+00 4.066044332449160192e-01 0.000000000000000000e+00 0.000000000000000000e+00 3.497953097644205256e-01 4.365789212660550755e-01 3.672651157886146489e-01 4.170255584242252289e-01 3.920052733864743955e-01 4.430883987745801722e-01 4.516575754387714969e-01 0.000000000000000000e+00 4.410884632699184071e-01 0.000000000000000000e+00 0.000000000000000000e+00 0.000000000000000000e+00 0.000000000000000000e+00 0.000000000000000000e+00 0.000000000000000000e+00 0.000000000000000000e+00 4.044444440559440412e-01 0.000000000000000000e+00 0.000000000000000000e+00 0.000000000000000000e+00 3.916829286474053928e-01 0.000000000000000000e+00 4.022888383227139486e-01 0.000000000000000000e+00 0.000000000000000000e+00 0.000000000000000000e+00 3.910049252336448844e-01 0.000000000000000000e+00 4.134684935368227454e-01 4.747550357142857336e-01 3.935009041943658969e-01 0.000000000000000000e+00 4.167489602570425000e-01 0.000000000000000000e+00 3.850656806517198105e-01 0.000000000000000000e+00 3.985924884092393872e-01 0.000000000000000000e+00 3.910070640490089233e-01 4.782297959183673397e-01 3.963520892929774941e-01 0.000000000000000000e+00 3.182230757857519299e-01 4.571835263520384607e-01 3.681081243479955023e-01 4.389690138811607190e-01 3.591314651162790805e-01 0.000000000000000000e+00 3.699327889764432720e-01 4.390238255489137265e-01 3.887651518066878031e-01 0.000000000000000000e+00 3.740969161260441211e-01 0.000000000000000000e+00 0.000000000000000000e+00 0.000000000000000000e+00 3.875613742219085056e-01 4.049435027932961062e-01 0.000000000000000000e+00 0.000000000000000000e+00 3.978194067702540693e-01 0.000000000000000000e+00 0.000000000000000000e+00 4.162142409482758598e-01 3.813549504132232038e-01 0.000000000000000000e+00 0.000000000000000000e+00 0.000000000000000000e+00 0.000000000000000000e+00 0.000000000000000000e+00 0.000000000000000000e+00 0.000000000000000000e+00 0.000000000000000000e+00 0.000000000000000000e+00 0.000000000000000000e+00 4.520629637681159441e-01 0.000000000000000000e+00 0.000000000000000000e+00 0.000000000000000000e+00 0.000000000000000000e+00 0.000000000000000000e+00 0.000000000000000000e+00 0.000000000000000000e+00 3.772221415929203903e-01 0.000000000000000000e+00 0.000000000000000000e+00 0.000000000000000000e+00 0.000000000000000000e+00
