0.000000000000000000e+00 1.258039038700214420e-02 1.254506128334534898e-01 2.401152553225548419e-03 4.164064126587549560e-04 0.000000000000000000e+00 1.789491496742533216e-01 3.923171230077645774e-03 2.633889376646180759e-03 0.000000000000000000e+00 3.084263593806265691e-01 7.649938800489596491e-04 6.708169228814636620e-02 0.000000000000000000e+00 6.584723441615451898e-04 0.000000000000000000e+00 8.705592683784733887e-02 2.931596091205211640e-03 6.139045918873350938e-02 2.019740449643575228e-02 0.000000000000000000e+00 0.000000000000000000e+00 1.754385964912280734e-03 9.988346928583319989e-04 0.000000000000000000e+00 0.000000000000000000e+00 6.095702529716549422e-04 0.000000000000000000e+00 4.159304064156585379e-02 1.024065540194572452e-03 1.227696840726796509e-02 5.425935973955507393e-04 1.346554045782837571e-02 1.198339309303642249e-02 0.000000000000000000e+00 0.000000000000000000e+00 8.572039333048311893e-02 1.008064516129032230e-03 0.000000000000000000e+00 0.000000000000000000e+00 9.191176470588235600e-03 0.000000000000000000e+00 2.414292612264606376e-04 0.000000000000000000e+00 2.583311805734952202e-04 0.000000000000000000e+00 0.000000000000000000e+00 0.000000000000000000e+00 2.259279182356105364e-03 0.000000000000000000e+00 1.070920392421178743e-02 1.641766540797898503e-04 3.943800838057677852e-03 0.000000000000000000e+00 2.716255745925616298e-03 0.000000000000000000e+00 2.606926097822206412e-01 2.222345685871437472e-03 3.024860572832971037e-02 5.125576627370579058e-04 5.265696599405096656e-02 2.870676044208411303e-04 3.875968992248061962e-03 7.198560287942411349e-04 6.278270309390265869e-02 2.535818435400025617e-04 1.157285639137296124e-02 1.040681173131504256e-03 6.230573608363944305e-02 4.386977603324866866e-03 1.156766413577489938e-01 2.907188022385348027e-04 7.570220319515505447e-02 2.299663895276843947e-03 6.077348066298342288e-02 0.000000000000000000e+00 7.916313259824710180e-02 3.263403263403263400e-03 2.877697841726618768e-03 0.000000000000000000e+00 5.052467936261173347e-03 1.293661060802069908e-04 0.000000000000000000e+00 0.000000000000000000e+00 1.874912550720582091e-02 1.477650535648319106e-04 0.000000000000000000e+00 0.000000000000000000e+00 1.035077630822311620e-02 2.412545235223160383e-04 1.135073779795686688e-03 3.632840881569387396e-04 7.779679477205539038e-04 0.000000000000000000e+00 3.675675675675675602e-02 2.032520325203252248e-03 1.342281879194630800e-03 0.000000000000000000e+00 1.332741003998223111e-03 0.000000000000000000e+00 5.151983513652756566e-04 0.000000000000000000e+00 1.097178683385579981e-03 9.195402298850574639e-05 0.000000000000000000e+00 0.000000000000000000e+00 0.000000000000000000e+00 0.000000000000000000e+00 3.448275862068965469e-02 0.000000000000000000e+00 3.750937734433608525e-04 0.000000000000000000e+00 0.000000000000000000e+00 0.000000000000000000e+00 0.000000000000000000e+00 0.000000000000000000e+00
1.258039038700214420e-02 0.000000000000000000e+00 3.064167267483777768e-03 9.812710100848406891e-02 0.000000000000000000e+00 5.986231667165519722e-04 4.061257297571706400e-03 1.203923171230077693e-01 0.000000000000000000e+00 1.522070015220700068e-03 3.240907454087144524e-03 1.632496940024479870e-01 3.811459789099225204e-04 2.238699557963781672e-02 0.000000000000000000e+00 7.961783439490446260e-04 2.813928948294055522e-03 6.661237785016287105e-02 2.251314093027868835e-02 6.589288978248948603e-02 0.000000000000000000e+00 0.000000000000000000e+00 1.002506265664160389e-03 9.988346928583319989e-04 0.000000000000000000e+00 0.000000000000000000e+00 0.000000000000000000e+00 0.000000000000000000e+00 1.359249694168818872e-04 6.298003072196620145e-02 1.047634637420199674e-02 1.808645324651835798e-04 1.762761659933896607e-02 2.056991885261370140e-02 9.935419771485345247e-04 0.000000000000000000e+00 4.275331338178708614e-04 7.016129032258064391e-02 0.000000000000000000e+00 1.298190401258851254e-02 0.000000000000000000e+00 2.949852507374631227e-03 0.000000000000000000e+00 0.000000000000000000e+00 0.000000000000000000e+00 4.907734589713388116e-04 0.000000000000000000e+00 1.512401693889897278e-04 1.075847229693383591e-04 1.645955065426713904e-03 0.000000000000000000e+00 6.813331144311278800e-03 0.000000000000000000e+00 9.749303621169916030e-04 0.000000000000000000e+00 3.667245705462265828e-03 1.213852195644412636e-03 2.996277570976165205e-01 7.562151432082427592e-04 1.271143003587903685e-02 4.823538869684058212e-04 3.229510549734462138e-02 3.370407819346141025e-04 1.727654469106178897e-02 0.000000000000000000e+00 4.082667680994040565e-02 1.578116780641767442e-03 8.230842005676442322e-03 1.073749646792879382e-02 1.373816670514892702e-01 5.091558731576596546e-03 8.968675049058798254e-02 9.397514879398559005e-04 6.739784185388289495e-02 0.000000000000000000e+00 0.000000000000000000e+00 4.947695787390443863e-03 6.946386946386946815e-02 0.000000000000000000e+00 2.285714285714285886e-03 4.858142246404974956e-04 7.503234152652004871e-03 0.000000000000000000e+00 0.000000000000000000e+00 1.399188470687001468e-04 3.413372737347617619e-02 0.000000000000000000e+00 5.200208008320333355e-04 0.000000000000000000e+00 2.641737032569360655e-02 2.270147559591373485e-04 3.148462097360135454e-03 0.000000000000000000e+00 1.215294007665700766e-03 6.486486486486486153e-03 4.200542005420054154e-02 0.000000000000000000e+00 3.665241295051924371e-03 0.000000000000000000e+00 2.058672156459084076e-03 0.000000000000000000e+00 3.504468196951112920e-04 0.000000000000000000e+00 3.126436781609195567e-03 0.000000000000000000e+00 4.756242568370986929e-04 0.000000000000000000e+00 8.012820512820512543e-04 2.586206896551724102e-02 6.244424620874219380e-03 3.750937734433608525e-04 4.623208506703652089e-04 0.000000000000000000e+00 0.000000000000000000e+00 0.000000000000000000e+00 0.000000000000000000e+00
1.254506128334534898e-01 3.064167267483777768e-03 0.000000000000000000e+00 4.242036177365134976e-03 9.285863002290235813e-02 1.496557916791379931e-03 2.576360098147051358e-01 6.947282386595831673e-03 4.653204565408252530e-02 7.610350076103500339e-04 2.142599927979834187e-02 3.518971848225214104e-03 4.319654427645788081e-02 6.274062455439897122e-03 8.121158911325724802e-03 1.791401273885350354e-03 1.477312697854379214e-02 1.140065146579804503e-03 6.089457502727362720e-02 8.407969292633887121e-03 1.284246575342465682e-03 0.000000000000000000e+00 1.464912280701754499e-01 1.048776427501248512e-02 2.908067542213883805e-02 7.986688851913477730e-03 3.657421517829930087e-03 3.247807729782396747e-04 2.691314394454261127e-02 1.024065540194572452e-03 2.619086593550499359e-02 2.152287936335684632e-02 1.089484637042477735e-02 5.755802981694659558e-03 4.967709885742672624e-04 4.606172270842929638e-04 1.432235998289867543e-02 0.000000000000000000e+00 0.000000000000000000e+00 0.000000000000000000e+00 3.676470588235294067e-03 0.000000000000000000e+00 0.000000000000000000e+00 0.000000000000000000e+00 6.458279514337380775e-04 9.815469179426776773e-05 0.000000000000000000e+00 0.000000000000000000e+00 2.582033351264120292e-03 0.000000000000000000e+00 3.370029206919793446e-03 0.000000000000000000e+00 9.859502095144194629e-04 0.000000000000000000e+00 6.268282490597575822e-04 0.000000000000000000e+00 8.925383791503035263e-03 2.222345685871437309e-04 8.885527932696852746e-03 4.100461301896463464e-04 6.109815901599807177e-03 0.000000000000000000e+00 1.179642736771149359e-03 3.599280143971205674e-04 5.789759363126470090e-03 0.000000000000000000e+00 1.630720673329826356e-02 2.838221381267738881e-04 1.045493077140435129e-02 2.308935580697298593e-04 3.787405091558731368e-02 7.994767061559706397e-04 6.797535762764957135e-02 1.061383336281620333e-03 1.657458563535911533e-02 0.000000000000000000e+00 7.774950523042126194e-02 8.158508158508158501e-04 2.877697841726618768e-03 0.000000000000000000e+00 7.773027594247959495e-04 2.587322121604139816e-04 7.710100231303006592e-04 0.000000000000000000e+00 2.588498670770952945e-03 2.216475803472478794e-04 0.000000000000000000e+00 5.200208008320333355e-04 8.625646923519263501e-04 1.206272617611580192e-04 9.080590238365493939e-04 1.210946960523129042e-04 7.779679477205539038e-04 9.348415443582312647e-05 9.729729729729729229e-03 6.775067750677506769e-04 0.000000000000000000e+00 0.000000000000000000e+00 8.884940026654819653e-04 0.000000000000000000e+00 5.151983513652756566e-04 3.504468196951112920e-04 1.567398119122257155e-04 4.597701149425287184e-04 0.000000000000000000e+00 0.000000000000000000e+00 0.000000000000000000e+00 0.000000000000000000e+00 3.017241379310344959e-02 0.000000000000000000e+00 0.000000000000000000e+00 4.623208506703652089e-04 0.000000000000000000e+00 0.000000000000000000e+00 0.000000000000000000e+00 0.000000000000000000e+00
2.401152553225548419e-03 9.812710100848406891e-02 4.242036177365134976e-03 0.000000000000000000e+00 2.498438475952529519e-03 3.831188266985932622e-02 5.245790676030120947e-03 2.669391091131998461e-01 2.633889376646180759e-03 2.016742770167427590e-02 1.980554555275477330e-03 4.911260709914321010e-02 5.717189683648837319e-03 6.659061742478254720e-02 6.584723441615451898e-04 1.612261146496815276e-02 7.034822370735138806e-04 2.133550488599348510e-02 4.958841614598829585e-03 9.440687260098702682e-02 4.280821917808218940e-04 0.000000000000000000e+00 2.280701754385965063e-02 1.756284334942566916e-01 2.345215759849906406e-03 1.763727121464226180e-02 9.143553794574825217e-04 2.598246183825917398e-03 1.087399755335055097e-03 3.174603174603174427e-02 2.700933049598952529e-02 2.893832519442937276e-02 3.672420124862284165e-03 1.321003963011889090e-02 0.000000000000000000e+00 2.303086135421464602e-03 2.137665669089354307e-04 1.512096774193548432e-02 0.000000000000000000e+00 1.770259638080251899e-02 0.000000000000000000e+00 2.949852507374631227e-03 0.000000000000000000e+00 5.184705119896306381e-04 0.000000000000000000e+00 1.177856301531213104e-03 0.000000000000000000e+00 1.512401693889897278e-04 0.000000000000000000e+00 2.551230351411406302e-03 0.000000000000000000e+00 5.499917911672960215e-03 0.000000000000000000e+00 1.253481894150417853e-03 0.000000000000000000e+00 9.650646593321752977e-04 8.568368439842913428e-04 1.716762042335685454e-02 0.000000000000000000e+00 1.547924141465914852e-02 1.607846289894686071e-04 2.870676044208411194e-03 0.000000000000000000e+00 1.079784043191361811e-03 1.809299800977021903e-04 1.369341955116013670e-02 5.260389268805891472e-04 1.239356669820245935e-02 7.064142413111048225e-04 1.616254906488108836e-02 1.607860652076820076e-03 3.735736608765172218e-02 1.566252479899759870e-03 7.314700159207500330e-02 0.000000000000000000e+00 1.960784313725490169e-02 1.130901894260672802e-03 9.766899766899767021e-02 0.000000000000000000e+00 0.000000000000000000e+00 0.000000000000000000e+00 9.055627425614489086e-04 0.000000000000000000e+00 2.186588921282798907e-03 6.995942353435007338e-05 3.768008865903213923e-03 0.000000000000000000e+00 1.040041601664066671e-03 0.000000000000000000e+00 1.688781664656212322e-03 2.270147559591373485e-04 7.265681763138774792e-04 3.111871790882215615e-04 4.674207721791156459e-04 7.027027027027027244e-03 1.558265582655826535e-02 0.000000000000000000e+00 0.000000000000000000e+00 0.000000000000000000e+00 5.146680391147710190e-04 0.000000000000000000e+00 1.752234098475556460e-04 1.567398119122257155e-04 9.195402298850574368e-04 3.425830763960260438e-04 2.378121284185493465e-04 0.000000000000000000e+00 0.000000000000000000e+00 4.310344827586206837e-03 4.460303300624442538e-03 0.000000000000000000e+00 0.000000000000000000e+00 0.000000000000000000e+00 0.000000000000000000e+00 0.000000000000000000e+00 0.000000000000000000e+00
4.164064126587549560e-04 0.000000000000000000e+00 9.285863002290235813e-02 2.498438475952529519e-03 0.000000000000000000e+00 8.979347500748278499e-04 2.707504865047804556e-03 8.173273395995096086e-04 4.442493415276558277e-01 1.141552511415525051e-03 0.000000000000000000e+00 0.000000000000000000e+00 7.368822258925168331e-03 4.277769855981748432e-04 1.709833187006145616e-01 7.961783439490446260e-04 3.517411185367569403e-04 0.000000000000000000e+00 2.975304968759297838e-04 9.139097057210746988e-05 3.724315068493150999e-02 2.101944298476090319e-03 1.416040100250626557e-02 2.663559180955551997e-03 2.814258911819887340e-02 1.264559068219633930e-02 2.127400182871075907e-01 6.495615459564793494e-04 1.100992252276743188e-02 0.000000000000000000e+00 8.184645604845310063e-03 4.521613311629589169e-03 2.448280083241522885e-04 0.000000000000000000e+00 0.000000000000000000e+00 0.000000000000000000e+00 0.000000000000000000e+00 0.000000000000000000e+00 0.000000000000000000e+00 0.000000000000000000e+00 0.000000000000000000e+00 0.000000000000000000e+00 1.207146306132303188e-04 0.000000000000000000e+00 0.000000000000000000e+00 0.000000000000000000e+00 0.000000000000000000e+00 0.000000000000000000e+00 0.000000000000000000e+00 0.000000000000000000e+00 7.488953793155096847e-05 0.000000000000000000e+00 0.000000000000000000e+00 0.000000000000000000e+00 0.000000000000000000e+00 0.000000000000000000e+00 7.140307033202428308e-05 0.000000000000000000e+00 0.000000000000000000e+00 0.000000000000000000e+00 2.411769434842029106e-04 0.000000000000000000e+00 0.000000000000000000e+00 0.000000000000000000e+00 0.000000000000000000e+00 0.000000000000000000e+00 0.000000000000000000e+00 0.000000000000000000e+00 0.000000000000000000e+00 0.000000000000000000e+00 3.126395712371594221e-02 1.453594011192674014e-04 3.675472486164770014e-02 0.000000000000000000e+00 5.524861878453038444e-03 0.000000000000000000e+00 2.403166525303929678e-03 0.000000000000000000e+00 0.000000000000000000e+00 0.000000000000000000e+00 9.716284492809949369e-05 0.000000000000000000e+00 7.710100231303006592e-04 0.000000000000000000e+00 8.395130824122009347e-04 0.000000000000000000e+00 8.136696501220504240e-04 0.000000000000000000e+00 7.188039102932720307e-04 0.000000000000000000e+00 0.000000000000000000e+00 0.000000000000000000e+00 0.000000000000000000e+00 0.000000000000000000e+00 5.405405405405405489e-04 0.000000000000000000e+00 0.000000000000000000e+00 0.000000000000000000e+00 0.000000000000000000e+00 0.000000000000000000e+00 0.000000000000000000e+00 0.000000000000000000e+00 0.000000000000000000e+00 9.195402298850574639e-05 0.000000000000000000e+00 0.000000000000000000e+00 0.000000000000000000e+00 0.000000000000000000e+00 0.000000000000000000e+00 0.000000000000000000e+00 0.000000000000000000e+00 0.000000000000000000e+00 0.000000000000000000e+00 0.000000000000000000e+00 0.000000000000000000e+00 0.000000000000000000e+00
0.000000000000000000e+00 5.986231667165519722e-04 1.496557916791379931e-03 3.831188266985932622e-02 8.979347500748278499e-04 0.000000000000000000e+00 5.076571621964633000e-04 6.129955046996322064e-03 8.779631255487269558e-04 3.276255707762557035e-01 0.000000000000000000e+00 1.529987760097919081e-04 2.540973192732816442e-04 1.140738628261799437e-03 2.194907813871817390e-04 1.150477707006369449e-01 0.000000000000000000e+00 0.000000000000000000e+00 0.000000000000000000e+00 6.397367940047523705e-04 2.140410958904109470e-03 5.727798213347345957e-02 2.631578947368420993e-03 2.030963875478608224e-02 7.035647279549718351e-03 7.820299500831946748e-02 1.219140505943309884e-03 1.526469632997726478e-01 1.359249694168818872e-04 8.832565284178186746e-03 9.821574725814371729e-03 5.787665038885874552e-03 0.000000000000000000e+00 5.661445555765238927e-04 0.000000000000000000e+00 0.000000000000000000e+00 0.000000000000000000e+00 0.000000000000000000e+00 0.000000000000000000e+00 0.000000000000000000e+00 0.000000000000000000e+00 0.000000000000000000e+00 0.000000000000000000e+00 0.000000000000000000e+00 0.000000000000000000e+00 0.000000000000000000e+00 0.000000000000000000e+00 0.000000000000000000e+00 0.000000000000000000e+00 0.000000000000000000e+00 0.000000000000000000e+00 0.000000000000000000e+00 0.000000000000000000e+00 0.000000000000000000e+00 0.000000000000000000e+00 0.000000000000000000e+00 0.000000000000000000e+00 0.000000000000000000e+00 0.000000000000000000e+00 0.000000000000000000e+00 0.000000000000000000e+00 0.000000000000000000e+00 0.000000000000000000e+00 0.000000000000000000e+00 0.000000000000000000e+00 0.000000000000000000e+00 0.000000000000000000e+00 2.838221381267738881e-04 0.000000000000000000e+00 0.000000000000000000e+00 2.679767753461366432e-04 1.795188603822952395e-02 1.044168319933173238e-04 2.184680700513002075e-02 0.000000000000000000e+00 0.000000000000000000e+00 0.000000000000000000e+00 8.158508158508158501e-04 0.000000000000000000e+00 0.000000000000000000e+00 0.000000000000000000e+00 0.000000000000000000e+00 0.000000000000000000e+00 0.000000000000000000e+00 0.000000000000000000e+00 1.477650535648319106e-04 0.000000000000000000e+00 0.000000000000000000e+00 0.000000000000000000e+00 1.206272617611580192e-04 0.000000000000000000e+00 0.000000000000000000e+00 0.000000000000000000e+00 0.000000000000000000e+00 0.000000000000000000e+00 6.775067750677506769e-04 0.000000000000000000e+00 0.000000000000000000e+00 0.000000000000000000e+00 0.000000000000000000e+00 0.000000000000000000e+00 0.000000000000000000e+00 0.000000000000000000e+00 0.000000000000000000e+00 0.000000000000000000e+00 0.000000000000000000e+00 0.000000000000000000e+00 0.000000000000000000e+00 0.000000000000000000e+00 0.000000000000000000e+00 0.000000000000000000e+00 0.000000000000000000e+00 0.000000000000000000e+00 0.000000000000000000e+00 0.000000000000000000e+00 0.000000000000000000e+00
1.789491496742533216e-01 4.061257297571706400e-03 2.576360098147051358e-01 5.245790676030120947e-03 2.707504865047804556e-03 5.076571621964633000e-04 0.000000000000000000e+00 9.154066203514507963e-03 2.546093064091308270e-02 0.000000000000000000e+00 6.607850198055455204e-02 4.436964504283965986e-03 2.295769279634099769e-01 5.846285469841722496e-03 1.316944688323090380e-03 1.990445859872611457e-03 1.090397467463946612e-02 1.628664495114006587e-03 1.051274422294951917e-02 8.316578322061779840e-03 4.280821917808218940e-04 0.000000000000000000e+00 2.894736842105263136e-02 7.324787747627767992e-03 1.407129455909943714e-03 1.996672212978369432e-03 6.095702529716549422e-04 6.495615459564793494e-04 1.916542068778034555e-02 1.792114695340501791e-03 8.839417253232935076e-03 1.446916259721468638e-02 2.081038070755294317e-03 8.114738629930175542e-03 4.967709885742672624e-04 0.000000000000000000e+00 1.004702864471996616e-02 2.016129032258064514e-04 0.000000000000000000e+00 0.000000000000000000e+00 0.000000000000000000e+00 0.000000000000000000e+00 1.207146306132303188e-04 0.000000000000000000e+00 5.166623611469904403e-04 9.815469179426776773e-05 0.000000000000000000e+00 0.000000000000000000e+00 3.873050026896180872e-03 8.229775327133568978e-05 8.312738710402157311e-03 0.000000000000000000e+00 3.943800838057677852e-03 0.000000000000000000e+00 2.925198495612202267e-03 0.000000000000000000e+00 1.235273116744019933e-02 6.667037057614312199e-04 8.885527932696852746e-03 6.150691952844694653e-04 1.913337084974676278e-02 5.741352088416822605e-04 3.875968992248061962e-03 7.198560287942411349e-04 3.546227609914962692e-02 1.267909217700012808e-04 3.857618797124320702e-03 1.135288552507095552e-03 1.412828482622209645e-03 4.617871161394597186e-04 5.207682000893255891e-02 1.744312813431208708e-03 4.270648428526678531e-02 1.857420838492835746e-03 2.762430939226519222e-03 0.000000000000000000e+00 6.771275091885778363e-02 1.048951048951048950e-03 2.158273381294963968e-03 0.000000000000000000e+00 3.400699572483482144e-03 2.587322121604139816e-04 0.000000000000000000e+00 0.000000000000000000e+00 2.560514901357212672e-02 1.477650535648319106e-04 0.000000000000000000e+00 0.000000000000000000e+00 1.178838412880966156e-02 0.000000000000000000e+00 2.270147559591373485e-04 3.632840881569387396e-04 1.555935895441107808e-04 0.000000000000000000e+00 8.108108108108108558e-03 2.032520325203252248e-03 0.000000000000000000e+00 0.000000000000000000e+00 0.000000000000000000e+00 0.000000000000000000e+00 0.000000000000000000e+00 0.000000000000000000e+00 0.000000000000000000e+00 2.758620689655172527e-04 0.000000000000000000e+00 0.000000000000000000e+00 0.000000000000000000e+00 0.000000000000000000e+00 2.586206896551724102e-02 0.000000000000000000e+00 0.000000000000000000e+00 0.000000000000000000e+00 0.000000000000000000e+00 0.000000000000000000e+00 0.000000000000000000e+00 0.000000000000000000e+00
3.923171230077645774e-03 1.203923171230077693e-01 6.947282386595831673e-03 2.669391091131998461e-01 8.173273395995096086e-04 6.129955046996322064e-03 9.154066203514507963e-03 0.000000000000000000e+00 2.926543751829089636e-03 5.783866057838660257e-02 3.420957868203096733e-03 1.783965728274173879e-01 8.512260195654935621e-03 2.569513760159703453e-01 1.755926251097453912e-03 2.368630573248407811e-02 7.034822370735138806e-04 1.172638436482084656e-02 8.826738073985916991e-03 9.778833851215499792e-03 0.000000000000000000e+00 0.000000000000000000e+00 2.781954887218045236e-02 2.030963875478608224e-02 2.345215759849906406e-03 1.663893510815307860e-03 3.047851264858274711e-04 6.495615459564793494e-04 6.796248470844094359e-04 1.420890937019969255e-02 2.013422818791946178e-02 5.968529571351057807e-03 4.651732158158893536e-03 2.642007926023778094e-03 0.000000000000000000e+00 9.212344541685859277e-04 0.000000000000000000e+00 4.032258064516128920e-03 0.000000000000000000e+00 2.360346184107002358e-03 0.000000000000000000e+00 0.000000000000000000e+00 0.000000000000000000e+00 0.000000000000000000e+00 0.000000000000000000e+00 8.833922261484098825e-04 0.000000000000000000e+00 0.000000000000000000e+00 0.000000000000000000e+00 2.057443831783392109e-03 7.488953793155096847e-05 4.514857987194221059e-03 0.000000000000000000e+00 1.253481894150417853e-03 0.000000000000000000e+00 4.632310364794440909e-03 7.140307033202428308e-05 5.055836435357520184e-03 3.781075716041213796e-04 2.870322911327524533e-03 2.411769434842029106e-04 9.042629539256495305e-03 0.000000000000000000e+00 2.159568086382723621e-03 0.000000000000000000e+00 2.104729301382021051e-02 7.013852358407856018e-04 1.324503311258278145e-03 1.412828482622209699e-04 4.617871161394597186e-04 2.858418937025457816e-03 6.715604331710153807e-02 2.297170303852981259e-03 4.342826817618963137e-02 2.762430939226519222e-03 0.000000000000000000e+00 1.837715578173593385e-03 4.079254079254079207e-02 0.000000000000000000e+00 0.000000000000000000e+00 2.914885347842985082e-04 2.328589909443725889e-03 0.000000000000000000e+00 0.000000000000000000e+00 6.995942353435007338e-05 2.002216475803472381e-02 0.000000000000000000e+00 0.000000000000000000e+00 0.000000000000000000e+00 1.990349819059107281e-02 0.000000000000000000e+00 4.843787842092516166e-04 1.555935895441107808e-04 9.348415443582312647e-05 1.621621621621621538e-03 2.032520325203252248e-03 0.000000000000000000e+00 0.000000000000000000e+00 4.442470013327409826e-04 5.146680391147710190e-04 0.000000000000000000e+00 0.000000000000000000e+00 0.000000000000000000e+00 0.000000000000000000e+00 0.000000000000000000e+00 0.000000000000000000e+00 0.000000000000000000e+00 0.000000000000000000e+00 0.000000000000000000e+00 8.920606601248885293e-04 0.000000000000000000e+00 0.000000000000000000e+00 0.000000000000000000e+00 0.000000000000000000e+00 0.000000000000000000e+00 0.000000000000000000e+00
2.633889376646180759e-03 0.000000000000000000e+00 4.653204565408252530e-02 2.633889376646180759e-03 4.442493415276558277e-01 8.779631255487269558e-04 2.546093064091308270e-02 2.926543751829089636e-03 0.000000000000000000e+00 3.805175038051750169e-04 3.601008282319049592e-04 0.000000000000000000e+00 2.452039130987167942e-02 4.277769855981748432e-04 1.771290605794556550e-01 7.961783439490446260e-04 5.276116778051354646e-04 0.000000000000000000e+00 5.950609937518595675e-04 0.000000000000000000e+00 2.140410958904109470e-03 0.000000000000000000e+00 7.894736842105263414e-03 1.831196936906941998e-03 2.814258911819887427e-03 3.660565723793677076e-03 1.219140505943309971e-02 0.000000000000000000e+00 7.068098409677857699e-03 0.000000000000000000e+00 2.946472417744311692e-03 2.351238922047386645e-03 0.000000000000000000e+00 0.000000000000000000e+00 0.000000000000000000e+00 0.000000000000000000e+00 0.000000000000000000e+00 0.000000000000000000e+00 0.000000000000000000e+00 0.000000000000000000e+00 0.000000000000000000e+00 0.000000000000000000e+00 0.000000000000000000e+00 0.000000000000000000e+00 0.000000000000000000e+00 0.000000000000000000e+00 0.000000000000000000e+00 0.000000000000000000e+00 0.000000000000000000e+00 0.000000000000000000e+00 0.000000000000000000e+00 0.000000000000000000e+00 0.000000000000000000e+00 0.000000000000000000e+00 2.089427496865858879e-04 0.000000000000000000e+00 2.856122813280971323e-04 0.000000000000000000e+00 9.452689290103034490e-05 0.000000000000000000e+00 4.823538869684058212e-04 0.000000000000000000e+00 0.000000000000000000e+00 0.000000000000000000e+00 5.427899402931065168e-04 0.000000000000000000e+00 0.000000000000000000e+00 0.000000000000000000e+00 0.000000000000000000e+00 0.000000000000000000e+00 1.482804823581956172e-02 0.000000000000000000e+00 1.775086143886394491e-02 0.000000000000000000e+00 2.762430939226519222e-03 0.000000000000000000e+00 2.827254735651682331e-03 0.000000000000000000e+00 0.000000000000000000e+00 0.000000000000000000e+00 9.716284492809949369e-05 0.000000000000000000e+00 7.710100231303006592e-04 0.000000000000000000e+00 2.798376941374002935e-04 0.000000000000000000e+00 8.136696501220504240e-04 0.000000000000000000e+00 2.875215641173088014e-04 0.000000000000000000e+00 0.000000000000000000e+00 0.000000000000000000e+00 0.000000000000000000e+00 0.000000000000000000e+00 1.081081081081081098e-03 0.000000000000000000e+00 0.000000000000000000e+00 0.000000000000000000e+00 0.000000000000000000e+00 0.000000000000000000e+00 0.000000000000000000e+00 0.000000000000000000e+00 0.000000000000000000e+00 0.000000000000000000e+00 0.000000000000000000e+00 0.000000000000000000e+00 0.000000000000000000e+00 0.000000000000000000e+00 4.310344827586206837e-03 0.000000000000000000e+00 0.000000000000000000e+00 0.000000000000000000e+00 0.000000000000000000e+00 0.000000000000000000e+00 0.000000000000000000e+00 0.000000000000000000e+00
0.000000000000000000e+00 1.522070015220700068e-03 7.610350076103500339e-04 2.016742770167427590e-02 1.141552511415525051e-03 3.276255707762557035e-01 0.000000000000000000e+00 5.783866057838660257e-02 3.805175038051750169e-04 0.000000000000000000e+00 0.000000000000000000e+00 1.529987760097919081e-04 0.000000000000000000e+00 1.069442463995437000e-02 6.584723441615451898e-04 1.974522292993630690e-01 0.000000000000000000e+00 0.000000000000000000e+00 0.000000000000000000e+00 0.000000000000000000e+00 8.561643835616437881e-04 6.305832895428271391e-03 7.518796992481203458e-04 4.328283669052771995e-03 1.876172607879924951e-03 0.000000000000000000e+00 0.000000000000000000e+00 1.396557323806430634e-02 1.359249694168818872e-04 6.272401433691756484e-03 1.473236208872155846e-03 9.043226623259178988e-04 0.000000000000000000e+00 1.887148518588412885e-04 0.000000000000000000e+00 0.000000000000000000e+00 0.000000000000000000e+00 0.000000000000000000e+00 0.000000000000000000e+00 0.000000000000000000e+00 0.000000000000000000e+00 0.000000000000000000e+00 0.000000000000000000e+00 0.000000000000000000e+00 0.000000000000000000e+00 0.000000000000000000e+00 0.000000000000000000e+00 0.000000000000000000e+00 0.000000000000000000e+00 0.000000000000000000e+00 0.000000000000000000e+00 0.000000000000000000e+00 0.000000000000000000e+00 0.000000000000000000e+00 0.000000000000000000e+00 0.000000000000000000e+00 0.000000000000000000e+00 5.555864214678593274e-05 0.000000000000000000e+00 0.000000000000000000e+00 0.000000000000000000e+00 0.000000000000000000e+00 0.000000000000000000e+00 1.199760047990401982e-04 0.000000000000000000e+00 0.000000000000000000e+00 0.000000000000000000e+00 0.000000000000000000e+00 0.000000000000000000e+00 0.000000000000000000e+00 8.932559178204555676e-05 8.721564067156043973e-03 1.044168319933173238e-04 1.485936670794268596e-02 0.000000000000000000e+00 0.000000000000000000e+00 0.000000000000000000e+00 2.214452214452214667e-03 0.000000000000000000e+00 0.000000000000000000e+00 0.000000000000000000e+00 3.880983182406209453e-04 0.000000000000000000e+00 0.000000000000000000e+00 0.000000000000000000e+00 1.477650535648319106e-04 0.000000000000000000e+00 0.000000000000000000e+00 0.000000000000000000e+00 2.412545235223160383e-04 0.000000000000000000e+00 0.000000000000000000e+00 0.000000000000000000e+00 0.000000000000000000e+00 0.000000000000000000e+00 6.775067750677506769e-04 0.000000000000000000e+00 0.000000000000000000e+00 0.000000000000000000e+00 0.000000000000000000e+00 0.000000000000000000e+00 1.752234098475556460e-04 0.000000000000000000e+00 9.195402298850574639e-05 0.000000000000000000e+00 0.000000000000000000e+00 0.000000000000000000e+00 0.000000000000000000e+00 4.310344827586206837e-03 0.000000000000000000e+00 0.000000000000000000e+00 0.000000000000000000e+00 0.000000000000000000e+00 0.000000000000000000e+00 0.000000000000000000e+00 0.000000000000000000e+00
3.084263593806265691e-01 3.240907454087144524e-03 2.142599927979834187e-02 1.980554555275477330e-03 0.000000000000000000e+00 0.000000000000000000e+00 6.607850198055455204e-02 3.420957868203096733e-03 3.601008282319049592e-04 0.000000000000000000e+00 0.000000000000000000e+00 9.179926560587515572e-04 1.323847033413797503e-01 4.277769855981748432e-04 4.389815627743634779e-04 0.000000000000000000e+00 6.507210692930003038e-02 0.000000000000000000e+00 1.537240900525637180e-02 2.650338146591116762e-03 4.280821917808218940e-04 0.000000000000000000e+00 4.511278195488722075e-03 1.498252039287497998e-03 0.000000000000000000e+00 0.000000000000000000e+00 0.000000000000000000e+00 0.000000000000000000e+00 4.703003941824113188e-02 0.000000000000000000e+00 2.128007857259780859e-03 5.425935973955507393e-04 1.591382054106989848e-03 1.887148518588412831e-03 0.000000000000000000e+00 0.000000000000000000e+00 2.565198802907225385e-03 0.000000000000000000e+00 0.000000000000000000e+00 0.000000000000000000e+00 0.000000000000000000e+00 0.000000000000000000e+00 0.000000000000000000e+00 0.000000000000000000e+00 0.000000000000000000e+00 0.000000000000000000e+00 0.000000000000000000e+00 0.000000000000000000e+00 3.227541689080150366e-04 0.000000000000000000e+00 2.246686137946528783e-04 0.000000000000000000e+00 0.000000000000000000e+00 0.000000000000000000e+00 0.000000000000000000e+00 0.000000000000000000e+00 1.135308818279186054e-02 1.666759264403578050e-04 1.323376500614424720e-03 0.000000000000000000e+00 1.334512420612589401e-02 0.000000000000000000e+00 1.061678463094034401e-02 0.000000000000000000e+00 1.863578795006332403e-02 0.000000000000000000e+00 7.890583903208837208e-04 1.892147587511825921e-04 9.889799378355467081e-04 0.000000000000000000e+00 3.412237606074140089e-02 2.907188022385348027e-04 1.305210399916466486e-02 4.422430567840084721e-04 8.287292817679557666e-03 0.000000000000000000e+00 3.534068419564602697e-03 1.165501165501165500e-04 1.438848920863309384e-03 0.000000000000000000e+00 3.595025262339681185e-03 0.000000000000000000e+00 0.000000000000000000e+00 0.000000000000000000e+00 6.786064082831957077e-03 0.000000000000000000e+00 0.000000000000000000e+00 0.000000000000000000e+00 3.594019551466359937e-03 0.000000000000000000e+00 2.270147559591373485e-04 1.210946960523129042e-04 0.000000000000000000e+00 0.000000000000000000e+00 1.081081081081081098e-03 6.775067750677506769e-04 0.000000000000000000e+00 0.000000000000000000e+00 0.000000000000000000e+00 0.000000000000000000e+00 0.000000000000000000e+00 0.000000000000000000e+00 1.567398119122257155e-04 0.000000000000000000e+00 0.000000000000000000e+00 0.000000000000000000e+00 0.000000000000000000e+00 0.000000000000000000e+00 4.310344827586206837e-03 0.000000000000000000e+00 0.000000000000000000e+00 0.000000000000000000e+00 0.000000000000000000e+00 0.000000000000000000e+00 0.000000000000000000e+00 0.000000000000000000e+00
7.649938800489596491e-04 1.632496940024479870e-01 3.518971848225214104e-03 4.911260709914321010e-02 0.000000000000000000e+00 1.529987760097919081e-04 4.436964504283965986e-03 1.783965728274173879e-01 0.000000000000000000e+00 1.529987760097919081e-04 9.179926560587515572e-04 0.000000000000000000e+00 1.778681234912971726e-03 9.382575217453301142e-02 0.000000000000000000e+00 5.175159235668789527e-03 1.758705592683784701e-04 7.785016286644950989e-02 2.380243975007438270e-03 1.690732955583988326e-02 0.000000000000000000e+00 0.000000000000000000e+00 5.137844611528822290e-03 1.115365407025137312e-02 0.000000000000000000e+00 0.000000000000000000e+00 0.000000000000000000e+00 0.000000000000000000e+00 2.718499388337637743e-04 8.384536610343061580e-02 4.419708626616467538e-03 5.606800506420691298e-03 1.346554045782837614e-03 5.095301000188714492e-03 4.967709885742672624e-04 0.000000000000000000e+00 2.137665669089354307e-04 4.032258064516129029e-04 0.000000000000000000e+00 3.933910306845003930e-04 0.000000000000000000e+00 0.000000000000000000e+00 0.000000000000000000e+00 0.000000000000000000e+00 0.000000000000000000e+00 2.944640753828032761e-04 0.000000000000000000e+00 1.512401693889897278e-04 0.000000000000000000e+00 3.291910130853427591e-04 0.000000000000000000e+00 6.567066163191594011e-04 0.000000000000000000e+00 0.000000000000000000e+00 0.000000000000000000e+00 3.088206909862960606e-03 7.140307033202428308e-05 1.944552475137507680e-03 9.452689290103034490e-05 5.125576627370579058e-04 0.000000000000000000e+00 8.612028132625233366e-04 0.000000000000000000e+00 1.619676064787042499e-02 0.000000000000000000e+00 5.198427792570052379e-03 8.767315448009820023e-05 6.622516556291390723e-04 0.000000000000000000e+00 4.617871161394597186e-04 8.932559178204555134e-04 3.939239770332145923e-02 6.265009919599039698e-04 6.368300017689722432e-03 0.000000000000000000e+00 0.000000000000000000e+00 7.068136839129205828e-04 3.263403263403263400e-03 0.000000000000000000e+00 1.142857142857142943e-03 9.716284492809949369e-05 1.940491591203104618e-02 0.000000000000000000e+00 1.020408163265306041e-02 0.000000000000000000e+00 2.216475803472478870e-02 0.000000000000000000e+00 5.200208008320333355e-04 0.000000000000000000e+00 2.895054282267792503e-02 0.000000000000000000e+00 0.000000000000000000e+00 0.000000000000000000e+00 0.000000000000000000e+00 0.000000000000000000e+00 6.775067750677506769e-04 0.000000000000000000e+00 0.000000000000000000e+00 0.000000000000000000e+00 0.000000000000000000e+00 0.000000000000000000e+00 1.752234098475556460e-04 0.000000000000000000e+00 0.000000000000000000e+00 0.000000000000000000e+00 0.000000000000000000e+00 0.000000000000000000e+00 0.000000000000000000e+00 0.000000000000000000e+00 0.000000000000000000e+00 0.000000000000000000e+00 0.000000000000000000e+00 0.000000000000000000e+00 0.000000000000000000e+00 0.000000000000000000e+00 0.000000000000000000e+00
6.708169228814636620e-02 3.811459789099225204e-04 4.319654427645788081e-02 5.717189683648837319e-03 7.368822258925168331e-03 2.540973192732816442e-04 2.295769279634099769e-01 8.512260195654935621e-03 2.452039130987167942e-02 0.000000000000000000e+00 1.323847033413797503e-01 1.778681234912971726e-03 0.000000000000000000e+00 3.137031227719948561e-03 2.012730465320456408e-01 5.971337579617834153e-04 1.143158635244460007e-02 0.000000000000000000e+00 6.644847763562431765e-03 7.311277645768597590e-04 4.280821917808218940e-04 0.000000000000000000e+00 2.593984962406015171e-02 4.661228566672215995e-03 1.407129455909943714e-03 9.983361064891847162e-04 6.095702529716549422e-04 0.000000000000000000e+00 1.194780481174391729e-01 2.560163850486431129e-04 5.401866099197905058e-03 5.968529571351057807e-03 2.081038070755294317e-03 2.264578222306095571e-03 0.000000000000000000e+00 0.000000000000000000e+00 1.710132535271483446e-03 0.000000000000000000e+00 0.000000000000000000e+00 3.933910306845003930e-04 9.191176470588235167e-04 0.000000000000000000e+00 0.000000000000000000e+00 0.000000000000000000e+00 0.000000000000000000e+00 0.000000000000000000e+00 0.000000000000000000e+00 0.000000000000000000e+00 1.075847229693383591e-04 0.000000000000000000e+00 5.991163034524077478e-04 0.000000000000000000e+00 2.464875523786048657e-04 0.000000000000000000e+00 2.089427496865858879e-04 0.000000000000000000e+00 3.070332024277043752e-03 1.111172842935718655e-04 4.726344645051517245e-04 0.000000000000000000e+00 9.245116166894445583e-03 0.000000000000000000e+00 5.561172901921132040e-03 0.000000000000000000e+00 1.537904830830468667e-02 0.000000000000000000e+00 9.644046992810801754e-04 0.000000000000000000e+00 5.651313930488838797e-04 0.000000000000000000e+00 3.885663242518981597e-02 1.017515807834871782e-03 2.965438028610211871e-02 7.960375022112153040e-04 8.287292817679557666e-03 0.000000000000000000e+00 1.950805767599660817e-02 3.496503496503496500e-04 4.316546762589927935e-03 0.000000000000000000e+00 2.817722502914885453e-03 0.000000000000000000e+00 0.000000000000000000e+00 0.000000000000000000e+00 1.175318315377081244e-02 0.000000000000000000e+00 0.000000000000000000e+00 0.000000000000000000e+00 5.175388154111558101e-03 0.000000000000000000e+00 0.000000000000000000e+00 0.000000000000000000e+00 1.555935895441107808e-04 1.869683088716462529e-04 5.405405405405405705e-03 6.775067750677506769e-04 0.000000000000000000e+00 0.000000000000000000e+00 0.000000000000000000e+00 0.000000000000000000e+00 0.000000000000000000e+00 0.000000000000000000e+00 0.000000000000000000e+00 0.000000000000000000e+00 0.000000000000000000e+00 0.000000000000000000e+00 0.000000000000000000e+00 0.000000000000000000e+00 0.000000000000000000e+00 0.000000000000000000e+00 0.000000000000000000e+00 0.000000000000000000e+00 0.000000000000000000e+00 0.000000000000000000e+00 0.000000000000000000e+00 0.000000000000000000e+00
