0.000000000000000000e+00 1.733277240218763018e-02 4.618131015212666862e-02 4.326147528963190762e-03 8.618832148243912687e-04 0.000000000000000000e+00 7.098085719125868387e-02 3.022452504317789477e-03 5.998800239952009096e-04 0.000000000000000000e+00 2.384105960264900625e-01 1.134912753582068348e-03 4.475587703435804365e-02 2.974419988102320190e-04 3.225806451612903223e-03 1.814882032667876463e-04 2.722772277227722762e-02 3.394675719135251124e-03 4.348244348244348356e-02 2.419976860779020356e-02 0.000000000000000000e+00 0.000000000000000000e+00 6.281407035175879490e-04 0.000000000000000000e+00 0.000000000000000000e+00 0.000000000000000000e+00 0.000000000000000000e+00 0.000000000000000000e+00 1.789010364901320524e-02 1.671595731001671633e-03 9.483809781872374516e-04 6.788866259334690829e-04 1.158425399549501203e-02 1.250000000000000069e-02 0.000000000000000000e+00 0.000000000000000000e+00 6.574394463667819488e-02 2.073398299813394223e-04 1.434548714883442967e-02 0.000000000000000000e+00 0.000000000000000000e+00 0.000000000000000000e+00 0.000000000000000000e+00 0.000000000000000000e+00 4.089422028353325981e-04 0.000000000000000000e+00 1.541069502234550877e-04 0.000000000000000000e+00 1.335826876836761863e-03 1.528117359413202927e-04 6.996974281391830398e-03 6.882312456985547678e-05 0.000000000000000000e+00 0.000000000000000000e+00 5.161734342739160691e-04 0.000000000000000000e+00 2.509071361376158937e-01 1.983948056632699099e-03 3.558212354113293729e-02 4.646840148698884541e-04 5.035971223021582649e-02 1.677008217340265103e-04 9.349512631788342923e-03 1.270809505655102394e-04 2.416626389560173893e-02 1.259763164525069411e-04 9.772484348755534553e-03 4.025359766529133625e-04 4.431847461994331550e-02 1.421800947867298513e-03 6.748633879781421041e-02 3.627569528415961462e-04 4.018109790605545878e-02 1.399144966964632666e-03 1.644736842105263067e-03 0.000000000000000000e+00 6.682429069188651483e-02 2.401222440515171381e-03 0.000000000000000000e+00 0.000000000000000000e+00 2.669142392944180014e-03 0.000000000000000000e+00 0.000000000000000000e+00 3.987240829346092529e-04 1.684790932761525599e-03 0.000000000000000000e+00 3.916960438699569006e-04 0.000000000000000000e+00 2.158661629789530509e-03 0.000000000000000000e+00 1.283147989734816129e-03 8.474576271186440432e-04 2.405002405002405145e-03 1.186943620178041500e-03 2.952029520295202866e-02 2.621231979030144189e-03 0.000000000000000000e+00 0.000000000000000000e+00 1.141552511415525051e-03 1.473839351510685368e-03 0.000000000000000000e+00 0.000000000000000000e+00 1.524390243902439077e-03 3.701647233018693283e-04 2.159827213822894301e-03 2.455795677799606897e-04 0.000000000000000000e+00 0.000000000000000000e+00 0.000000000000000000e+00 0.000000000000000000e+00 0.000000000000000000e+00 1.226993865030674919e-03 1.988071570576540551e-03 4.499437570303712469e-03 0.000000000000000000e+00 0.000000000000000000e+00
1.733277240218763018e-02 0.000000000000000000e+00 1.707544240918969312e-03 6.936500953218946441e-02 0.000000000000000000e+00 3.948667324777887198e-04 1.270540403184821374e-03 7.592112838226827698e-02 0.000000000000000000e+00 3.194888178913737886e-03 6.408886989959410377e-04 1.414385019151652711e-01 2.260397830018083109e-04 2.558001189767995093e-02 0.000000000000000000e+00 5.626134301270417117e-03 1.237623762376237639e-03 4.556012149365731845e-02 2.693602693602693485e-02 8.320478210566910338e-02 0.000000000000000000e+00 0.000000000000000000e+00 6.281407035175879490e-04 7.121239095602635311e-04 0.000000000000000000e+00 0.000000000000000000e+00 0.000000000000000000e+00 0.000000000000000000e+00 4.259548487860286936e-04 2.687411598302687568e-02 1.490312965722801787e-03 2.715546503733876548e-04 1.566019521613214519e-02 2.136627906976744026e-02 5.668934240362811941e-04 3.742514970059880467e-04 8.650519031141868775e-04 3.669914990669707888e-02 0.000000000000000000e+00 0.000000000000000000e+00 0.000000000000000000e+00 8.474576271186440649e-03 0.000000000000000000e+00 1.946661475569398615e-04 1.363140676117775417e-04 5.339598462195643391e-04 0.000000000000000000e+00 0.000000000000000000e+00 0.000000000000000000e+00 2.368581907090464619e-03 9.455370650529500978e-05 9.635237439779766044e-03 0.000000000000000000e+00 1.996406468356957432e-04 0.000000000000000000e+00 9.537434430138292405e-04 2.822201317027281473e-03 2.754982415005861607e-01 2.846569883290634936e-04 2.788104089219330811e-02 5.213220727765613145e-04 4.695623008552742006e-02 3.978516013526954597e-04 2.439954250857796422e-02 2.416626389560174002e-04 3.010833963214915726e-02 1.068865475645136565e-03 4.729797725671731901e-03 2.009791290904406127e-02 8.199052132701421802e-02 2.595628415300546554e-03 2.793228536880290255e-02 2.829654782116581917e-04 3.311309755149630801e-02 0.000000000000000000e+00 3.864734299516908115e-03 1.119960179193628608e-03 5.195372189478279779e-02 0.000000000000000000e+00 2.538071065989847518e-03 0.000000000000000000e+00 7.964319847085059301e-04 0.000000000000000000e+00 7.974481658692185058e-04 0.000000000000000000e+00 4.481920388939531971e-03 0.000000000000000000e+00 2.752546105147261261e-04 0.000000000000000000e+00 2.064860925543544109e-03 1.924721984602224085e-03 1.694915254237288086e-03 1.443001443001443000e-03 2.373887240356082999e-03 4.428044280442804299e-03 1.179554390563564842e-02 1.301518438177874182e-03 0.000000000000000000e+00 1.712328767123287576e-03 1.473839351510685368e-03 8.992805755395683921e-04 1.220504475183075690e-03 9.146341463414634681e-04 1.850823616509346750e-03 8.639308855291576552e-04 2.946954813359528493e-03 0.000000000000000000e+00 1.705029838022165383e-03 9.523809523809523281e-02 0.000000000000000000e+00 0.000000000000000000e+00 0.000000000000000000e+00 0.000000000000000000e+00 1.124859392575928117e-03 0.000000000000000000e+00 0.000000000000000000e+00
4.618131015212666862e-02 1.707544240918969312e-03 0.000000000000000000e+00 5.206041941633671004e-03 1.687136393018746072e-01 2.961500493583415616e-03 3.078942910384550036e-01 6.836499712147380350e-03 3.929214157168565980e-02 3.686409437208159300e-03 2.755821405682546549e-02 3.688466449141722132e-03 4.012206148282097817e-02 2.974419988102319865e-03 1.726755218216318929e-02 1.633393829401088952e-03 8.910891089108910132e-03 1.072002858674289726e-03 1.004329004329004293e-01 5.013497878904743695e-03 4.679457182966776101e-04 0.000000000000000000e+00 1.870812395309882636e-01 6.231084208652305084e-03 2.383393131727319300e-02 2.716720177821684186e-03 1.052631578947368397e-02 2.734481815695925604e-04 2.569927587675706337e-02 2.057348592002057261e-03 1.910310256062864101e-02 1.181262729124236271e-02 1.512388716078515508e-02 7.049418604651162476e-03 1.133786848072562388e-03 0.000000000000000000e+00 1.643598615916954872e-02 0.000000000000000000e+00 0.000000000000000000e+00 0.000000000000000000e+00 0.000000000000000000e+00 0.000000000000000000e+00 1.260875047282814280e-04 0.000000000000000000e+00 4.089422028353325981e-04 0.000000000000000000e+00 0.000000000000000000e+00 0.000000000000000000e+00 4.007480630510285697e-04 0.000000000000000000e+00 1.796520423600605132e-03 6.882312456985547678e-05 0.000000000000000000e+00 0.000000000000000000e+00 0.000000000000000000e+00 0.000000000000000000e+00 7.929041795457600350e-03 9.017945711966814581e-05 1.352120694563051576e-02 4.646840148698884541e-04 4.900427484099676746e-03 0.000000000000000000e+00 1.989258006763477190e-03 1.270809505655102394e-04 3.383276945384243711e-03 1.259763164525069411e-04 1.977401129943502991e-02 7.044379591425983843e-04 1.262561195568152536e-02 0.000000000000000000e+00 4.897540983606557541e-02 3.446191051995163308e-03 7.328805885681946575e-02 2.487368830159346865e-03 4.934210526315789547e-02 0.000000000000000000e+00 9.096565455450472681e-02 1.418904169395328622e-03 1.579778830963665063e-03 0.000000000000000000e+00 1.160496692584426235e-03 0.000000000000000000e+00 0.000000000000000000e+00 0.000000000000000000e+00 7.658140603461479701e-04 0.000000000000000000e+00 0.000000000000000000e+00 0.000000000000000000e+00 1.259219284043892797e-03 0.000000000000000000e+00 8.554319931565440138e-04 2.966101694915254314e-03 1.683501683501683428e-03 8.902077151335311246e-04 2.066420664206642180e-02 2.621231979030144189e-03 1.301518438177874182e-03 0.000000000000000000e+00 5.707762557077625254e-04 7.369196757553426839e-04 8.992805755395683921e-04 8.136696501220504240e-04 1.524390243902439077e-03 7.403294466037386567e-04 1.295896328293736537e-03 2.455795677799606897e-04 0.000000000000000000e+00 0.000000000000000000e+00 1.587301587301587213e-02 0.000000000000000000e+00 0.000000000000000000e+00 0.000000000000000000e+00 1.988071570576540551e-03 1.124859392575928117e-03 3.921568627450980338e-03 0.000000000000000000e+00
4.326147528963190762e-03 6.936500953218946441e-02 5.206041941633671004e-03 0.000000000000000000e+00 1.292824822236586903e-03 2.349457058242843122e-02 7.962053193291546149e-03 2.227259643062751981e-01 1.199760047990401819e-03 4.546571639223396383e-02 3.418073061311685534e-03 4.411973329550290812e-02 5.085895117540687252e-03 2.716636922466785647e-02 1.707779886148007601e-03 1.960072595281306743e-02 4.950495049504950555e-04 1.715204573878863561e-02 1.298701298701298787e-02 1.146355572695719194e-01 0.000000000000000000e+00 1.407459535538353257e-03 1.235343383584589644e-02 3.160049848673669448e-01 1.281394156842644710e-03 3.729315880464312283e-02 8.097165991902833659e-04 1.203171998906207331e-02 1.987789294334800679e-03 3.188890317603188668e-02 8.128979813033464924e-03 4.304141208418194031e-02 7.937359219135471655e-03 2.696220930232558211e-02 0.000000000000000000e+00 1.871257485029940125e-03 2.162629757785467194e-04 9.952311839104291402e-03 0.000000000000000000e+00 0.000000000000000000e+00 0.000000000000000000e+00 1.059322033898305038e-02 0.000000000000000000e+00 9.733307377846993076e-05 0.000000000000000000e+00 4.271678769756514387e-04 0.000000000000000000e+00 0.000000000000000000e+00 0.000000000000000000e+00 3.820293398533007589e-04 0.000000000000000000e+00 1.032346868547832138e-03 0.000000000000000000e+00 0.000000000000000000e+00 0.000000000000000000e+00 1.589572405023048824e-04 5.375621556242440695e-04 1.442871313914690160e-02 0.000000000000000000e+00 1.626394052044609698e-02 4.170576582212490733e-04 3.018614791212476806e-03 0.000000000000000000e+00 1.397890456220612443e-03 0.000000000000000000e+00 2.015621063240111057e-03 3.817376698732630820e-04 9.862131427996377597e-03 1.803658850811646480e-03 1.563981042654028278e-02 4.166666666666666609e-03 5.205562273276904267e-02 1.603471043199396293e-03 7.306645938593081535e-02 1.644736842105263067e-03 1.545893719806763246e-02 2.862120457939273423e-03 1.224623444662737426e-01 0.000000000000000000e+00 0.000000000000000000e+00 0.000000000000000000e+00 4.778591908251035147e-04 0.000000000000000000e+00 3.987240829346092529e-04 7.658140603461478888e-05 1.215436037678517068e-03 0.000000000000000000e+00 8.257638315441783242e-04 0.000000000000000000e+00 6.073120369245718414e-04 1.069289991445680071e-03 2.542372881355932021e-03 2.405002405002405091e-04 2.077151335311572516e-03 4.428044280442804299e-03 1.834862385321101019e-02 1.735357917570498837e-03 0.000000000000000000e+00 2.283105022831050102e-03 2.210759027266028052e-03 2.697841726618705176e-03 1.627339300244100848e-03 0.000000000000000000e+00 2.406070701462150688e-03 0.000000000000000000e+00 4.911591355599213794e-04 0.000000000000000000e+00 8.525149190110826915e-04 3.174603174603174427e-02 0.000000000000000000e+00 0.000000000000000000e+00 1.226993865030674919e-03 0.000000000000000000e+00 0.000000000000000000e+00 0.000000000000000000e+00 0.000000000000000000e+00
8.618832148243912687e-04 0.000000000000000000e+00 1.687136393018746072e-01 1.292824822236586903e-03 0.000000000000000000e+00 1.184600197433366160e-03 2.397086227342029585e-02 1.439263097294185491e-04 2.987402519496100695e-01 1.228803145736053100e-03 1.922666096987823113e-03 0.000000000000000000e+00 8.250452079566003225e-03 9.914733293674400183e-05 1.392789373814041776e-01 1.814882032667876463e-04 2.475247524752475278e-04 0.000000000000000000e+00 4.810004810004810181e-04 0.000000000000000000e+00 1.169864295741693955e-02 0.000000000000000000e+00 1.193467336683417049e-02 7.121239095602635311e-04 1.319835981547924086e-01 3.704618424302296657e-03 1.076923076923076983e-01 2.734481815695925604e-04 1.050688627005537390e-02 0.000000000000000000e+00 2.167727950142257342e-03 9.504412763068567378e-04 3.217848332081948027e-04 7.267441860465116178e-05 0.000000000000000000e+00 0.000000000000000000e+00 0.000000000000000000e+00 0.000000000000000000e+00 0.000000000000000000e+00 0.000000000000000000e+00 6.309148264984226935e-03 0.000000000000000000e+00 0.000000000000000000e+00 0.000000000000000000e+00 0.000000000000000000e+00 0.000000000000000000e+00 0.000000000000000000e+00 0.000000000000000000e+00 0.000000000000000000e+00 0.000000000000000000e+00 1.891074130105900196e-04 0.000000000000000000e+00 0.000000000000000000e+00 0.000000000000000000e+00 0.000000000000000000e+00 0.000000000000000000e+00 2.687810778121220347e-04 0.000000000000000000e+00 0.000000000000000000e+00 0.000000000000000000e+00 8.341153164424981465e-04 0.000000000000000000e+00 1.989258006763477298e-04 0.000000000000000000e+00 2.416626389560174002e-04 0.000000000000000000e+00 7.634753397465261369e-05 0.000000000000000000e+00 5.153311002318990098e-04 0.000000000000000000e+00 1.413934426229508136e-02 7.859733978234582355e-04 2.754197321260139567e-02 0.000000000000000000e+00 4.934210526315789200e-03 0.000000000000000000e+00 1.742160278745644598e-03 0.000000000000000000e+00 0.000000000000000000e+00 0.000000000000000000e+00 1.160496692584426099e-04 0.000000000000000000e+00 0.000000000000000000e+00 0.000000000000000000e+00 6.126512482769183110e-04 0.000000000000000000e+00 0.000000000000000000e+00 0.000000000000000000e+00 0.000000000000000000e+00 0.000000000000000000e+00 0.000000000000000000e+00 0.000000000000000000e+00 0.000000000000000000e+00 0.000000000000000000e+00 0.000000000000000000e+00 0.000000000000000000e+00 0.000000000000000000e+00 0.000000000000000000e+00 0.000000000000000000e+00 0.000000000000000000e+00 0.000000000000000000e+00 0.000000000000000000e+00 0.000000000000000000e+00 1.850823616509346642e-04 0.000000000000000000e+00 0.000000000000000000e+00 0.000000000000000000e+00 0.000000000000000000e+00 0.000000000000000000e+00 0.000000000000000000e+00 0.000000000000000000e+00 0.000000000000000000e+00 0.000000000000000000e+00 0.000000000000000000e+00 0.000000000000000000e+00 0.000000000000000000e+00
0.000000000000000000e+00 3.948667324777887198e-04 2.961500493583415616e-03 2.349457058242843122e-02 1.184600197433366160e-03 0.000000000000000000e+00 5.082161612739284845e-04 7.124352331606217774e-03 1.199760047990401819e-03 3.133448021626935587e-01 0.000000000000000000e+00 1.418640941977585435e-04 1.130198915009041554e-04 1.586357326987904029e-03 1.897533206831119527e-04 1.477313974591651646e-01 0.000000000000000000e+00 0.000000000000000000e+00 0.000000000000000000e+00 9.641342074816814484e-05 9.358914365933552202e-04 4.714989444053483553e-02 4.501675041876047022e-03 2.617055367633968482e-02 4.356740133264992362e-03 1.956038528031612822e-01 2.159244264507422309e-03 1.162154771670768361e-01 0.000000000000000000e+00 8.229394368008229044e-03 5.825768866007316471e-03 1.995926680244399301e-02 0.000000000000000000e+00 7.994186046511627796e-04 0.000000000000000000e+00 3.742514970059880467e-04 0.000000000000000000e+00 0.000000000000000000e+00 0.000000000000000000e+00 0.000000000000000000e+00 0.000000000000000000e+00 0.000000000000000000e+00 0.000000000000000000e+00 0.000000000000000000e+00 0.000000000000000000e+00 0.000000000000000000e+00 0.000000000000000000e+00 0.000000000000000000e+00 0.000000000000000000e+00 0.000000000000000000e+00 0.000000000000000000e+00 0.000000000000000000e+00 0.000000000000000000e+00 0.000000000000000000e+00 0.000000000000000000e+00 0.000000000000000000e+00 0.000000000000000000e+00 1.803589142393362916e-04 0.000000000000000000e+00 0.000000000000000000e+00 0.000000000000000000e+00 3.354016434680530206e-04 0.000000000000000000e+00 1.270809505655102394e-04 0.000000000000000000e+00 0.000000000000000000e+00 0.000000000000000000e+00 3.019019824896850219e-04 0.000000000000000000e+00 4.739336492890995406e-04 1.980874316939890654e-03 3.349455864570737712e-02 9.432182607055272154e-05 2.534006995724834982e-02 0.000000000000000000e+00 5.797101449275362389e-03 1.244400199104031817e-04 1.091464745688714225e-03 0.000000000000000000e+00 0.000000000000000000e+00 0.000000000000000000e+00 0.000000000000000000e+00 0.000000000000000000e+00 3.987240829346092529e-04 0.000000000000000000e+00 7.596475235490731672e-05 0.000000000000000000e+00 0.000000000000000000e+00 0.000000000000000000e+00 0.000000000000000000e+00 0.000000000000000000e+00 0.000000000000000000e+00 0.000000000000000000e+00 0.000000000000000000e+00 0.000000000000000000e+00 0.000000000000000000e+00 0.000000000000000000e+00 0.000000000000000000e+00 0.000000000000000000e+00 0.000000000000000000e+00 0.000000000000000000e+00 0.000000000000000000e+00 0.000000000000000000e+00 0.000000000000000000e+00 0.000000000000000000e+00 0.000000000000000000e+00 0.000000000000000000e+00 0.000000000000000000e+00 0.000000000000000000e+00 0.000000000000000000e+00 0.000000000000000000e+00 0.000000000000000000e+00 0.000000000000000000e+00 0.000000000000000000e+00 0.000000000000000000e+00 0.000000000000000000e+00
7.098085719125868387e-02 1.270540403184821374e-03 3.078942910384550036e-01 7.962053193291546149e-03 2.397086227342029585e-02 5.082161612739284845e-04 0.000000000000000000e+00 8.491652274035694017e-03 9.448110377924415215e-02 1.474563774883263807e-03 9.399700918607135913e-02 3.830330543339480892e-03 1.694168173598553373e-01 4.461629982153480015e-03 8.918406072106262183e-03 1.814882032667876517e-03 9.158415841584157877e-03 1.429337144899052968e-03 1.462241462241462182e-02 5.881218665638256876e-03 0.000000000000000000e+00 0.000000000000000000e+00 2.114740368509212751e-02 9.969734733843688135e-03 0.000000000000000000e+00 7.409236848604593530e-04 5.398110661268555772e-04 2.734481815695925604e-04 1.916796819537128910e-02 1.928764305001928791e-03 1.314185069773743386e-02 1.194840461642905638e-02 4.290464442775930413e-03 7.049418604651162476e-03 0.000000000000000000e+00 0.000000000000000000e+00 8.001730103806227803e-03 0.000000000000000000e+00 0.000000000000000000e+00 0.000000000000000000e+00 0.000000000000000000e+00 0.000000000000000000e+00 2.521750094565628560e-04 9.733307377846993076e-05 5.452562704471101670e-04 0.000000000000000000e+00 0.000000000000000000e+00 0.000000000000000000e+00 1.870157627571466695e-03 0.000000000000000000e+00 7.091527987897125462e-03 0.000000000000000000e+00 0.000000000000000000e+00 0.000000000000000000e+00 3.441156228492773432e-04 0.000000000000000000e+00 1.276710119607579567e-02 9.017945711966814581e-05 8.966695132365498991e-03 0.000000000000000000e+00 2.418934417683244603e-02 1.677008217340265103e-04 4.177441814203302489e-03 0.000000000000000000e+00 1.764137264378927081e-02 1.259763164525069411e-04 4.809894640403115408e-03 2.012679883264566812e-04 2.576655501159495158e-03 0.000000000000000000e+00 9.392076502732239762e-02 4.232164449818621652e-03 4.518015468779475879e-02 2.331908278274388065e-03 1.315789473684210453e-02 0.000000000000000000e+00 8.125933300149328076e-02 3.165247762497271425e-03 0.000000000000000000e+00 0.000000000000000000e+00 9.283973540675408793e-04 0.000000000000000000e+00 0.000000000000000000e+00 0.000000000000000000e+00 1.531628120692295940e-03 7.596475235490731672e-05 3.916960438699569006e-04 0.000000000000000000e+00 3.058103975535168221e-03 0.000000000000000000e+00 6.415739948674080645e-04 4.237288135593220216e-04 1.202501202501202572e-03 0.000000000000000000e+00 1.771217712177121720e-02 0.000000000000000000e+00 8.676789587852494186e-04 0.000000000000000000e+00 0.000000000000000000e+00 7.369196757553426839e-04 8.992805755395683921e-04 4.068348250610252120e-04 3.048780487804878046e-04 0.000000000000000000e+00 1.727861771058315310e-03 4.911591355599213794e-04 0.000000000000000000e+00 0.000000000000000000e+00 0.000000000000000000e+00 0.000000000000000000e+00 0.000000000000000000e+00 0.000000000000000000e+00 0.000000000000000000e+00 1.124859392575928117e-03 0.000000000000000000e+00 0.000000000000000000e+00
3.022452504317789477e-03 7.592112838226827698e-02 6.836499712147380350e-03 2.227259643062751981e-01 1.439263097294185491e-04 7.124352331606217774e-03 8.491652274035694017e-03 0.000000000000000000e+00 5.998800239952009096e-04 9.633816662570655887e-02 3.204443494979705188e-03 1.242729465172364850e-01 4.972875226039783110e-03 2.882212968471148384e-01 5.692599620493358310e-04 3.865698729582577042e-02 1.237623762376237639e-03 1.643737716633910870e-02 1.394901394901394871e-02 2.333204782105668951e-02 4.679457182966776101e-04 0.000000000000000000e+00 1.203936348408710284e-02 1.993946946768737627e-02 1.025115325474115812e-03 6.421338602123981276e-03 2.699055330634277886e-04 5.468963631391851208e-04 2.413744143120829209e-03 2.494535167802494624e-02 7.451564828614008935e-03 1.140529531568228172e-02 6.542958275233294249e-03 1.162790697674418589e-02 0.000000000000000000e+00 2.619760479041916001e-03 0.000000000000000000e+00 2.073398299813394331e-03 0.000000000000000000e+00 0.000000000000000000e+00 0.000000000000000000e+00 0.000000000000000000e+00 0.000000000000000000e+00 9.733307377846993076e-05 0.000000000000000000e+00 1.067919692439128597e-04 0.000000000000000000e+00 2.893099956603500836e-04 0.000000000000000000e+00 2.827017114914425443e-03 9.455370650529500978e-05 5.024088093599449710e-03 0.000000000000000000e+00 3.992812936713914865e-04 0.000000000000000000e+00 1.589572405023048824e-04 1.343905389060610174e-04 1.028045811164216873e-02 0.000000000000000000e+00 1.332094175960346974e-02 4.170576582212490733e-04 1.157135669964782891e-02 3.978516013526954597e-04 2.922861863006735207e-03 2.416626389560174002e-04 1.284958427815570750e-02 1.526950679493052274e-04 7.950085538895038800e-03 2.576655501159495049e-04 4.739336492890995622e-03 5.669398907103825186e-03 8.651753325272067141e-02 2.358045651763818282e-03 5.542168674698794845e-02 1.644736842105263067e-03 5.797101449275362389e-03 3.111000497760079732e-03 6.559703121589172126e-02 0.000000000000000000e+00 2.538071065989847518e-03 2.320993385168852198e-04 2.389295954125517790e-03 0.000000000000000000e+00 7.974481658692185058e-04 0.000000000000000000e+00 2.810695837131570868e-03 0.000000000000000000e+00 2.752546105147261261e-04 0.000000000000000000e+00 1.700473703388801069e-03 6.415739948674080645e-04 8.474576271186440432e-04 4.810004810004810181e-04 5.934718100890207498e-04 2.952029520295202866e-03 6.553079947575360040e-03 4.338394793926247093e-04 0.000000000000000000e+00 0.000000000000000000e+00 2.210759027266028052e-03 0.000000000000000000e+00 4.068348250610252120e-04 0.000000000000000000e+00 7.403294466037386567e-04 4.319654427645788276e-04 9.823182711198427588e-04 0.000000000000000000e+00 0.000000000000000000e+00 6.349206349206348854e-02 0.000000000000000000e+00 0.000000000000000000e+00 0.000000000000000000e+00 0.000000000000000000e+00 0.000000000000000000e+00 0.000000000000000000e+00 0.000000000000000000e+00
5.998800239952009096e-04 0.000000000000000000e+00 3.929214157168565980e-02 1.199760047990401819e-03 2.987402519496100695e-01 1.199760047990401819e-03 9.448110377924415215e-02 5.998800239952009096e-04 0.000000000000000000e+00 1.228803145736053100e-03 1.281777397991882075e-03 0.000000000000000000e+00 3.164556962025316666e-02 0.000000000000000000e+00 1.766603415559772350e-01 0.000000000000000000e+00 0.000000000000000000e+00 0.000000000000000000e+00 1.924001924001923910e-04 0.000000000000000000e+00 0.000000000000000000e+00 0.000000000000000000e+00 2.721943048576214337e-03 3.560619547801317656e-04 6.406970784213224419e-03 2.469745616201531394e-03 9.986504723346828830e-03 2.734481815695925604e-04 1.022291637086468821e-02 0.000000000000000000e+00 4.470938897168405361e-03 1.629327902240325929e-03 1.072616110693982630e-04 0.000000000000000000e+00 0.000000000000000000e+00 0.000000000000000000e+00 0.000000000000000000e+00 0.000000000000000000e+00 0.000000000000000000e+00 0.000000000000000000e+00 0.000000000000000000e+00 0.000000000000000000e+00 0.000000000000000000e+00 0.000000000000000000e+00 0.000000000000000000e+00 0.000000000000000000e+00 0.000000000000000000e+00 0.000000000000000000e+00 0.000000000000000000e+00 0.000000000000000000e+00 9.455370650529500978e-05 0.000000000000000000e+00 0.000000000000000000e+00 0.000000000000000000e+00 0.000000000000000000e+00 0.000000000000000000e+00 1.343905389060610174e-04 0.000000000000000000e+00 0.000000000000000000e+00 0.000000000000000000e+00 1.563966218329684160e-03 0.000000000000000000e+00 7.957032027053909193e-04 0.000000000000000000e+00 2.416626389560174002e-04 0.000000000000000000e+00 1.526950679493052274e-04 0.000000000000000000e+00 0.000000000000000000e+00 0.000000000000000000e+00 8.333333333333333218e-03 3.022974607013300947e-04 2.320316921335597096e-02 0.000000000000000000e+00 1.644736842105263067e-03 0.000000000000000000e+00 3.484320557491289196e-03 0.000000000000000000e+00 0.000000000000000000e+00 0.000000000000000000e+00 3.481490077753278162e-04 0.000000000000000000e+00 0.000000000000000000e+00 0.000000000000000000e+00 1.531628120692295778e-04 0.000000000000000000e+00 7.833920877399138012e-04 0.000000000000000000e+00 3.597769382982550848e-04 0.000000000000000000e+00 0.000000000000000000e+00 0.000000000000000000e+00 2.405002405002405091e-04 2.967359050445103749e-04 0.000000000000000000e+00 0.000000000000000000e+00 0.000000000000000000e+00 0.000000000000000000e+00 0.000000000000000000e+00 0.000000000000000000e+00 0.000000000000000000e+00 0.000000000000000000e+00 0.000000000000000000e+00 0.000000000000000000e+00 0.000000000000000000e+00 0.000000000000000000e+00 0.000000000000000000e+00 0.000000000000000000e+00 0.000000000000000000e+00 0.000000000000000000e+00 0.000000000000000000e+00 0.000000000000000000e+00 0.000000000000000000e+00 0.000000000000000000e+00 0.000000000000000000e+00 0.000000000000000000e+00
0.000000000000000000e+00 3.194888178913737886e-03 3.686409437208159300e-03 4.546571639223396383e-02 1.228803145736053100e-03 3.133448021626935587e-01 1.474563774883263807e-03 9.633816662570655887e-02 1.228803145736053100e-03 0.000000000000000000e+00 0.000000000000000000e+00 3.688466449141722132e-03 7.911392405063291016e-04 1.447551060876462424e-02 1.518026565464895622e-03 1.239564428312159711e-01 0.000000000000000000e+00 8.933357155619082134e-04 0.000000000000000000e+00 1.060547628229849661e-03 0.000000000000000000e+00 2.111189303307529994e-03 5.967336683417085244e-03 1.442050916859533537e-02 2.819067145053818536e-03 6.544825882934057759e-02 8.097165991902833659e-04 1.503964998632759120e-02 1.419849495953428979e-04 9.772405812009771556e-03 6.096734859775097826e-03 9.097080787508485950e-03 0.000000000000000000e+00 1.526162790697674397e-03 0.000000000000000000e+00 0.000000000000000000e+00 0.000000000000000000e+00 4.146796599626788446e-04 0.000000000000000000e+00 0.000000000000000000e+00 0.000000000000000000e+00 0.000000000000000000e+00 0.000000000000000000e+00 0.000000000000000000e+00 0.000000000000000000e+00 0.000000000000000000e+00 0.000000000000000000e+00 0.000000000000000000e+00 0.000000000000000000e+00 0.000000000000000000e+00 0.000000000000000000e+00 6.882312456985547678e-05 0.000000000000000000e+00 0.000000000000000000e+00 0.000000000000000000e+00 0.000000000000000000e+00 0.000000000000000000e+00 4.508972855983406748e-04 0.000000000000000000e+00 0.000000000000000000e+00 0.000000000000000000e+00 1.341606573872212082e-03 0.000000000000000000e+00 7.624857033930613820e-04 0.000000000000000000e+00 6.298815822625346240e-04 0.000000000000000000e+00 7.044379591425983843e-04 0.000000000000000000e+00 0.000000000000000000e+00 1.912568306010928960e-03 1.541717049576783564e-02 3.772873042822108862e-04 1.601243684415079582e-02 0.000000000000000000e+00 5.797101449275362389e-03 1.244400199104031817e-04 5.566470203012442372e-03 0.000000000000000000e+00 0.000000000000000000e+00 0.000000000000000000e+00 4.778591908251035147e-04 0.000000000000000000e+00 0.000000000000000000e+00 0.000000000000000000e+00 6.077180188392585338e-04 0.000000000000000000e+00 2.752546105147261261e-04 0.000000000000000000e+00 1.214624073849143737e-04 0.000000000000000000e+00 4.237288135593220216e-04 0.000000000000000000e+00 0.000000000000000000e+00 0.000000000000000000e+00 0.000000000000000000e+00 0.000000000000000000e+00 0.000000000000000000e+00 0.000000000000000000e+00 7.369196757553426839e-04 0.000000000000000000e+00 8.136696501220504240e-04 0.000000000000000000e+00 0.000000000000000000e+00 0.000000000000000000e+00 0.000000000000000000e+00 0.000000000000000000e+00 0.000000000000000000e+00 0.000000000000000000e+00 0.000000000000000000e+00 0.000000000000000000e+00 0.000000000000000000e+00 0.000000000000000000e+00 0.000000000000000000e+00 0.000000000000000000e+00 0.000000000000000000e+00
2.384105960264900625e-01 6.408886989959410377e-04 2.755821405682546549e-02 3.418073061311685534e-03 1.922666096987823113e-03 0.000000000000000000e+00 9.399700918607135913e-02 3.204443494979705188e-03 1.281777397991882075e-03 0.000000000000000000e+00 0.000000000000000000e+00 8.511845651865512612e-04 1.478300180831826349e-01 4.957366646837200498e-04 1.005692599620493406e-02 0.000000000000000000e+00 3.440594059405940874e-02 3.573342862247632420e-04 1.423761423761423818e-02 1.542614731970690318e-03 0.000000000000000000e+00 0.000000000000000000e+00 1.884422110552763738e-03 8.901548869503293597e-04 0.000000000000000000e+00 0.000000000000000000e+00 0.000000000000000000e+00 0.000000000000000000e+00 2.711912537271049181e-02 2.571685740002571576e-04 1.896761956374474903e-03 2.715546503733876548e-04 3.432371554220744417e-03 1.308139534883720912e-03 0.000000000000000000e+00 3.742514970059880467e-04 6.487889273356401039e-04 0.000000000000000000e+00 0.000000000000000000e+00 0.000000000000000000e+00 0.000000000000000000e+00 0.000000000000000000e+00 0.000000000000000000e+00 0.000000000000000000e+00 0.000000000000000000e+00 0.000000000000000000e+00 0.000000000000000000e+00 0.000000000000000000e+00 6.679134384183809314e-04 0.000000000000000000e+00 2.552950075642964993e-03 0.000000000000000000e+00 0.000000000000000000e+00 0.000000000000000000e+00 0.000000000000000000e+00 0.000000000000000000e+00 1.061685257357881940e-02 0.000000000000000000e+00 1.992598918303444509e-03 1.548946716232961604e-04 2.940256490459806221e-02 1.677008217340265103e-04 9.150586831111995681e-03 0.000000000000000000e+00 1.329144514258095641e-02 0.000000000000000000e+00 1.068865475645136565e-03 0.000000000000000000e+00 0.000000000000000000e+00 0.000000000000000000e+00 1.967213114754098532e-02 1.148730350665054436e-03 7.262780607432559911e-03 2.331908278274387957e-04 0.000000000000000000e+00 0.000000000000000000e+00 4.355400696864111278e-03 2.182929491377428503e-04 0.000000000000000000e+00 0.000000000000000000e+00 9.283973540675408793e-04 0.000000000000000000e+00 0.000000000000000000e+00 0.000000000000000000e+00 1.301883902588451452e-03 0.000000000000000000e+00 0.000000000000000000e+00 0.000000000000000000e+00 1.259219284043892797e-03 0.000000000000000000e+00 2.138579982891360034e-04 0.000000000000000000e+00 2.405002405002405091e-04 0.000000000000000000e+00 1.476014760147601433e-03 0.000000000000000000e+00 0.000000000000000000e+00 0.000000000000000000e+00 0.000000000000000000e+00 0.000000000000000000e+00 0.000000000000000000e+00 0.000000000000000000e+00 0.000000000000000000e+00 0.000000000000000000e+00 0.000000000000000000e+00 0.000000000000000000e+00 0.000000000000000000e+00 0.000000000000000000e+00 0.000000000000000000e+00 0.000000000000000000e+00 0.000000000000000000e+00 0.000000000000000000e+00 0.000000000000000000e+00 0.000000000000000000e+00 0.000000000000000000e+00 0.000000000000000000e+00
1.134912753582068348e-03 1.414385019151652711e-01 3.688466449141722132e-03 4.411973329550290812e-02 0.000000000000000000e+00 1.418640941977585435e-04 3.830330543339480892e-03 1.242729465172364850e-01 0.000000000000000000e+00 3.688466449141722132e-03 8.511845651865512612e-04 0.000000000000000000e+00 1.130198915009041554e-04 1.862978385881419729e-01 0.000000000000000000e+00 1.397459165154264944e-02 0.000000000000000000e+00 6.324816866178309405e-02 4.425204425204424911e-03 1.340146548399537285e-02 0.000000000000000000e+00 0.000000000000000000e+00 2.407872696817420308e-03 8.011393982552964671e-03 0.000000000000000000e+00 4.939491232403062353e-04 0.000000000000000000e+00 0.000000000000000000e+00 7.099247479767144351e-04 7.792207792207792028e-02 1.083863975071128671e-03 9.504412763068567378e-04 1.608924166040974013e-03 1.133720930232558211e-02 0.000000000000000000e+00 0.000000000000000000e+00 0.000000000000000000e+00 4.146796599626788446e-04 0.000000000000000000e+00 0.000000000000000000e+00 0.000000000000000000e+00 0.000000000000000000e+00 0.000000000000000000e+00 0.000000000000000000e+00 0.000000000000000000e+00 0.000000000000000000e+00 0.000000000000000000e+00 1.446549978301750418e-04 0.000000000000000000e+00 8.404645476772615829e-04 0.000000000000000000e+00 4.473503097040605787e-03 0.000000000000000000e+00 0.000000000000000000e+00 0.000000000000000000e+00 4.768717215069146202e-04 0.000000000000000000e+00 8.296510055009469198e-03 0.000000000000000000e+00 3.407682775712515474e-03 1.042644145553122683e-04 1.811168874727486083e-02 0.000000000000000000e+00 2.122251874444021011e-02 0.000000000000000000e+00 1.146384479717812988e-02 0.000000000000000000e+00 2.012679883264566812e-03 0.000000000000000000e+00 2.369668246445497811e-03 1.092896174863387977e-03 2.980652962515114787e-02 5.659309564233163834e-04 4.041974349008939198e-03 0.000000000000000000e+00 9.661835748792270287e-04 7.466401194624191443e-04 4.911591355599214011e-03 0.000000000000000000e+00 5.076142131979695035e-03 0.000000000000000000e+00 6.530742274609748106e-03 0.000000000000000000e+00 7.974481658692185058e-04 0.000000000000000000e+00 7.672439987845640005e-03 0.000000000000000000e+00 5.505092210294522522e-04 0.000000000000000000e+00 6.437507591400461887e-03 0.000000000000000000e+00 0.000000000000000000e+00 0.000000000000000000e+00 0.000000000000000000e+00 0.000000000000000000e+00 0.000000000000000000e+00 0.000000000000000000e+00 0.000000000000000000e+00 0.000000000000000000e+00 0.000000000000000000e+00 0.000000000000000000e+00 0.000000000000000000e+00 0.000000000000000000e+00 0.000000000000000000e+00 0.000000000000000000e+00 0.000000000000000000e+00 0.000000000000000000e+00 0.000000000000000000e+00 0.000000000000000000e+00 0.000000000000000000e+00 0.000000000000000000e+00 0.000000000000000000e+00 0.000000000000000000e+00 0.000000000000000000e+00 0.000000000000000000e+00 0.000000000000000000e+00
4.475587703435804365e-02 2.260397830018083109e-04 4.012206148282097817e-02 5.085895117540687252e-03 8.250452079566003225e-03 1.130198915009041554e-04 1.694168173598553373e-01 4.972875226039783110e-03 3.164556962025316666e-02 7.911392405063291016e-04 1.478300180831826349e-01 1.130198915009041554e-04 0.000000000000000000e+00 1.784651992861392006e-03 2.028462998102466830e-01 7.259528130671505852e-04 1.732673267326732694e-03 0.000000000000000000e+00 1.010101010101010187e-02 1.253374469726185924e-03 0.000000000000000000e+00 0.000000000000000000e+00 1.936767169179229309e-02 5.340929321701976158e-03 1.025115325474115812e-03 1.728821931341071932e-03 2.699055330634277886e-04 2.734481815695925604e-04 1.705239244640068264e-01 1.285842870001285788e-04 1.016122476629183029e-02 6.381534283774610052e-03 3.217848332081948027e-03 1.526162790697674397e-03 5.668934240362811941e-04 0.000000000000000000e+00 8.650519031141868775e-04 0.000000000000000000e+00 0.000000000000000000e+00 0.000000000000000000e+00 0.000000000000000000e+00 0.000000000000000000e+00 0.000000000000000000e+00 0.000000000000000000e+00 0.000000000000000000e+00 0.000000000000000000e+00 0.000000000000000000e+00 0.000000000000000000e+00 0.000000000000000000e+00 0.000000000000000000e+00 1.701966717095310068e-03 0.000000000000000000e+00 0.000000000000000000e+00 0.000000000000000000e+00 1.720578114246386716e-04 0.000000000000000000e+00 5.778793172960623205e-03 9.017945711966814581e-05 2.277255906632507949e-03 0.000000000000000000e+00 2.564904598060682023e-02 0.000000000000000000e+00 9.349512631788342923e-03 0.000000000000000000e+00 1.280811986466892302e-02 0.000000000000000000e+00 9.161704076958314185e-04 0.000000000000000000e+00 1.545993300695696921e-03 0.000000000000000000e+00 4.863387978142076629e-02 1.995163240628778506e-03 3.895491416713827565e-02 6.995724834823163329e-04 6.250000000000000000e-02 0.000000000000000000e+00 3.471876555500248707e-02 7.640253219820999355e-04 1.579778830963665063e-03 0.000000000000000000e+00 1.856794708135081759e-03 0.000000000000000000e+00 0.000000000000000000e+00 0.000000000000000000e+00 1.991116556899984701e-03 0.000000000000000000e+00 0.000000000000000000e+00 0.000000000000000000e+00 2.338550098938658051e-03 0.000000000000000000e+00 2.138579982891360034e-04 8.474576271186440432e-04 2.405002405002405091e-04 2.967359050445103749e-04 5.904059040590405733e-03 0.000000000000000000e+00 0.000000000000000000e+00 0.000000000000000000e+00 5.707762557077625254e-04 0.000000000000000000e+00 0.000000000000000000e+00 0.000000000000000000e+00 3.048780487804878046e-04 9.254118082546733751e-04 8.639308855291576552e-04 0.000000000000000000e+00 0.000000000000000000e+00 0.000000000000000000e+00 0.000000000000000000e+00 0.000000000000000000e+00 0.000000000000000000e+00 0.000000000000000000e+00 0.000000000000000000e+00 0.000000000000000000e+00 0.000000000000000000e+00 0.000000000000000000e+00
