2.893442974378855892e-01 4.988304797112950717e-01 3.803657620265307737e-01 5.115738458592481441e-01 3.613226292452830224e-01 0.000000000000000000e+00 3.215848562264124744e-01 4.685776412790430556e-01 3.886468115942028345e-01 0.000000000000000000e+00 3.139482637232227091e-01 4.592620287287577097e-01 3.670352174244250754e-01 4.542552659574468077e-01 3.890656726418200706e-01 0.000000000000000000e+00 3.257757917762643673e-01 4.771009604350233690e-01 4.200312869693473283e-01 5.176406211547608383e-01 0.000000000000000000e+00 0.000000000000000000e+00 4.104640922412943760e-01 4.435666601941747333e-01 4.054479043478260714e-01 0.000000000000000000e+00 0.000000000000000000e+00 0.000000000000000000e+00 4.011225525105234779e-01 4.842391716494913734e-01 4.140560815719618870e-01 0.000000000000000000e+00 4.441871413732683682e-01 5.120975957201224782e-01 5.206327912087912457e-01 0.000000000000000000e+00 4.665448510741300181e-01 5.481132421013302780e-01 5.451974757418265316e-01 0.000000000000000000e+00 0.000000000000000000e+00 0.000000000000000000e+00 4.642524910295169893e-01 0.000000000000000000e+00 4.542388107908328365e-01 5.103419516129032996e-01 0.000000000000000000e+00 0.000000000000000000e+00 4.568497062399692887e-01 0.000000000000000000e+00 4.560922358237591845e-01 0.000000000000000000e+00 4.713264758762498174e-01 0.000000000000000000e+00 4.476943466666666316e-01 0.000000000000000000e+00 3.196359215629477890e-01 4.984543787512141777e-01 4.291507701063632663e-01 5.085861006101556336e-01 4.174474433679555840e-01 0.000000000000000000e+00 4.088251332678951577e-01 0.000000000000000000e+00 4.631784522135356519e-01 5.005928617070917186e-01 4.549612910718590642e-01 5.016275022758918123e-01 3.156729448663493365e-01 4.987095342201418036e-01 3.726578344420410360e-01 4.926398644687640660e-01 3.961268721310219343e-01 4.651950955600978044e-01 0.000000000000000000e+00 0.000000000000000000e+00 3.897028903309773251e-01 4.877350270220622286e-01 0.000000000000000000e+00 0.000000000000000000e+00 4.396242547047037319e-01 0.000000000000000000e+00 0.000000000000000000e+00 0.000000000000000000e+00 4.711010637530756995e-01 4.969246144957982780e-01 4.209222191780822020e-01 0.000000000000000000e+00 4.779592920035028447e-01 0.000000000000000000e+00 4.764664437956422915e-01 0.000000000000000000e+00 4.394099973007198345e-01 4.669072267295596990e-01 4.433260094913796245e-01 4.473787935509970781e-01 4.345358082191780880e-01 0.000000000000000000e+00 4.223954366557987616e-01 0.000000000000000000e+00 4.393626299212599062e-01 0.000000000000000000e+00 0.000000000000000000e+00 4.733719236901093308e-01 0.000000000000000000e+00 4.537235626598465354e-01 0.000000000000000000e+00 0.000000000000000000e+00 0.000000000000000000e+00 0.000000000000000000e+00 0.000000000000000000e+00 4.662248677685950637e-01 4.195391101694915803e-01 0.000000000000000000e+00 0.000000000000000000e+00 0.000000000000000000e+00
4.988304797112950717e-01 3.075056140395940329e-01 5.138602705834605100e-01 3.451847942711525619e-01 0.000000000000000000e+00 0.000000000000000000e+00 4.848694736182160847e-01 2.999496443702320825e-01 0.000000000000000000e+00 3.507438802949852663e-01 4.632333977629953803e-01 3.326369212022023403e-01 0.000000000000000000e+00 3.568626316476771199e-01 0.000000000000000000e+00 3.872667175260980366e-01 4.834002957938557943e-01 4.002543723413185539e-01 5.228616959938808817e-01 4.028494616665910244e-01 0.000000000000000000e+00 0.000000000000000000e+00 0.000000000000000000e+00 3.893501731364569229e-01 0.000000000000000000e+00 0.000000000000000000e+00 0.000000000000000000e+00 0.000000000000000000e+00 4.725669026195391531e-01 4.055184791611620709e-01 4.690434088078926922e-01 3.646333714285714400e-01 4.993496402344120844e-01 4.655050582247330926e-01 4.603975806451612862e-01 0.000000000000000000e+00 5.028001935483870088e-01 5.090807746682451951e-01 0.000000000000000000e+00 5.097725773146662975e-01 0.000000000000000000e+00 4.430733225274725018e-01 0.000000000000000000e+00 4.477447459482758463e-01 0.000000000000000000e+00 4.583363184539313573e-01 0.000000000000000000e+00 0.000000000000000000e+00 0.000000000000000000e+00 4.437471020125262622e-01 5.000547004419192421e-01 4.434545832166536528e-01 0.000000000000000000e+00 4.468788905578321424e-01 0.000000000000000000e+00 4.689988221126603074e-01 4.910082969333718905e-01 3.482524467267176238e-01 4.921832413824716035e-01 4.342805399768678298e-01 4.839981595744680121e-01 4.172845235325440827e-01 0.000000000000000000e+00 4.035195730492912025e-01 0.000000000000000000e+00 4.334795423795129166e-01 4.936767121616573717e-01 4.370047959142631666e-01 5.232937706166256309e-01 3.825410998034435850e-01 4.807045548450392114e-01 3.698645955394562201e-01 4.539171688285697503e-01 4.104823042308561876e-01 0.000000000000000000e+00 3.853136629213482767e-01 4.603732583952850344e-01 3.897604498236925119e-01 0.000000000000000000e+00 0.000000000000000000e+00 0.000000000000000000e+00 4.438429098086137947e-01 0.000000000000000000e+00 0.000000000000000000e+00 4.845204562948467464e-01 4.746979345285808338e-01 0.000000000000000000e+00 0.000000000000000000e+00 4.462036567164179290e-01 4.657202653285025806e-01 0.000000000000000000e+00 4.643635652614184206e-01 4.533123835169318716e-01 4.238649879980541102e-01 4.287283311032189514e-01 4.380078363497291738e-01 0.000000000000000000e+00 0.000000000000000000e+00 0.000000000000000000e+00 4.686743318514483003e-01 0.000000000000000000e+00 6.127404019607842756e-01 0.000000000000000000e+00 4.565789382441319821e-01 4.875214106125356217e-01 4.476116101384603474e-01 4.790268644067796622e-01 0.000000000000000000e+00 0.000000000000000000e+00 0.000000000000000000e+00 0.000000000000000000e+00 0.000000000000000000e+00 0.000000000000000000e+00 0.000000000000000000e+00 4.724655157894737667e-01 3.893008218210360361e-01
3.803657620265307737e-01 5.138602705834605100e-01 2.841899542152150904e-01 4.874809578547016908e-01 2.504229404978948192e-01 3.807616781609195478e-01 3.193317097671031224e-01 4.504537022812613589e-01 3.125437793882870352e-01 0.000000000000000000e+00 3.972943615642667847e-01 4.699837976599735012e-01 3.570227501229336076e-01 4.236002909347384437e-01 3.490982389927217433e-01 4.484354793925703353e-01 4.060451695787265503e-01 4.999077912594737105e-01 3.321654253847036165e-01 5.293723260154633570e-01 0.000000000000000000e+00 0.000000000000000000e+00 2.785482258799811817e-01 4.443768289314011244e-01 2.763209059700363901e-01 4.197350803444943601e-01 3.088278594733199212e-01 0.000000000000000000e+00 3.738318211253822687e-01 4.620133188727645335e-01 3.880470149419851245e-01 4.274968443333960200e-01 4.344395089571125856e-01 5.184979700810157244e-01 4.827701946017455836e-01 0.000000000000000000e+00 4.533658828413588693e-01 0.000000000000000000e+00 5.558911014492754488e-01 0.000000000000000000e+00 0.000000000000000000e+00 0.000000000000000000e+00 0.000000000000000000e+00 0.000000000000000000e+00 4.668422799999999984e-01 0.000000000000000000e+00 4.455831596638656356e-01 0.000000000000000000e+00 4.519839524155470634e-01 0.000000000000000000e+00 4.445800364432724305e-01 0.000000000000000000e+00 4.248166266666666413e-01 0.000000000000000000e+00 0.000000000000000000e+00 0.000000000000000000e+00 4.517970557134447507e-01 0.000000000000000000e+00 4.643755358849179227e-01 0.000000000000000000e+00 4.336236320337156225e-01 4.994274035087719610e-01 4.007114698795182228e-01 0.000000000000000000e+00 4.340163843253804221e-01 0.000000000000000000e+00 4.830161041462721072e-01 5.076861979304119199e-01 3.835988975458308192e-01 0.000000000000000000e+00 3.963140737317949469e-01 4.930729421478347585e-01 3.801814228199621448e-01 4.691198713092897821e-01 3.439501069213014572e-01 0.000000000000000000e+00 4.154078540177315593e-01 4.524292387280607897e-01 4.149209642987250479e-01 0.000000000000000000e+00 3.902020374860143970e-01 0.000000000000000000e+00 0.000000000000000000e+00 0.000000000000000000e+00 4.090134538292877764e-01 0.000000000000000000e+00 0.000000000000000000e+00 0.000000000000000000e+00 4.317870897194338031e-01 0.000000000000000000e+00 4.808439180327869211e-01 4.671772906598952724e-01 0.000000000000000000e+00 4.743011429839895099e-01 4.469504482175775117e-01 4.567403320271929412e-01 4.244280106382978812e-01 0.000000000000000000e+00 4.159284651162790669e-01 4.590079764474259139e-01 0.000000000000000000e+00 0.000000000000000000e+00 4.086410265486725701e-01 4.485209913366966505e-01 4.241562924528302081e-01 4.427223341320043470e-01 0.000000000000000000e+00 3.987813214285713670e-01 0.000000000000000000e+00 0.000000000000000000e+00 0.000000000000000000e+00 0.000000000000000000e+00 0.000000000000000000e+00 0.000000000000000000e+00 0.000000000000000000e+00 0.000000000000000000e+00
5.115738458592481441e-01 3.451847942711525619e-01 4.874809578547016908e-01 2.571756113129120558e-01 4.229813136146964858e-01 2.029266724288232293e-01 4.612709065509791317e-01 3.028184768591991594e-01 4.239030632361068807e-01 3.148785649726333902e-01 4.539622108114335086e-01 3.886619939211611308e-01 4.473681228850772129e-01 3.408101644900025096e-01 4.491767639007810953e-01 3.385519733345074278e-01 0.000000000000000000e+00 4.153974631348771873e-01 5.279738799073966371e-01 3.172738081598915905e-01 4.507302340425531906e-01 0.000000000000000000e+00 4.374777907933240506e-01 2.323929170153082036e-01 4.203334618760927177e-01 2.756509240984216791e-01 4.443454800000001814e-01 0.000000000000000000e+00 4.973747688914026410e-01 3.837555815478125854e-01 4.074160550235599865e-01 3.512719978054213432e-01 4.856764983723973472e-01 4.191797543325726516e-01 0.000000000000000000e+00 4.657992645618556082e-01 0.000000000000000000e+00 4.464988940592932165e-01 0.000000000000000000e+00 4.617898487501046478e-01 0.000000000000000000e+00 0.000000000000000000e+00 0.000000000000000000e+00 4.814741800017151019e-01 0.000000000000000000e+00 4.570860623762884600e-01 0.000000000000000000e+00 4.348168279569892825e-01 0.000000000000000000e+00 4.653042736658288270e-01 0.000000000000000000e+00 4.242222766066490180e-01 0.000000000000000000e+00 4.382931140056022801e-01 0.000000000000000000e+00 4.631890761904761677e-01 4.825728266843971603e-01 4.379644426357734432e-01 0.000000000000000000e+00 4.649090121239243256e-01 5.108973725490196793e-01 4.527372023470058737e-01 4.611411376146788976e-01 4.255020197759451506e-01 0.000000000000000000e+00 4.298579870038102269e-01 0.000000000000000000e+00 4.687656301780332435e-01 5.147973993033785334e-01 4.669667098324243870e-01 4.970447580577602165e-01 3.942119822462991641e-01 4.629426543076387568e-01 3.969041224449810223e-01 0.000000000000000000e+00 3.844094025063494180e-01 4.571039844743026159e-01 4.103963876578642367e-01 0.000000000000000000e+00 0.000000000000000000e+00 0.000000000000000000e+00 3.968233620689655683e-01 0.000000000000000000e+00 0.000000000000000000e+00 0.000000000000000000e+00 4.243420003657105699e-01 0.000000000000000000e+00 0.000000000000000000e+00 0.000000000000000000e+00 4.201999733560956019e-01 4.044175379310344653e-01 4.608876767439141764e-01 0.000000000000000000e+00 4.290441530999047903e-01 4.400782803552134581e-01 4.485543395009051193e-01 0.000000000000000000e+00 0.000000000000000000e+00 0.000000000000000000e+00 4.597600535714285175e-01 4.398052499999999809e-01 0.000000000000000000e+00 4.629323414634145539e-01 4.366024345163037057e-01 0.000000000000000000e+00 4.320662710943532492e-01 0.000000000000000000e+00 0.000000000000000000e+00 0.000000000000000000e+00 4.400816842105262916e-01 0.000000000000000000e+00 0.000000000000000000e+00 0.000000000000000000e+00 4.164656330275229856e-01 4.602840472347535239e-01 4.257284199999999963e-01
3.613226292452830224e-01 0.000000000000000000e+00 2.504229404978948192e-01 4.229813136146964858e-01 2.643031364191388843e-01 4.863282410798246969e-01 3.137273721735933107e-01 4.569655387423713910e-01 2.536136543536712251e-01 4.147071702127658188e-01 3.354105192307692551e-01 0.000000000000000000e+00 3.323356926125506372e-01 4.603962534368428727e-01 2.892254256193943496e-01 4.547319148644599074e-01 0.000000000000000000e+00 0.000000000000000000e+00 3.788684256756756907e-01 5.043810135925925753e-01 3.946950934406941447e-01 4.971427291666667414e-01 2.530452730607751777e-01 4.654661465156795241e-01 2.361901624069417671e-01 4.496831616373594409e-01 2.905903786115582865e-01 4.843866818774446026e-01 3.382867915846807794e-01 0.000000000000000000e+00 3.702186501199529745e-01 4.054823625454077596e-01 3.810030099219116062e-01 0.000000000000000000e+00 0.000000000000000000e+00 0.000000000000000000e+00 0.000000000000000000e+00 0.000000000000000000e+00 0.000000000000000000e+00 0.000000000000000000e+00 4.104859946091644063e-01 0.000000000000000000e+00 4.771068074074074072e-01 0.000000000000000000e+00 0.000000000000000000e+00 0.000000000000000000e+00 5.100537563025210330e-01 0.000000000000000000e+00 3.748596818181818002e-01 0.000000000000000000e+00 0.000000000000000000e+00 0.000000000000000000e+00 0.000000000000000000e+00 0.000000000000000000e+00 4.542301132075471926e-01 0.000000000000000000e+00 4.674593418803418832e-01 0.000000000000000000e+00 0.000000000000000000e+00 0.000000000000000000e+00 0.000000000000000000e+00 0.000000000000000000e+00 4.178942500000000226e-01 0.000000000000000000e+00 0.000000000000000000e+00 4.241072440476190697e-01 0.000000000000000000e+00 0.000000000000000000e+00 0.000000000000000000e+00 0.000000000000000000e+00 3.734052407114685224e-01 0.000000000000000000e+00 3.775554002200166570e-01 0.000000000000000000e+00 0.000000000000000000e+00 0.000000000000000000e+00 4.044354444648153302e-01 3.743586714285713768e-01 0.000000000000000000e+00 0.000000000000000000e+00 3.777687342751843147e-01 0.000000000000000000e+00 3.868955483870968326e-01 0.000000000000000000e+00 4.316259312255334435e-01 0.000000000000000000e+00 3.948477723684210017e-01 0.000000000000000000e+00 0.000000000000000000e+00 0.000000000000000000e+00 0.000000000000000000e+00 0.000000000000000000e+00 0.000000000000000000e+00 4.266023714285713808e-01 0.000000000000000000e+00 0.000000000000000000e+00 0.000000000000000000e+00 0.000000000000000000e+00 0.000000000000000000e+00 0.000000000000000000e+00 0.000000000000000000e+00 0.000000000000000000e+00 0.000000000000000000e+00 0.000000000000000000e+00 0.000000000000000000e+00 0.000000000000000000e+00 0.000000000000000000e+00 0.000000000000000000e+00 0.000000000000000000e+00 0.000000000000000000e+00 0.000000000000000000e+00 0.000000000000000000e+00 0.000000000000000000e+00 0.000000000000000000e+00 0.000000000000000000e+00 0.000000000000000000e+00
0.000000000000000000e+00 0.000000000000000000e+00 3.807616781609195478e-01 2.029266724288232293e-01 4.863282410798246969e-01 2.144309361098291067e-01 4.740445402298850697e-01 2.838140343734675275e-01 0.000000000000000000e+00 2.362446794146605411e-01 0.000000000000000000e+00 0.000000000000000000e+00 4.549247333333333865e-01 3.452407358490566791e-01 4.443260242177519692e-01 2.964189303551587606e-01 0.000000000000000000e+00 4.316535934959349063e-01 0.000000000000000000e+00 0.000000000000000000e+00 4.646844474245561130e-01 4.152739939636951316e-01 4.113039640888987991e-01 2.457611495347062913e-01 4.584204099728923509e-01 2.671308498367587214e-01 4.542475941182866350e-01 2.084181147805523604e-01 0.000000000000000000e+00 3.464079590705501088e-01 4.515971114407962284e-01 3.742140289016204768e-01 0.000000000000000000e+00 3.776581602761134304e-01 0.000000000000000000e+00 0.000000000000000000e+00 0.000000000000000000e+00 4.092607540983607128e-01 0.000000000000000000e+00 0.000000000000000000e+00 0.000000000000000000e+00 0.000000000000000000e+00 0.000000000000000000e+00 0.000000000000000000e+00 0.000000000000000000e+00 0.000000000000000000e+00 0.000000000000000000e+00 0.000000000000000000e+00 0.000000000000000000e+00 0.000000000000000000e+00 0.000000000000000000e+00 0.000000000000000000e+00 0.000000000000000000e+00 0.000000000000000000e+00 0.000000000000000000e+00 0.000000000000000000e+00 0.000000000000000000e+00 0.000000000000000000e+00 0.000000000000000000e+00 0.000000000000000000e+00 0.000000000000000000e+00 0.000000000000000000e+00 0.000000000000000000e+00 0.000000000000000000e+00 0.000000000000000000e+00 0.000000000000000000e+00 0.000000000000000000e+00 4.484444341379311139e-01 0.000000000000000000e+00 0.000000000000000000e+00 4.862572184065934167e-01 3.702566220696582033e-01 0.000000000000000000e+00 3.909491460105382621e-01 0.000000000000000000e+00 3.358178571428571679e-01 3.991910740740740593e-01 3.684718095951795558e-01 0.000000000000000000e+00 0.000000000000000000e+00 0.000000000000000000e+00 0.000000000000000000e+00 0.000000000000000000e+00 0.000000000000000000e+00 0.000000000000000000e+00 4.377032698412698375e-01 0.000000000000000000e+00 0.000000000000000000e+00 0.000000000000000000e+00 4.250104062499999724e-01 0.000000000000000000e+00 0.000000000000000000e+00 0.000000000000000000e+00 0.000000000000000000e+00 4.100903239854081228e-01 0.000000000000000000e+00 0.000000000000000000e+00 0.000000000000000000e+00 0.000000000000000000e+00 0.000000000000000000e+00 0.000000000000000000e+00 0.000000000000000000e+00 0.000000000000000000e+00 0.000000000000000000e+00 4.554188141592920847e-01 0.000000000000000000e+00 0.000000000000000000e+00 0.000000000000000000e+00 0.000000000000000000e+00 0.000000000000000000e+00 0.000000000000000000e+00 0.000000000000000000e+00 0.000000000000000000e+00 0.000000000000000000e+00 0.000000000000000000e+00 0.000000000000000000e+00
3.215848562264124744e-01 4.848694736182160847e-01 3.193317097671031224e-01 4.612709065509791317e-01 3.137273721735933107e-01 4.740445402298850697e-01 2.832638762687882394e-01 4.551098565438899124e-01 2.846765625548005607e-01 0.000000000000000000e+00 3.748861468730199653e-01 4.590676998943122866e-01 3.066715000807645475e-01 4.289829447163667764e-01 3.281272819798785600e-01 0.000000000000000000e+00 3.998358716185919093e-01 4.833796539289489935e-01 4.159340327760644440e-01 4.969558307136637265e-01 0.000000000000000000e+00 0.000000000000000000e+00 3.650787958743109685e-01 4.471017553873966044e-01 3.163005922449015350e-01 0.000000000000000000e+00 0.000000000000000000e+00 0.000000000000000000e+00 3.548091207070409592e-01 4.599870215522817718e-01 3.826405539595258420e-01 4.179587343383879827e-01 4.293098479325629935e-01 4.919495273745369546e-01 4.558281235955056188e-01 0.000000000000000000e+00 4.335161302148838325e-01 0.000000000000000000e+00 0.000000000000000000e+00 0.000000000000000000e+00 0.000000000000000000e+00 0.000000000000000000e+00 0.000000000000000000e+00 0.000000000000000000e+00 4.403267398022112644e-01 0.000000000000000000e+00 0.000000000000000000e+00 0.000000000000000000e+00 4.182469148243362356e-01 0.000000000000000000e+00 4.322412653439397512e-01 5.014684935897435469e-01 4.290502540494773309e-01 0.000000000000000000e+00 4.262360719692451783e-01 0.000000000000000000e+00 4.090952798626326659e-01 4.583316785714285357e-01 4.131293339147341093e-01 5.339440642201833676e-01 4.217291168982619243e-01 4.891026698113207227e-01 3.906326874867129817e-01 0.000000000000000000e+00 4.420881579114064874e-01 4.690168794871795166e-01 4.187679419469294562e-01 0.000000000000000000e+00 3.988122919261541388e-01 0.000000000000000000e+00 3.670299266418384221e-01 4.971622072201632436e-01 3.662469616283548501e-01 4.556047744574194258e-01 3.115433249999999821e-01 0.000000000000000000e+00 3.890479443548496841e-01 4.425215602005176940e-01 0.000000000000000000e+00 0.000000000000000000e+00 3.850003736861895565e-01 0.000000000000000000e+00 4.243871220924635423e-01 0.000000000000000000e+00 4.388183182856610909e-01 0.000000000000000000e+00 3.909210888888888236e-01 0.000000000000000000e+00 4.373018162002437204e-01 0.000000000000000000e+00 0.000000000000000000e+00 0.000000000000000000e+00 0.000000000000000000e+00 4.434735999999999678e-01 0.000000000000000000e+00 4.440188125000000263e-01 0.000000000000000000e+00 0.000000000000000000e+00 0.000000000000000000e+00 0.000000000000000000e+00 0.000000000000000000e+00 0.000000000000000000e+00 0.000000000000000000e+00 0.000000000000000000e+00 0.000000000000000000e+00 0.000000000000000000e+00 0.000000000000000000e+00 0.000000000000000000e+00 0.000000000000000000e+00 0.000000000000000000e+00 0.000000000000000000e+00 0.000000000000000000e+00 0.000000000000000000e+00 0.000000000000000000e+00 0.000000000000000000e+00 0.000000000000000000e+00
4.685776412790430556e-01 2.999496443702320825e-01 4.504537022812613589e-01 3.028184768591991594e-01 4.569655387423713910e-01 2.838140343734675275e-01 4.551098565438899124e-01 2.591805636832019144e-01 4.322751262493380042e-01 2.650890917619589948e-01 4.463980405963905995e-01 2.857902966206575246e-01 4.303473747571999741e-01 2.667294356146136525e-01 4.703766635089388082e-01 3.160168389649827825e-01 4.701926601983583698e-01 3.808203946129704032e-01 4.881297454412577008e-01 4.026440806222141289e-01 0.000000000000000000e+00 0.000000000000000000e+00 4.365483120275940876e-01 3.613006684406961933e-01 4.167839590107118575e-01 3.539416600036490168e-01 4.461225885512380973e-01 0.000000000000000000e+00 4.448904002844037975e-01 3.491992725986471924e-01 4.224513310663201016e-01 3.493042707601908270e-01 4.696302912663235518e-01 3.841770573267054290e-01 0.000000000000000000e+00 4.772324862914862353e-01 0.000000000000000000e+00 3.914046733070852824e-01 0.000000000000000000e+00 4.787074923076922728e-01 0.000000000000000000e+00 0.000000000000000000e+00 0.000000000000000000e+00 0.000000000000000000e+00 0.000000000000000000e+00 4.433301096336123570e-01 0.000000000000000000e+00 4.261638378881987266e-01 0.000000000000000000e+00 4.129434969071096306e-01 4.602434679487178992e-01 4.123052108968194851e-01 0.000000000000000000e+00 4.207355597936000557e-01 0.000000000000000000e+00 4.229727347424122597e-01 0.000000000000000000e+00 4.103873889858705160e-01 0.000000000000000000e+00 4.207986515393956628e-01 4.938799903846154415e-01 4.256968380548860620e-01 0.000000000000000000e+00 4.148910021598210540e-01 4.713489396551724386e-01 4.145794004170592073e-01 4.382638057553956967e-01 4.300336746396631327e-01 0.000000000000000000e+00 4.575926731823731775e-01 4.784809035313771219e-01 3.322156081556316143e-01 4.382121156304152887e-01 3.723835113483120463e-01 0.000000000000000000e+00 3.755441271645021395e-01 4.419125147685919464e-01 3.823469545684197723e-01 0.000000000000000000e+00 0.000000000000000000e+00 4.730371618819776969e-01 4.275988324127788509e-01 0.000000000000000000e+00 4.217833676406926857e-01 4.559567971014492627e-01 4.337850623620949642e-01 0.000000000000000000e+00 0.000000000000000000e+00 0.000000000000000000e+00 4.257389551963687291e-01 4.077225483870967615e-01 0.000000000000000000e+00 0.000000000000000000e+00 0.000000000000000000e+00 4.042178088867397490e-01 4.575109885057471737e-01 0.000000000000000000e+00 0.000000000000000000e+00 0.000000000000000000e+00 0.000000000000000000e+00 0.000000000000000000e+00 0.000000000000000000e+00 0.000000000000000000e+00 0.000000000000000000e+00 0.000000000000000000e+00 4.467780906545208985e-01 0.000000000000000000e+00 0.000000000000000000e+00 0.000000000000000000e+00 0.000000000000000000e+00 0.000000000000000000e+00 0.000000000000000000e+00 0.000000000000000000e+00 0.000000000000000000e+00 0.000000000000000000e+00 0.000000000000000000e+00
3.886468115942028345e-01 0.000000000000000000e+00 3.125437793882870352e-01 4.239030632361068807e-01 2.536136543536712251e-01 0.000000000000000000e+00 2.846765625548005607e-01 4.322751262493380042e-01 2.229587965848815190e-01 0.000000000000000000e+00 3.775503354067810680e-01 0.000000000000000000e+00 2.515404478841455349e-01 4.515736829268293118e-01 2.456467853797772438e-01 4.444200951661798626e-01 0.000000000000000000e+00 0.000000000000000000e+00 3.753427835486247144e-01 0.000000000000000000e+00 3.651377402777777892e-01 0.000000000000000000e+00 3.411367266482494554e-01 4.428743965794768589e-01 3.368090141702931861e-01 4.376011371040724462e-01 3.300446816607067735e-01 0.000000000000000000e+00 3.419656916394778756e-01 0.000000000000000000e+00 3.560374433096059055e-01 4.105399719801047786e-01 0.000000000000000000e+00 4.854185135135135609e-01 0.000000000000000000e+00 0.000000000000000000e+00 3.432100561797752913e-01 0.000000000000000000e+00 0.000000000000000000e+00 0.000000000000000000e+00 3.998368709677419530e-01 0.000000000000000000e+00 4.583718414835164512e-01 0.000000000000000000e+00 0.000000000000000000e+00 0.000000000000000000e+00 4.963744117647058696e-01 0.000000000000000000e+00 0.000000000000000000e+00 0.000000000000000000e+00 4.777850491803278810e-01 0.000000000000000000e+00 4.372583431372549234e-01 0.000000000000000000e+00 0.000000000000000000e+00 0.000000000000000000e+00 4.154986420689654736e-01 5.167432560975609990e-01 0.000000000000000000e+00 0.000000000000000000e+00 4.549264000000000085e-01 0.000000000000000000e+00 4.435401562500000394e-01 0.000000000000000000e+00 0.000000000000000000e+00 0.000000000000000000e+00 0.000000000000000000e+00 0.000000000000000000e+00 0.000000000000000000e+00 0.000000000000000000e+00 3.467754038271886330e-01 0.000000000000000000e+00 3.622645085602675952e-01 0.000000000000000000e+00 0.000000000000000000e+00 0.000000000000000000e+00 3.855140425205131338e-01 0.000000000000000000e+00 0.000000000000000000e+00 0.000000000000000000e+00 0.000000000000000000e+00 0.000000000000000000e+00 0.000000000000000000e+00 0.000000000000000000e+00 4.267642566566919871e-01 0.000000000000000000e+00 0.000000000000000000e+00 0.000000000000000000e+00 4.363947838455149442e-01 0.000000000000000000e+00 0.000000000000000000e+00 0.000000000000000000e+00 0.000000000000000000e+00 0.000000000000000000e+00 0.000000000000000000e+00 0.000000000000000000e+00 0.000000000000000000e+00 0.000000000000000000e+00 0.000000000000000000e+00 4.409688571428571624e-01 0.000000000000000000e+00 0.000000000000000000e+00 0.000000000000000000e+00 0.000000000000000000e+00 0.000000000000000000e+00 0.000000000000000000e+00 0.000000000000000000e+00 0.000000000000000000e+00 0.000000000000000000e+00 0.000000000000000000e+00 0.000000000000000000e+00 0.000000000000000000e+00 0.000000000000000000e+00 0.000000000000000000e+00 0.000000000000000000e+00 0.000000000000000000e+00
0.000000000000000000e+00 3.507438802949852663e-01 0.000000000000000000e+00 3.148785649726333902e-01 4.147071702127658188e-01 2.362446794146605411e-01 0.000000000000000000e+00 2.650890917619589948e-01 0.000000000000000000e+00 2.546179452852532221e-01 0.000000000000000000e+00 3.525221248076922942e-01 0.000000000000000000e+00 3.274734905972997989e-01 4.289879078947368418e-01 3.095735834017189214e-01 0.000000000000000000e+00 3.984185274725274839e-01 0.000000000000000000e+00 4.134859750000000611e-01 0.000000000000000000e+00 4.805174999999999863e-01 4.012006290346271098e-01 0.000000000000000000e+00 3.829254335902160244e-01 3.507620744359806753e-01 0.000000000000000000e+00 0.000000000000000000e+00 0.000000000000000000e+00 3.543966015199418451e-01 3.868877345391729117e-01 3.701315509794573244e-01 0.000000000000000000e+00 0.000000000000000000e+00 0.000000000000000000e+00 0.000000000000000000e+00 0.000000000000000000e+00 3.778051405965391352e-01 0.000000000000000000e+00 0.000000000000000000e+00 0.000000000000000000e+00 0.000000000000000000e+00 0.000000000000000000e+00 0.000000000000000000e+00 0.000000000000000000e+00 0.000000000000000000e+00 0.000000000000000000e+00 0.000000000000000000e+00 0.000000000000000000e+00 0.000000000000000000e+00 0.000000000000000000e+00 4.031005127983894321e-01 0.000000000000000000e+00 0.000000000000000000e+00 0.000000000000000000e+00 0.000000000000000000e+00 0.000000000000000000e+00 3.604784047619047915e-01 0.000000000000000000e+00 4.185868503937008045e-01 0.000000000000000000e+00 0.000000000000000000e+00 0.000000000000000000e+00 0.000000000000000000e+00 0.000000000000000000e+00 0.000000000000000000e+00 0.000000000000000000e+00 0.000000000000000000e+00 0.000000000000000000e+00 0.000000000000000000e+00 0.000000000000000000e+00 3.532065154492398107e-01 0.000000000000000000e+00 3.848288611545379601e-01 0.000000000000000000e+00 0.000000000000000000e+00 0.000000000000000000e+00 4.130605892134950885e-01 0.000000000000000000e+00 0.000000000000000000e+00 0.000000000000000000e+00 4.706198899082568721e-01 0.000000000000000000e+00 0.000000000000000000e+00 0.000000000000000000e+00 4.445413549076371318e-01 0.000000000000000000e+00 0.000000000000000000e+00 0.000000000000000000e+00 4.309214866578647829e-01 0.000000000000000000e+00 0.000000000000000000e+00 0.000000000000000000e+00 0.000000000000000000e+00 3.960445475216273215e-01 0.000000000000000000e+00 0.000000000000000000e+00 0.000000000000000000e+00 0.000000000000000000e+00 0.000000000000000000e+00 0.000000000000000000e+00 0.000000000000000000e+00 0.000000000000000000e+00 0.000000000000000000e+00 0.000000000000000000e+00 0.000000000000000000e+00 0.000000000000000000e+00 0.000000000000000000e+00 0.000000000000000000e+00 0.000000000000000000e+00 0.000000000000000000e+00 0.000000000000000000e+00 0.000000000000000000e+00 0.000000000000000000e+00 0.000000000000000000e+00 0.000000000000000000e+00
3.139482637232227091e-01 4.632333977629953803e-01 3.972943615642667847e-01 4.539622108114335086e-01 3.354105192307692551e-01 0.000000000000000000e+00 3.748861468730199653e-01 4.463980405963905995e-01 3.775503354067810680e-01 0.000000000000000000e+00 2.644455690913416479e-01 4.411623631642345722e-01 3.032580800499281581e-01 4.340010055920071608e-01 3.865417077712242078e-01 0.000000000000000000e+00 3.331916011976379099e-01 4.236589873391448102e-01 4.133304506490197427e-01 4.682628518872969936e-01 0.000000000000000000e+00 0.000000000000000000e+00 3.926047122664820810e-01 4.631285333333333143e-01 0.000000000000000000e+00 0.000000000000000000e+00 4.398313439490444954e-01 0.000000000000000000e+00 3.160772940233098627e-01 0.000000000000000000e+00 3.954871978154563261e-01 4.321321035879457928e-01 4.251445931147546653e-01 4.647087529425665275e-01 0.000000000000000000e+00 0.000000000000000000e+00 4.500019995192308109e-01 4.308086269841269189e-01 0.000000000000000000e+00 0.000000000000000000e+00 0.000000000000000000e+00 0.000000000000000000e+00 0.000000000000000000e+00 0.000000000000000000e+00 5.198179801980197245e-01 0.000000000000000000e+00 0.000000000000000000e+00 0.000000000000000000e+00 4.174091823227126241e-01 0.000000000000000000e+00 4.509995146415123335e-01 0.000000000000000000e+00 4.780089340659340325e-01 0.000000000000000000e+00 0.000000000000000000e+00 0.000000000000000000e+00 3.811268915393671852e-01 0.000000000000000000e+00 4.434052074872467664e-01 0.000000000000000000e+00 4.332891905609012051e-01 0.000000000000000000e+00 4.250504384669737679e-01 0.000000000000000000e+00 4.555142141285328239e-01 0.000000000000000000e+00 4.217885782561833774e-01 4.664855140845069470e-01 4.384811804955057735e-01 4.806158549618320674e-01 3.640760563877072920e-01 4.807551225016111762e-01 3.558750954705405256e-01 4.275896044939264673e-01 0.000000000000000000e+00 0.000000000000000000e+00 3.971446407327052786e-01 4.414775909722222225e-01 0.000000000000000000e+00 0.000000000000000000e+00 4.077563849539632690e-01 0.000000000000000000e+00 0.000000000000000000e+00 0.000000000000000000e+00 4.473727440444886239e-01 0.000000000000000000e+00 0.000000000000000000e+00 0.000000000000000000e+00 4.419982314606950569e-01 0.000000000000000000e+00 0.000000000000000000e+00 0.000000000000000000e+00 0.000000000000000000e+00 0.000000000000000000e+00 4.609470135135135260e-01 4.796237714285714326e-01 0.000000000000000000e+00 0.000000000000000000e+00 0.000000000000000000e+00 0.000000000000000000e+00 0.000000000000000000e+00 0.000000000000000000e+00 0.000000000000000000e+00 0.000000000000000000e+00 0.000000000000000000e+00 0.000000000000000000e+00 0.000000000000000000e+00 0.000000000000000000e+00 0.000000000000000000e+00 0.000000000000000000e+00 0.000000000000000000e+00 0.000000000000000000e+00 0.000000000000000000e+00 0.000000000000000000e+00 0.000000000000000000e+00 0.000000000000000000e+00
4.592620287287577097e-01 3.326369212022023403e-01 4.699837976599735012e-01 3.886619939211611308e-01 0.000000000000000000e+00 0.000000000000000000e+00 4.590676998943122866e-01 2.857902966206575246e-01 0.000000000000000000e+00 3.525221248076922942e-01 4.411623631642345722e-01 2.572479913251335959e-01 0.000000000000000000e+00 2.760610294730165837e-01 0.000000000000000000e+00 3.499067084075671019e-01 0.000000000000000000e+00 3.177173404778949606e-01 4.539263144320014320e-01 4.079591568304830607e-01 0.000000000000000000e+00 0.000000000000000000e+00 4.232548670504286958e-01 3.917100235370505334e-01 0.000000000000000000e+00 0.000000000000000000e+00 0.000000000000000000e+00 0.000000000000000000e+00 4.530305375430538906e-01 3.450985011015726411e-01 4.240948640255031710e-01 3.716703230599491259e-01 4.656603856958492771e-01 3.840560847328315930e-01 0.000000000000000000e+00 0.000000000000000000e+00 0.000000000000000000e+00 4.233047729847493890e-01 0.000000000000000000e+00 0.000000000000000000e+00 0.000000000000000000e+00 0.000000000000000000e+00 0.000000000000000000e+00 0.000000000000000000e+00 0.000000000000000000e+00 0.000000000000000000e+00 0.000000000000000000e+00 0.000000000000000000e+00 0.000000000000000000e+00 4.428618833674917155e-01 0.000000000000000000e+00 4.479772686266333404e-01 0.000000000000000000e+00 4.975814402515723045e-01 0.000000000000000000e+00 4.796089028696737810e-01 4.467857641509433431e-01 3.816955032156460481e-01 0.000000000000000000e+00 4.437565153687705877e-01 0.000000000000000000e+00 4.265768762078208098e-01 0.000000000000000000e+00 4.219801443173150091e-01 0.000000000000000000e+00 4.456209584491196973e-01 0.000000000000000000e+00 4.470366371016083473e-01 4.602153152604950281e-01 4.193817613973313541e-01 4.597869299617681205e-01 3.414365819418681003e-01 4.366961416609776991e-01 3.760860752181346967e-01 0.000000000000000000e+00 0.000000000000000000e+00 4.404952980504174831e-01 4.141949680322351557e-01 0.000000000000000000e+00 4.316356593276515219e-01 0.000000000000000000e+00 4.502533239646175911e-01 0.000000000000000000e+00 0.000000000000000000e+00 0.000000000000000000e+00 4.667174270451342477e-01 0.000000000000000000e+00 4.171722235690236147e-01 0.000000000000000000e+00 4.566663054354448970e-01 0.000000000000000000e+00 0.000000000000000000e+00 0.000000000000000000e+00 0.000000000000000000e+00 0.000000000000000000e+00 0.000000000000000000e+00 0.000000000000000000e+00 0.000000000000000000e+00 0.000000000000000000e+00 0.000000000000000000e+00 0.000000000000000000e+00 0.000000000000000000e+00 0.000000000000000000e+00 0.000000000000000000e+00 0.000000000000000000e+00 0.000000000000000000e+00 0.000000000000000000e+00 0.000000000000000000e+00 0.000000000000000000e+00 0.000000000000000000e+00 0.000000000000000000e+00 0.000000000000000000e+00 0.000000000000000000e+00 0.000000000000000000e+00 0.000000000000000000e+00 0.000000000000000000e+00
3.670352174244250754e-01 0.000000000000000000e+00 3.570227501229336076e-01 4.473681228850772129e-01 3.323356926125506372e-01 4.549247333333333865e-01 3.066715000807645475e-01 4.303473747571999741e-01 2.515404478841455349e-01 0.000000000000000000e+00 3.032580800499281581e-01 0.000000000000000000e+00 2.641071367989785146e-01 4.183155374790512582e-01 2.660246973671750448e-01 0.000000000000000000e+00 4.009038648557418094e-01 0.000000000000000000e+00 4.013910832780713811e-01 4.459794597701149388e-01 4.445404333333333735e-01 0.000000000000000000e+00 3.679751801279906309e-01 4.325616544343065528e-01 3.505518793859648818e-01 0.000000000000000000e+00 0.000000000000000000e+00 0.000000000000000000e+00 3.425595667659633858e-01 4.320406655990544631e-01 3.648110988413364453e-01 4.242790722504442558e-01 4.025652424919968220e-01 4.424307085889264135e-01 4.579703334210525889e-01 0.000000000000000000e+00 4.146556710610393437e-01 0.000000000000000000e+00 0.000000000000000000e+00 0.000000000000000000e+00 4.536287301587301757e-01 0.000000000000000000e+00 0.000000000000000000e+00 0.000000000000000000e+00 0.000000000000000000e+00 0.000000000000000000e+00 0.000000000000000000e+00 0.000000000000000000e+00 4.308165832853717570e-01 0.000000000000000000e+00 4.417887658632781989e-01 0.000000000000000000e+00 3.882412113821137600e-01 0.000000000000000000e+00 4.721282747252747436e-01 0.000000000000000000e+00 4.097286592279003603e-01 4.915424347826087281e-01 3.917505570328527198e-01 0.000000000000000000e+00 4.401015885027313446e-01 0.000000000000000000e+00 4.310149876786933398e-01 0.000000000000000000e+00 4.501434849366275359e-01 0.000000000000000000e+00 4.784630041509437270e-01 0.000000000000000000e+00 4.079476153846152697e-01 0.000000000000000000e+00 3.511443477889300002e-01 4.542181702931462617e-01 3.781225932203818307e-01 4.200091734526636977e-01 3.867352132728304470e-01 0.000000000000000000e+00 3.943815971606827175e-01 4.253345280358006852e-01 0.000000000000000000e+00 0.000000000000000000e+00 4.091796195127411218e-01 0.000000000000000000e+00 0.000000000000000000e+00 0.000000000000000000e+00 4.382495805194186467e-01 0.000000000000000000e+00 4.336269652439024291e-01 0.000000000000000000e+00 4.392909995889583419e-01 0.000000000000000000e+00 0.000000000000000000e+00 0.000000000000000000e+00 4.340556616541353385e-01 0.000000000000000000e+00 4.401261468190703074e-01 0.000000000000000000e+00 0.000000000000000000e+00 0.000000000000000000e+00 0.000000000000000000e+00 4.586601219512194683e-01 0.000000000000000000e+00 0.000000000000000000e+00 0.000000000000000000e+00 0.000000000000000000e+00 0.000000000000000000e+00 4.208075089285713832e-01 0.000000000000000000e+00 0.000000000000000000e+00 0.000000000000000000e+00 0.000000000000000000e+00 0.000000000000000000e+00 0.000000000000000000e+00 0.000000000000000000e+00 0.000000000000000000e+00 0.000000000000000000e+00 0.000000000000000000e+00
