0.000000000000000000e+00 1.464651206459487327e-02 2.677756364742874678e-02 2.825684497710221309e-03 7.479431563201196544e-04 0.000000000000000000e+00 1.252856054836252730e-01 7.860752386299831897e-04 6.381620931716656476e-04 0.000000000000000000e+00 1.975237546789519183e-01 0.000000000000000000e+00 3.473709255293837977e-02 2.012477359629704092e-04 8.329862557267805412e-04 0.000000000000000000e+00 7.043343653250773440e-02 2.628614344723995480e-03 8.016141345839240817e-02 2.059308072487643984e-02 0.000000000000000000e+00 0.000000000000000000e+00 4.957038995373430580e-04 0.000000000000000000e+00 0.000000000000000000e+00 0.000000000000000000e+00 0.000000000000000000e+00 0.000000000000000000e+00 4.098360655737704611e-02 3.798670465337131760e-04 3.284072249589491078e-04 0.000000000000000000e+00 1.732209737827715423e-02 1.388888888888888812e-02 6.811989100817438447e-04 0.000000000000000000e+00 1.607230092818759115e-01 1.788908765652951708e-03 0.000000000000000000e+00 9.871668311944717996e-04 2.000000000000000111e-01 0.000000000000000000e+00 0.000000000000000000e+00 0.000000000000000000e+00 1.617337861879346642e-04 0.000000000000000000e+00 0.000000000000000000e+00 0.000000000000000000e+00 7.876082961407193401e-04 1.456346027816209044e-04 1.862141462682084456e-02 5.786664952099273510e-04 0.000000000000000000e+00 0.000000000000000000e+00 4.807692307692307959e-03 0.000000000000000000e+00 2.524199553239017124e-01 6.162224132989395538e-03 3.754708097928437238e-02 6.344027551205365769e-04 9.289848934067485020e-02 2.130379207498934709e-04 2.154558404558404652e-02 6.785027705529798111e-04 5.708180708180708024e-02 5.406135964319502786e-04 7.171903881700554886e-03 1.851525304179157038e-03 1.263018680773681512e-01 1.040161802947125146e-02 7.495652173913043559e-02 4.182350480970305185e-04 6.808692859436890621e-02 2.544111612638489794e-03 5.758157389635316925e-03 0.000000000000000000e+00 1.103493307215148572e-01 3.612281757977122212e-03 0.000000000000000000e+00 0.000000000000000000e+00 2.736227654140824337e-03 1.979805979014056573e-04 0.000000000000000000e+00 0.000000000000000000e+00 2.916998143728453952e-02 2.294806088885489067e-04 0.000000000000000000e+00 0.000000000000000000e+00 2.412753123653597551e-02 1.105094485578516917e-04 1.148897058823529450e-03 2.955400322407307837e-03 0.000000000000000000e+00 0.000000000000000000e+00 6.545454545454545969e-02 0.000000000000000000e+00 0.000000000000000000e+00 0.000000000000000000e+00 1.039501039501039559e-03 6.134969325153374377e-03 0.000000000000000000e+00 0.000000000000000000e+00 4.023335345001005908e-04 1.154290111581377475e-03 4.172461752433936043e-03 0.000000000000000000e+00 1.862197392923649894e-03 1.497005988023952187e-03 0.000000000000000000e+00 0.000000000000000000e+00 0.000000000000000000e+00 0.000000000000000000e+00 1.666666666666666774e-03 0.000000000000000000e+00 0.000000000000000000e+00 0.000000000000000000e+00
1.464651206459487327e-02 0.000000000000000000e+00 4.868647935896135148e-03 6.158043457078826721e-02 0.000000000000000000e+00 0.000000000000000000e+00 1.256664127951256579e-02 1.641774284110050497e-01 0.000000000000000000e+00 2.785515320334261847e-03 1.151742009789807073e-03 3.200181570585565460e-02 4.758505829169640939e-04 1.308110283759307720e-02 0.000000000000000000e+00 3.429355281207132808e-04 2.902476780185758633e-03 4.118162473400926310e-02 2.672047115279746823e-02 4.612850082372323135e-02 0.000000000000000000e+00 0.000000000000000000e+00 1.156642432253800505e-03 1.438159156279961680e-03 0.000000000000000000e+00 0.000000000000000000e+00 0.000000000000000000e+00 0.000000000000000000e+00 5.961251862891207148e-04 1.652421652421652565e-02 1.642036124794745561e-02 4.415011037527593815e-04 9.363295880149813052e-03 1.073619631901840538e-02 0.000000000000000000e+00 0.000000000000000000e+00 1.465559355153883692e-03 4.621347644603458760e-02 0.000000000000000000e+00 1.579466929911154879e-02 0.000000000000000000e+00 0.000000000000000000e+00 1.248439450686641657e-04 2.112378538234051500e-04 0.000000000000000000e+00 2.793585100879461807e-03 0.000000000000000000e+00 3.961572744379518647e-04 0.000000000000000000e+00 6.990460933517803413e-03 0.000000000000000000e+00 2.269658586767826086e-02 0.000000000000000000e+00 2.523659305993691034e-03 0.000000000000000000e+00 2.993158494868871245e-03 1.489203276247207867e-04 1.976927486385783861e-01 1.177024482109227823e-04 3.443900670654340829e-02 1.411831144995058713e-04 2.833404345973583247e-02 1.780626780626780716e-04 1.673640167364016593e-02 1.526251526251526250e-04 4.419516150831193091e-02 7.393715341959334253e-04 8.728619291130312527e-03 8.431145643908084103e-03 6.674371568910719699e-02 2.086956521739130252e-03 5.660114317579813259e-02 1.391713949255968252e-03 4.152646696758309497e-02 0.000000000000000000e+00 5.365853658536585795e-03 4.407443682664055097e-03 5.147501505117399456e-02 0.000000000000000000e+00 0.000000000000000000e+00 1.824151769427216315e-04 7.523262720253415248e-03 0.000000000000000000e+00 0.000000000000000000e+00 2.651816494298594659e-04 2.830260842958769868e-02 0.000000000000000000e+00 0.000000000000000000e+00 0.000000000000000000e+00 1.270858658415294565e-02 0.000000000000000000e+00 1.612036539494895223e-03 0.000000000000000000e+00 0.000000000000000000e+00 7.272727272727272721e-03 0.000000000000000000e+00 0.000000000000000000e+00 0.000000000000000000e+00 0.000000000000000000e+00 1.533742331288343594e-03 0.000000000000000000e+00 1.212121212121212120e-03 0.000000000000000000e+00 3.847633705271258429e-04 0.000000000000000000e+00 9.237875288683602623e-04 0.000000000000000000e+00 0.000000000000000000e+00 0.000000000000000000e+00 0.000000000000000000e+00 0.000000000000000000e+00 0.000000000000000000e+00 0.000000000000000000e+00 0.000000000000000000e+00 0.000000000000000000e+00 0.000000000000000000e+00
2.677756364742874678e-02 4.868647935896135148e-03 0.000000000000000000e+00 1.217967455909578153e-02 8.750934928945400260e-02 7.726269315673289610e-03 2.339426250317339362e-01 3.245367770915216082e-02 2.935545628589661740e-02 9.749303621169916681e-03 5.499568096746328821e-02 9.305492510213345808e-03 1.023078753271472741e-01 8.251157174481786941e-03 2.832153269471053558e-02 3.429355281207132917e-03 1.354489164086687333e-02 2.753786456377518930e-03 1.310939033700512513e-01 5.060014120969639519e-03 0.000000000000000000e+00 0.000000000000000000e+00 3.015532055518836962e-01 1.558005752636625052e-02 1.339622641509433942e-01 3.805899143672692841e-03 4.146510020732550178e-03 0.000000000000000000e+00 2.786885245901639385e-02 1.709401709401709400e-03 3.251231527093596113e-02 3.134657836644591522e-02 9.363295880149813052e-03 7.583503749147920900e-03 1.362397820163487689e-03 0.000000000000000000e+00 8.793356130923302150e-03 0.000000000000000000e+00 6.472491909385113358e-04 4.935834155972358998e-04 6.666666666666666574e-02 0.000000000000000000e+00 3.745318352059925243e-04 0.000000000000000000e+00 3.234675723758693284e-04 0.000000000000000000e+00 3.821169277799006474e-04 0.000000000000000000e+00 1.443948542924652087e-03 7.281730139081045222e-05 8.860189217600240863e-03 1.928888317366424503e-04 5.073566717402333559e-04 0.000000000000000000e+00 3.971571906354515007e-03 2.850627137970353567e-04 3.723008190618019506e-03 4.299226139294927006e-04 1.200564971751412469e-02 1.812579300344390181e-04 4.800225892983199516e-03 2.130379207498934709e-04 2.136752136752136967e-03 3.392513852764899055e-04 4.884004884004884001e-03 4.054601973239626818e-04 1.279112754158964922e-02 1.763357432551578171e-04 7.439246156389485616e-03 0.000000000000000000e+00 5.947826086956521652e-02 1.254705144291091501e-03 6.883631302858365941e-02 4.103405826836274001e-03 1.391554702495201475e-02 0.000000000000000000e+00 6.137773424746979789e-02 4.665863937387115974e-03 5.882352941176470507e-03 0.000000000000000000e+00 1.824151769427216369e-03 3.959611958028113146e-04 0.000000000000000000e+00 0.000000000000000000e+00 5.303632988597189318e-03 2.294806088885489067e-04 1.474926253687315614e-03 0.000000000000000000e+00 5.170185264971994751e-03 0.000000000000000000e+00 0.000000000000000000e+00 1.074691026329930221e-03 0.000000000000000000e+00 9.823182711198427588e-04 1.818181818181818094e-02 0.000000000000000000e+00 0.000000000000000000e+00 0.000000000000000000e+00 1.039501039501039559e-03 1.533742331288343594e-03 0.000000000000000000e+00 1.212121212121212120e-03 0.000000000000000000e+00 5.771450557906887373e-04 0.000000000000000000e+00 4.618937644341801312e-04 0.000000000000000000e+00 0.000000000000000000e+00 0.000000000000000000e+00 0.000000000000000000e+00 0.000000000000000000e+00 0.000000000000000000e+00 1.666666666666666774e-03 0.000000000000000000e+00 0.000000000000000000e+00 0.000000000000000000e+00
2.825684497710221309e-03 6.158043457078826721e-02 1.217967455909578153e-02 0.000000000000000000e+00 1.608077786088257452e-02 4.635761589403973593e-02 9.647118558009646835e-03 1.772038180797304852e-01 5.743458838544990286e-03 1.671309192200557195e-02 5.182839044054131719e-03 4.925102133454380138e-02 5.948132286462051201e-03 5.433688871000201537e-02 1.665972511453561082e-03 2.812071330589849261e-02 9.674922600619195083e-04 3.992990361747402600e-02 6.652852001308757687e-03 1.586255589550482348e-01 0.000000000000000000e+00 0.000000000000000000e+00 3.783873099801718376e-02 2.392138063279002913e-01 1.132075471698113130e-02 6.993339676498572244e-02 3.455425017277124968e-04 2.357563850687622795e-03 5.961251862891207148e-04 4.368471035137701936e-02 3.973727422003284215e-02 5.827814569536424183e-02 2.340823970037453263e-03 2.411383776414451410e-02 0.000000000000000000e+00 1.224989791751735467e-03 4.885197850512945639e-04 2.116875372689326282e-02 0.000000000000000000e+00 3.603158933859822166e-02 0.000000000000000000e+00 0.000000000000000000e+00 0.000000000000000000e+00 3.520630897056752410e-04 0.000000000000000000e+00 1.448525607863424729e-03 0.000000000000000000e+00 1.980786372189759323e-04 1.312680493567865657e-04 3.713682370931333226e-03 7.508634930169694774e-05 4.886517070661608453e-03 0.000000000000000000e+00 6.309148264984227586e-04 0.000000000000000000e+00 1.425313568985176783e-04 0.000000000000000000e+00 8.096875895672112772e-03 1.177024482109227823e-04 1.495377922784121849e-02 1.411831144995058713e-04 1.491265445249254432e-03 0.000000000000000000e+00 1.470089336198122888e-03 0.000000000000000000e+00 3.513988376807676648e-03 7.393715341959334795e-05 1.957326750132251658e-02 4.959497437592990266e-04 4.911875180583646569e-03 1.217391304347825980e-03 5.088526418513871635e-02 1.605823787603040441e-03 8.896183832581042172e-02 0.000000000000000000e+00 4.878048780487804874e-03 1.958863858961802217e-03 8.052378085490667636e-02 0.000000000000000000e+00 0.000000000000000000e+00 0.000000000000000000e+00 3.761631360126707624e-03 0.000000000000000000e+00 0.000000000000000000e+00 0.000000000000000000e+00 1.453377189627476536e-03 0.000000000000000000e+00 0.000000000000000000e+00 2.154243860404997813e-04 9.945850370206652663e-04 4.595588235294117583e-04 2.418054809242342618e-03 0.000000000000000000e+00 0.000000000000000000e+00 1.454545454545454544e-02 0.000000000000000000e+00 0.000000000000000000e+00 0.000000000000000000e+00 2.079002079002079117e-03 0.000000000000000000e+00 0.000000000000000000e+00 0.000000000000000000e+00 2.011667672500502954e-04 3.847633705271258429e-04 0.000000000000000000e+00 1.385681293302540393e-03 0.000000000000000000e+00 1.497005988023952187e-03 0.000000000000000000e+00 0.000000000000000000e+00 0.000000000000000000e+00 0.000000000000000000e+00 0.000000000000000000e+00 7.412898443291326619e-04 0.000000000000000000e+00 0.000000000000000000e+00
7.479431563201196544e-04 0.000000000000000000e+00 8.750934928945400260e-02 1.608077786088257452e-02 0.000000000000000000e+00 1.324503311258278145e-02 3.808073115003808161e-04 1.796743402582818595e-03 3.611997447351627533e-01 8.356545961002785974e-03 0.000000000000000000e+00 0.000000000000000000e+00 1.903402331667856376e-03 8.049909438518816369e-04 1.807580174927113648e-01 4.458161865569272922e-03 0.000000000000000000e+00 0.000000000000000000e+00 0.000000000000000000e+00 0.000000000000000000e+00 1.116538729937194621e-02 1.569858712715855665e-03 1.156642432253800375e-02 5.273250239693192537e-03 3.018867924528301910e-02 8.563273073263558133e-03 1.503109882515549500e-01 3.929273084479371144e-04 6.557377049180327863e-03 0.000000000000000000e+00 3.940886699507388860e-03 9.933774834437086518e-03 1.560549313358302139e-04 2.556237218813906171e-04 3.405994550408719223e-04 0.000000000000000000e+00 0.000000000000000000e+00 0.000000000000000000e+00 0.000000000000000000e+00 0.000000000000000000e+00 0.000000000000000000e+00 0.000000000000000000e+00 0.000000000000000000e+00 0.000000000000000000e+00 0.000000000000000000e+00 0.000000000000000000e+00 1.528467711119602590e-03 0.000000000000000000e+00 0.000000000000000000e+00 0.000000000000000000e+00 4.505180958101816864e-04 0.000000000000000000e+00 1.014713343480466712e-03 0.000000000000000000e+00 8.361204013377926273e-04 0.000000000000000000e+00 0.000000000000000000e+00 0.000000000000000000e+00 1.177024482109227823e-04 0.000000000000000000e+00 0.000000000000000000e+00 0.000000000000000000e+00 0.000000000000000000e+00 0.000000000000000000e+00 1.526251526251526250e-04 1.351533991079875696e-04 4.436229205175600877e-04 0.000000000000000000e+00 1.653165812530996755e-04 0.000000000000000000e+00 1.356521739130434751e-02 4.182350480970305185e-04 4.282196766941440830e-02 5.744768157570784035e-04 1.151631477927063385e-02 0.000000000000000000e+00 1.469147894221351554e-03 0.000000000000000000e+00 0.000000000000000000e+00 0.000000000000000000e+00 1.824151769427216315e-04 0.000000000000000000e+00 2.429906542056074759e-02 0.000000000000000000e+00 2.209847078582162071e-03 0.000000000000000000e+00 4.424778761061946841e-03 0.000000000000000000e+00 3.015941404566996938e-03 0.000000000000000000e+00 0.000000000000000000e+00 2.686727565824825552e-04 0.000000000000000000e+00 0.000000000000000000e+00 0.000000000000000000e+00 0.000000000000000000e+00 0.000000000000000000e+00 0.000000000000000000e+00 0.000000000000000000e+00 0.000000000000000000e+00 0.000000000000000000e+00 0.000000000000000000e+00 0.000000000000000000e+00 0.000000000000000000e+00 0.000000000000000000e+00 0.000000000000000000e+00 0.000000000000000000e+00 0.000000000000000000e+00 0.000000000000000000e+00 0.000000000000000000e+00 0.000000000000000000e+00 0.000000000000000000e+00 0.000000000000000000e+00 0.000000000000000000e+00 0.000000000000000000e+00 0.000000000000000000e+00
0.000000000000000000e+00 0.000000000000000000e+00 7.726269315673289610e-03 4.635761589403973593e-02 1.324503311258278145e-02 0.000000000000000000e+00 3.808073115003808161e-04 6.737787759685569733e-04 7.019783024888321364e-03 8.913649025069637910e-02 0.000000000000000000e+00 4.539264639128461304e-04 2.379252914584820469e-04 1.609981887703763274e-03 2.082465639316951299e-03 1.687242798353909556e-01 0.000000000000000000e+00 0.000000000000000000e+00 1.090631475624386502e-04 3.530242409978818748e-04 1.605024424284717463e-02 3.296703296703296787e-02 6.609385327164573817e-03 4.194630872483221667e-02 2.075471698113207433e-02 1.560418648905803896e-01 2.764340013821699974e-03 1.882121807465618746e-01 0.000000000000000000e+00 5.318138651471984897e-03 1.379310344827586188e-02 1.147902869757174392e-02 4.681647940074906418e-04 1.022494887525562468e-03 0.000000000000000000e+00 0.000000000000000000e+00 0.000000000000000000e+00 0.000000000000000000e+00 0.000000000000000000e+00 0.000000000000000000e+00 0.000000000000000000e+00 0.000000000000000000e+00 0.000000000000000000e+00 0.000000000000000000e+00 0.000000000000000000e+00 0.000000000000000000e+00 0.000000000000000000e+00 4.951965930474398715e-04 0.000000000000000000e+00 0.000000000000000000e+00 0.000000000000000000e+00 0.000000000000000000e+00 0.000000000000000000e+00 2.523659305993691034e-04 0.000000000000000000e+00 0.000000000000000000e+00 0.000000000000000000e+00 0.000000000000000000e+00 0.000000000000000000e+00 0.000000000000000000e+00 0.000000000000000000e+00 0.000000000000000000e+00 0.000000000000000000e+00 0.000000000000000000e+00 0.000000000000000000e+00 1.351533991079875696e-04 0.000000000000000000e+00 3.526714865103156341e-04 0.000000000000000000e+00 0.000000000000000000e+00 2.086956521739130252e-03 3.304056879966540961e-02 3.211647575206080666e-04 3.455067706196143090e-02 0.000000000000000000e+00 5.853658536585365849e-03 0.000000000000000000e+00 6.020469596628537021e-04 0.000000000000000000e+00 0.000000000000000000e+00 0.000000000000000000e+00 1.979805979014056573e-04 0.000000000000000000e+00 0.000000000000000000e+00 0.000000000000000000e+00 3.059741451847318937e-04 0.000000000000000000e+00 0.000000000000000000e+00 0.000000000000000000e+00 0.000000000000000000e+00 0.000000000000000000e+00 0.000000000000000000e+00 0.000000000000000000e+00 0.000000000000000000e+00 0.000000000000000000e+00 0.000000000000000000e+00 0.000000000000000000e+00 0.000000000000000000e+00 0.000000000000000000e+00 0.000000000000000000e+00 0.000000000000000000e+00 0.000000000000000000e+00 0.000000000000000000e+00 0.000000000000000000e+00 0.000000000000000000e+00 0.000000000000000000e+00 0.000000000000000000e+00 0.000000000000000000e+00 0.000000000000000000e+00 0.000000000000000000e+00 0.000000000000000000e+00 0.000000000000000000e+00 0.000000000000000000e+00 0.000000000000000000e+00 0.000000000000000000e+00 0.000000000000000000e+00
1.252856054836252730e-01 1.256664127951256579e-02 2.339426250317339362e-01 9.647118558009646835e-03 3.808073115003808161e-04 3.808073115003808161e-04 0.000000000000000000e+00 2.975856260527793423e-02 1.021059349074665036e-02 2.785515320334261847e-03 1.402245896919090129e-01 7.262823422605538086e-03 2.129431358553414144e-01 6.641175286778024101e-03 2.082465639316951299e-03 0.000000000000000000e+00 1.780185758513931973e-02 6.884466140943797975e-03 1.472352492092921829e-02 7.178159566956930984e-03 0.000000000000000000e+00 0.000000000000000000e+00 6.444150693985459429e-03 8.628954937679770079e-03 0.000000000000000000e+00 4.757373929590866051e-04 0.000000000000000000e+00 0.000000000000000000e+00 1.937406855439642236e-02 1.329534662867996224e-03 1.018062397372742137e-02 1.258278145695364281e-02 1.092384519350811552e-03 8.350374914792093456e-03 3.405994550408719223e-04 0.000000000000000000e+00 1.319003419638495322e-02 0.000000000000000000e+00 0.000000000000000000e+00 0.000000000000000000e+00 1.333333333333333315e-01 0.000000000000000000e+00 0.000000000000000000e+00 0.000000000000000000e+00 0.000000000000000000e+00 0.000000000000000000e+00 3.821169277799006474e-04 0.000000000000000000e+00 1.050144394854292526e-03 0.000000000000000000e+00 7.959153025979876298e-03 1.928888317366424503e-04 0.000000000000000000e+00 0.000000000000000000e+00 3.971571906354515007e-03 0.000000000000000000e+00 4.467609828741623060e-03 2.866150759529951337e-04 1.224105461393596925e-02 2.718868950516584865e-04 2.103628406042637455e-02 2.130379207498934709e-04 1.210826210826210746e-02 1.130837950921632928e-04 2.319902319902319987e-02 1.351533991079875696e-04 1.996303142329020151e-03 2.645036148827367120e-04 6.612663250123987022e-04 0.000000000000000000e+00 6.295652173913043881e-02 5.576467307960407275e-04 4.881704314313242699e-02 3.036520311858843021e-03 7.677543186180421989e-03 0.000000000000000000e+00 6.203068886712373442e-02 3.762793497892835855e-03 0.000000000000000000e+00 0.000000000000000000e+00 6.202116016052535742e-03 0.000000000000000000e+00 0.000000000000000000e+00 0.000000000000000000e+00 2.245204631839476869e-02 3.059741451847318937e-04 0.000000000000000000e+00 0.000000000000000000e+00 1.809564842740198076e-02 0.000000000000000000e+00 4.595588235294117583e-04 2.686727565824825552e-04 0.000000000000000000e+00 0.000000000000000000e+00 1.454545454545454544e-02 0.000000000000000000e+00 0.000000000000000000e+00 0.000000000000000000e+00 1.039501039501039559e-03 0.000000000000000000e+00 0.000000000000000000e+00 0.000000000000000000e+00 2.011667672500502954e-04 1.923816852635629215e-04 4.636068613815484251e-04 0.000000000000000000e+00 0.000000000000000000e+00 1.497005988023952187e-03 0.000000000000000000e+00 0.000000000000000000e+00 0.000000000000000000e+00 0.000000000000000000e+00 0.000000000000000000e+00 0.000000000000000000e+00 0.000000000000000000e+00 0.000000000000000000e+00
7.860752386299831897e-04 1.641774284110050497e-01 3.245367770915216082e-02 1.772038180797304852e-01 1.796743402582818595e-03 6.737787759685569733e-04 2.975856260527793423e-02 0.000000000000000000e+00 4.467134652201659208e-03 1.197771587743732546e-01 2.044342067376907560e-02 8.011802088061734106e-02 1.189626457292410240e-02 2.429060173073052942e-01 4.164931278633902706e-04 1.063100137174211209e-02 1.547987616099071300e-03 2.203029165102015144e-02 9.924746428181916921e-03 6.707460578959755296e-03 0.000000000000000000e+00 0.000000000000000000e+00 6.840713813615333094e-02 8.868648130393097170e-03 5.660377358490565648e-03 1.902949571836346420e-03 6.910850034554249935e-04 0.000000000000000000e+00 8.941877794336810722e-04 2.089268755935422620e-02 4.334975369458127920e-02 1.876379690949227241e-02 1.404494382022471871e-03 3.323108384458077751e-03 3.405994550408719223e-04 0.000000000000000000e+00 0.000000000000000000e+00 1.490757304710793162e-03 0.000000000000000000e+00 1.480750246791707808e-03 0.000000000000000000e+00 0.000000000000000000e+00 1.248439450686641657e-04 2.112378538234051500e-04 0.000000000000000000e+00 1.034661148473874775e-03 0.000000000000000000e+00 2.971179558284639120e-04 0.000000000000000000e+00 2.839874754241608016e-03 7.508634930169694774e-05 1.028740435928759793e-02 0.000000000000000000e+00 1.009463722397476414e-03 0.000000000000000000e+00 1.995438996579247497e-03 0.000000000000000000e+00 4.657494984236170733e-03 0.000000000000000000e+00 1.450063440275512145e-03 0.000000000000000000e+00 3.195568811248402415e-03 5.341880341880342418e-04 2.148592106751102699e-03 0.000000000000000000e+00 1.554264089741856994e-02 4.436229205175600877e-04 1.763357432551578225e-03 0.000000000000000000e+00 2.889338341519792131e-04 2.086956521739130252e-03 9.549700264882196588e-02 2.676372979338400519e-03 3.586376692654903720e-02 0.000000000000000000e+00 5.853658536585365849e-03 1.632386549134835036e-03 3.973509933774834607e-02 0.000000000000000000e+00 0.000000000000000000e+00 1.824151769427216315e-04 1.484854484260542465e-02 0.000000000000000000e+00 0.000000000000000000e+00 8.839388314328647960e-05 1.392182360590530146e-02 0.000000000000000000e+00 0.000000000000000000e+00 0.000000000000000000e+00 9.061774781743839671e-03 0.000000000000000000e+00 5.373455131649651105e-04 0.000000000000000000e+00 0.000000000000000000e+00 7.272727272727272721e-03 0.000000000000000000e+00 0.000000000000000000e+00 0.000000000000000000e+00 0.000000000000000000e+00 1.533742331288343594e-03 0.000000000000000000e+00 0.000000000000000000e+00 0.000000000000000000e+00 1.923816852635629215e-04 0.000000000000000000e+00 0.000000000000000000e+00 0.000000000000000000e+00 0.000000000000000000e+00 0.000000000000000000e+00 0.000000000000000000e+00 0.000000000000000000e+00 0.000000000000000000e+00 0.000000000000000000e+00 0.000000000000000000e+00 0.000000000000000000e+00 0.000000000000000000e+00
6.381620931716656476e-04 0.000000000000000000e+00 2.935545628589661740e-02 5.743458838544990286e-03 3.611997447351627533e-01 7.019783024888321364e-03 1.021059349074665036e-02 4.467134652201659208e-03 0.000000000000000000e+00 4.178272980501392987e-03 0.000000000000000000e+00 0.000000000000000000e+00 7.137758743754460920e-03 0.000000000000000000e+00 1.932528113286130778e-01 0.000000000000000000e+00 0.000000000000000000e+00 0.000000000000000000e+00 0.000000000000000000e+00 0.000000000000000000e+00 0.000000000000000000e+00 0.000000000000000000e+00 9.914077990746861160e-04 9.587727708533077143e-04 3.773584905660377388e-03 0.000000000000000000e+00 1.036627505183137544e-02 0.000000000000000000e+00 3.874813710879284646e-03 0.000000000000000000e+00 0.000000000000000000e+00 1.766004415011037526e-03 1.560549313358302139e-04 0.000000000000000000e+00 0.000000000000000000e+00 0.000000000000000000e+00 0.000000000000000000e+00 0.000000000000000000e+00 0.000000000000000000e+00 0.000000000000000000e+00 0.000000000000000000e+00 0.000000000000000000e+00 1.248439450686641657e-04 0.000000000000000000e+00 0.000000000000000000e+00 0.000000000000000000e+00 7.642338555598012948e-04 0.000000000000000000e+00 2.625360987135731314e-04 0.000000000000000000e+00 1.501726986033938955e-04 0.000000000000000000e+00 0.000000000000000000e+00 0.000000000000000000e+00 0.000000000000000000e+00 0.000000000000000000e+00 1.489203276247207867e-04 0.000000000000000000e+00 1.177024482109227823e-04 9.062896501721950904e-05 0.000000000000000000e+00 0.000000000000000000e+00 0.000000000000000000e+00 0.000000000000000000e+00 0.000000000000000000e+00 0.000000000000000000e+00 0.000000000000000000e+00 0.000000000000000000e+00 1.653165812530996755e-04 0.000000000000000000e+00 3.304347826086956666e-03 0.000000000000000000e+00 2.558612568247510891e-02 1.641362330734509763e-04 7.677543186180421989e-03 0.000000000000000000e+00 1.632386549134835036e-03 0.000000000000000000e+00 0.000000000000000000e+00 0.000000000000000000e+00 3.648303538854432630e-04 0.000000000000000000e+00 1.308411214953271104e-02 0.000000000000000000e+00 1.944665429152302605e-03 0.000000000000000000e+00 2.949852507374631227e-03 0.000000000000000000e+00 6.462731581214993439e-04 0.000000000000000000e+00 0.000000000000000000e+00 0.000000000000000000e+00 0.000000000000000000e+00 0.000000000000000000e+00 0.000000000000000000e+00 0.000000000000000000e+00 0.000000000000000000e+00 0.000000000000000000e+00 0.000000000000000000e+00 0.000000000000000000e+00 0.000000000000000000e+00 0.000000000000000000e+00 0.000000000000000000e+00 0.000000000000000000e+00 0.000000000000000000e+00 0.000000000000000000e+00 0.000000000000000000e+00 0.000000000000000000e+00 0.000000000000000000e+00 0.000000000000000000e+00 0.000000000000000000e+00 0.000000000000000000e+00 0.000000000000000000e+00 0.000000000000000000e+00 0.000000000000000000e+00 0.000000000000000000e+00
0.000000000000000000e+00 2.785515320334261847e-03 9.749303621169916681e-03 1.671309192200557195e-02 8.356545961002785974e-03 8.913649025069637910e-02 2.785515320334261847e-03 1.197771587743732546e-01 4.178272980501392987e-03 0.000000000000000000e+00 0.000000000000000000e+00 2.723558783477076674e-03 0.000000000000000000e+00 1.348359830951901747e-02 0.000000000000000000e+00 8.950617283950616787e-02 0.000000000000000000e+00 1.251721116535235853e-04 0.000000000000000000e+00 0.000000000000000000e+00 0.000000000000000000e+00 0.000000000000000000e+00 2.808988764044943742e-03 0.000000000000000000e+00 1.886792452830188694e-03 0.000000000000000000e+00 0.000000000000000000e+00 0.000000000000000000e+00 0.000000000000000000e+00 1.899335232668566097e-03 1.970443349753694430e-03 2.869757174392935980e-03 0.000000000000000000e+00 0.000000000000000000e+00 0.000000000000000000e+00 0.000000000000000000e+00 0.000000000000000000e+00 0.000000000000000000e+00 0.000000000000000000e+00 0.000000000000000000e+00 0.000000000000000000e+00 0.000000000000000000e+00 0.000000000000000000e+00 0.000000000000000000e+00 0.000000000000000000e+00 1.034661148473874748e-04 0.000000000000000000e+00 0.000000000000000000e+00 0.000000000000000000e+00 0.000000000000000000e+00 0.000000000000000000e+00 0.000000000000000000e+00 0.000000000000000000e+00 0.000000000000000000e+00 0.000000000000000000e+00 1.425313568985176783e-04 0.000000000000000000e+00 2.149613069647463503e-04 0.000000000000000000e+00 0.000000000000000000e+00 0.000000000000000000e+00 2.130379207498934709e-04 0.000000000000000000e+00 0.000000000000000000e+00 0.000000000000000000e+00 0.000000000000000000e+00 0.000000000000000000e+00 0.000000000000000000e+00 0.000000000000000000e+00 0.000000000000000000e+00 0.000000000000000000e+00 2.091175240485152863e-03 0.000000000000000000e+00 8.288879770209273828e-03 0.000000000000000000e+00 1.951219512195121950e-03 1.632386549134835091e-04 9.030704394942805531e-04 0.000000000000000000e+00 0.000000000000000000e+00 0.000000000000000000e+00 5.939417937042169989e-04 0.000000000000000000e+00 0.000000000000000000e+00 0.000000000000000000e+00 6.119482903694637875e-04 0.000000000000000000e+00 0.000000000000000000e+00 0.000000000000000000e+00 3.315283456735550888e-04 0.000000000000000000e+00 0.000000000000000000e+00 0.000000000000000000e+00 0.000000000000000000e+00 0.000000000000000000e+00 0.000000000000000000e+00 0.000000000000000000e+00 0.000000000000000000e+00 0.000000000000000000e+00 0.000000000000000000e+00 0.000000000000000000e+00 0.000000000000000000e+00 0.000000000000000000e+00 0.000000000000000000e+00 0.000000000000000000e+00 0.000000000000000000e+00 0.000000000000000000e+00 0.000000000000000000e+00 0.000000000000000000e+00 0.000000000000000000e+00 0.000000000000000000e+00 0.000000000000000000e+00 0.000000000000000000e+00 0.000000000000000000e+00 0.000000000000000000e+00 0.000000000000000000e+00
1.975237546789519183e-01 1.151742009789807073e-03 5.499568096746328821e-02 5.182839044054131719e-03 0.000000000000000000e+00 0.000000000000000000e+00 1.402245896919090129e-01 2.044342067376907560e-02 0.000000000000000000e+00 0.000000000000000000e+00 0.000000000000000000e+00 1.361779391738538337e-03 8.874613371401379736e-02 2.012477359629704092e-04 1.249479383590170866e-03 0.000000000000000000e+00 2.631578947368420907e-02 1.126549004881712349e-03 1.483258806849165751e-02 2.235820192986584954e-03 0.000000000000000000e+00 0.000000000000000000e+00 5.122273628552544318e-03 1.438159156279961680e-03 9.433962264150943470e-04 0.000000000000000000e+00 0.000000000000000000e+00 0.000000000000000000e+00 5.842026825633383352e-02 1.899335232668565880e-04 5.582922824302134941e-03 1.545253863134657835e-03 2.184769038701623103e-03 1.192910702113156177e-03 6.811989100817438447e-04 0.000000000000000000e+00 0.000000000000000000e+00 0.000000000000000000e+00 0.000000000000000000e+00 0.000000000000000000e+00 0.000000000000000000e+00 0.000000000000000000e+00 0.000000000000000000e+00 0.000000000000000000e+00 0.000000000000000000e+00 0.000000000000000000e+00 0.000000000000000000e+00 0.000000000000000000e+00 1.312680493567865657e-04 0.000000000000000000e+00 5.256044451118786071e-04 0.000000000000000000e+00 0.000000000000000000e+00 0.000000000000000000e+00 2.090301003344481568e-04 0.000000000000000000e+00 8.786299329858525062e-03 0.000000000000000000e+00 1.412429378531073441e-03 0.000000000000000000e+00 2.004800225892983123e-02 0.000000000000000000e+00 1.460113960113960073e-02 0.000000000000000000e+00 1.221001221001221000e-02 0.000000000000000000e+00 1.256931608133086834e-03 0.000000000000000000e+00 0.000000000000000000e+00 0.000000000000000000e+00 3.078260869565217425e-02 2.788233653980203637e-04 7.922064018841665570e-03 3.282724661469019526e-04 1.919385796545105497e-03 0.000000000000000000e+00 8.325171400587659531e-03 4.515352197471402765e-04 0.000000000000000000e+00 0.000000000000000000e+00 4.195549069682597172e-03 0.000000000000000000e+00 0.000000000000000000e+00 0.000000000000000000e+00 6.717935118889772558e-03 0.000000000000000000e+00 0.000000000000000000e+00 0.000000000000000000e+00 7.109004739336492566e-03 0.000000000000000000e+00 0.000000000000000000e+00 0.000000000000000000e+00 0.000000000000000000e+00 0.000000000000000000e+00 0.000000000000000000e+00 0.000000000000000000e+00 0.000000000000000000e+00 0.000000000000000000e+00 0.000000000000000000e+00 0.000000000000000000e+00 0.000000000000000000e+00 0.000000000000000000e+00 0.000000000000000000e+00 0.000000000000000000e+00 0.000000000000000000e+00 0.000000000000000000e+00 0.000000000000000000e+00 0.000000000000000000e+00 0.000000000000000000e+00 0.000000000000000000e+00 0.000000000000000000e+00 0.000000000000000000e+00 0.000000000000000000e+00 0.000000000000000000e+00 0.000000000000000000e+00 0.000000000000000000e+00
0.000000000000000000e+00 3.200181570585565460e-02 9.305492510213345808e-03 4.925102133454380138e-02 0.000000000000000000e+00 4.539264639128461304e-04 7.262823422605538086e-03 8.011802088061734106e-02 0.000000000000000000e+00 2.723558783477076674e-03 1.361779391738538337e-03 0.000000000000000000e+00 1.665477040209374301e-03 2.145300865365264709e-01 0.000000000000000000e+00 9.945130315500686283e-03 3.869969040247678250e-04 7.109775941920140618e-02 2.072199803686334326e-03 5.648387855966109997e-03 0.000000000000000000e+00 0.000000000000000000e+00 5.617977528089887485e-03 1.294343240651965425e-02 0.000000000000000000e+00 0.000000000000000000e+00 0.000000000000000000e+00 0.000000000000000000e+00 2.980625931445603574e-04 1.346628679962013353e-01 3.284072249589490861e-03 4.194260485651214558e-03 4.681647940074906418e-04 5.708929788684390105e-03 0.000000000000000000e+00 0.000000000000000000e+00 0.000000000000000000e+00 5.963029218843171999e-04 0.000000000000000000e+00 4.935834155972358998e-04 0.000000000000000000e+00 0.000000000000000000e+00 0.000000000000000000e+00 0.000000000000000000e+00 0.000000000000000000e+00 0.000000000000000000e+00 0.000000000000000000e+00 0.000000000000000000e+00 0.000000000000000000e+00 7.281730139081045222e-05 0.000000000000000000e+00 6.429627724554748706e-04 0.000000000000000000e+00 1.261829652996845517e-04 0.000000000000000000e+00 2.850627137970353567e-04 0.000000000000000000e+00 2.006305531670965828e-03 0.000000000000000000e+00 9.062896501721950904e-05 0.000000000000000000e+00 3.195568811248402415e-03 0.000000000000000000e+00 6.219608730068980698e-03 0.000000000000000000e+00 4.865522367887552616e-03 0.000000000000000000e+00 4.408393581378945562e-04 1.653165812530996755e-04 2.889338341519792131e-04 1.739130434782608814e-04 3.513174404015056290e-02 3.211647575206080666e-04 1.994255231842429268e-02 4.798464491362763743e-04 9.756097560975609748e-04 0.000000000000000000e+00 1.098735701384707941e-02 0.000000000000000000e+00 0.000000000000000000e+00 0.000000000000000000e+00 1.108691348247871702e-02 0.000000000000000000e+00 0.000000000000000000e+00 0.000000000000000000e+00 8.949743746653407092e-03 0.000000000000000000e+00 0.000000000000000000e+00 0.000000000000000000e+00 6.299038567797546687e-03 0.000000000000000000e+00 2.686727565824825552e-04 0.000000000000000000e+00 0.000000000000000000e+00 0.000000000000000000e+00 0.000000000000000000e+00 0.000000000000000000e+00 0.000000000000000000e+00 0.000000000000000000e+00 0.000000000000000000e+00 0.000000000000000000e+00 0.000000000000000000e+00 0.000000000000000000e+00 0.000000000000000000e+00 0.000000000000000000e+00 0.000000000000000000e+00 0.000000000000000000e+00 0.000000000000000000e+00 0.000000000000000000e+00 0.000000000000000000e+00 0.000000000000000000e+00 0.000000000000000000e+00 0.000000000000000000e+00 0.000000000000000000e+00 0.000000000000000000e+00 0.000000000000000000e+00
3.473709255293837977e-02 4.758505829169640939e-04 1.023078753271472741e-01 5.948132286462051201e-03 1.903402331667856376e-03 2.379252914584820469e-04 2.129431358553414144e-01 1.189626457292410240e-02 7.137758743754460920e-03 0.000000000000000000e+00 8.874613371401379736e-02 1.665477040209374301e-03 0.000000000000000000e+00 1.207486415777822564e-03 1.224489795918367319e-01 1.028806584362140005e-03 5.998452012383900800e-03 5.006884466140943410e-04 7.852546624495582162e-03 1.176747469992939492e-04 0.000000000000000000e+00 0.000000000000000000e+00 2.115003304692663483e-02 2.157238734419942520e-03 3.773584905660377388e-03 0.000000000000000000e+00 3.455425017277124968e-04 0.000000000000000000e+00 8.137108792846498018e-02 1.899335232668565880e-04 5.254515599343185725e-03 2.207505518763796908e-03 2.028714107365792944e-03 3.408316291751874714e-04 0.000000000000000000e+00 0.000000000000000000e+00 4.885197850512945639e-04 0.000000000000000000e+00 0.000000000000000000e+00 0.000000000000000000e+00 0.000000000000000000e+00 0.000000000000000000e+00 2.496878901373283314e-04 0.000000000000000000e+00 0.000000000000000000e+00 0.000000000000000000e+00 5.731753916698509440e-04 0.000000000000000000e+00 1.312680493567865657e-04 0.000000000000000000e+00 9.761225409220603477e-04 0.000000000000000000e+00 1.014713343480466712e-03 0.000000000000000000e+00 6.270903010033444976e-04 0.000000000000000000e+00 2.829486224869694894e-03 0.000000000000000000e+00 1.765536723163841802e-03 0.000000000000000000e+00 1.821262177043625474e-02 0.000000000000000000e+00 1.406695156695156670e-02 1.130837950921632928e-04 1.053113553113553189e-02 0.000000000000000000e+00 1.109057301293900084e-03 0.000000000000000000e+00 8.265829062654983777e-04 0.000000000000000000e+00 2.713043478260869501e-02 0.000000000000000000e+00 2.879777325768119109e-02 6.565449322938039052e-04 9.596928982725527052e-03 4.878048780487804874e-04 1.452824028730003228e-02 3.010234798314268510e-04 0.000000000000000000e+00 0.000000000000000000e+00 6.384531192995257509e-03 0.000000000000000000e+00 1.869158878504672975e-03 0.000000000000000000e+00 8.927782197471935063e-03 0.000000000000000000e+00 0.000000000000000000e+00 0.000000000000000000e+00 9.047824213700990381e-03 0.000000000000000000e+00 6.893382352941176917e-04 0.000000000000000000e+00 0.000000000000000000e+00 0.000000000000000000e+00 3.636363636363636360e-03 0.000000000000000000e+00 0.000000000000000000e+00 0.000000000000000000e+00 0.000000000000000000e+00 4.601226993865030999e-03 0.000000000000000000e+00 0.000000000000000000e+00 2.011667672500502954e-04 7.695267410542516858e-04 0.000000000000000000e+00 0.000000000000000000e+00 0.000000000000000000e+00 0.000000000000000000e+00 0.000000000000000000e+00 0.000000000000000000e+00 0.000000000000000000e+00 0.000000000000000000e+00 0.000000000000000000e+00 0.000000000000000000e+00 0.000000000000000000e+00 0.000000000000000000e+00
