2.720592182604185116e-01 4.648430935672137054e-01 3.562170455589954154e-01 4.801737864378020082e-01 3.083832182538635558e-01 0.000000000000000000e+00 3.497858343825524519e-01 4.786319462404056702e-01 3.291607472009013269e-01 0.000000000000000000e+00 2.968663703106579899e-01 4.687542188562232037e-01 3.529822396885878844e-01 0.000000000000000000e+00 3.344144382781439884e-01 4.544089754098360467e-01 3.374966539746924732e-01 4.782124946829510170e-01 3.982107488099693171e-01 4.895425936218463780e-01 0.000000000000000000e+00 0.000000000000000000e+00 3.700977157529178885e-01 0.000000000000000000e+00 0.000000000000000000e+00 0.000000000000000000e+00 3.225580576636903896e-01 0.000000000000000000e+00 4.024744602136610672e-01 4.776540524175892366e-01 4.173425924446435009e-01 0.000000000000000000e+00 3.978326262198507157e-01 4.789117058143333439e-01 4.555334831666666973e-01 4.937719247066492123e-01 4.476957415784560412e-01 5.104189227538554752e-01 5.345044210526316286e-01 5.227831465545307310e-01 3.507606229508195561e-01 4.321113543307086857e-01 4.098009937281399395e-01 0.000000000000000000e+00 4.181294268472115494e-01 4.576558035714285433e-01 0.000000000000000000e+00 0.000000000000000000e+00 4.204010970273515668e-01 4.733077476473606660e-01 4.090396178669385430e-01 4.638260376832974430e-01 4.119030660109235242e-01 4.939103085268590210e-01 4.030179107527377402e-01 0.000000000000000000e+00 3.063631190224235801e-01 4.743398218231115737e-01 4.006796117623925291e-01 4.775483922834927175e-01 3.867386454775413318e-01 4.665219608608968116e-01 3.561752948916889205e-01 4.658887069187880314e-01 4.099767459377979262e-01 4.764496575867205319e-01 3.912869853987400726e-01 4.914327788197807023e-01 3.224061774993630114e-01 4.923490334149736025e-01 3.457416729435416891e-01 5.238704468690702498e-01 3.789738727733018564e-01 4.626744386397718678e-01 0.000000000000000000e+00 0.000000000000000000e+00 3.955595242275021794e-01 4.613114174467401463e-01 0.000000000000000000e+00 0.000000000000000000e+00 3.987283201938495725e-01 4.373889642857143323e-01 4.337838677462888537e-01 0.000000000000000000e+00 4.266170376690413546e-01 4.617852256135767663e-01 0.000000000000000000e+00 0.000000000000000000e+00 4.271077298836707947e-01 0.000000000000000000e+00 4.500085133858788278e-01 0.000000000000000000e+00 4.528621091193356096e-01 4.436873860798431490e-01 4.213067147310788907e-01 4.232279302337045301e-01 0.000000000000000000e+00 0.000000000000000000e+00 5.007957378149154870e-01 0.000000000000000000e+00 0.000000000000000000e+00 0.000000000000000000e+00 4.282672531934523796e-01 4.201410010551814289e-01 4.364541245004450176e-01 4.186750344556091075e-01 0.000000000000000000e+00 4.029123728813559513e-01 0.000000000000000000e+00 4.327723493483455197e-01 0.000000000000000000e+00 0.000000000000000000e+00 3.528464060150376391e-01 0.000000000000000000e+00 0.000000000000000000e+00 0.000000000000000000e+00
4.648430935672137054e-01 2.516920418882551691e-01 4.789948868121130521e-01 2.914731031670982908e-01 0.000000000000000000e+00 3.418128053650000275e-01 4.768739543002175063e-01 3.154048360989851196e-01 0.000000000000000000e+00 3.175465929660925557e-01 4.703501018445866988e-01 3.328075779723562166e-01 0.000000000000000000e+00 3.616209278701794094e-01 0.000000000000000000e+00 3.860676784672405493e-01 4.783139216875214039e-01 3.784916137747644793e-01 4.844028450081008796e-01 3.488520738364582208e-01 0.000000000000000000e+00 0.000000000000000000e+00 4.508235563477316354e-01 3.736023273688385271e-01 0.000000000000000000e+00 3.967923173640507950e-01 0.000000000000000000e+00 0.000000000000000000e+00 4.819664571957982813e-01 4.248326787596661824e-01 4.492611652055109039e-01 0.000000000000000000e+00 4.847621054357144077e-01 4.499022515710823233e-01 4.570882567567568500e-01 0.000000000000000000e+00 5.033351369975223033e-01 4.967924982490833918e-01 0.000000000000000000e+00 4.618696709489160668e-01 0.000000000000000000e+00 4.333000016998293513e-01 0.000000000000000000e+00 4.458205514705881889e-01 0.000000000000000000e+00 4.130327187626576801e-01 0.000000000000000000e+00 4.102946861313868654e-01 4.747544615384615696e-01 3.997030357610933393e-01 4.471338823529411588e-01 4.014952761919413082e-01 0.000000000000000000e+00 3.980712835360595836e-01 0.000000000000000000e+00 4.153717102677577655e-01 4.680954128584059459e-01 3.107981267205909282e-01 4.715552578526578387e-01 3.831474468562274249e-01 4.570745507238543892e-01 3.840017927898982664e-01 4.569125493722431264e-01 3.764788170325462646e-01 0.000000000000000000e+00 3.976400490882335270e-01 4.721145493476309740e-01 3.942935065910821990e-01 4.923135838007860476e-01 2.952120672884206432e-01 4.868396841926104224e-01 3.564190763330811196e-01 4.645475599515638265e-01 3.972482243922503820e-01 0.000000000000000000e+00 5.154530941176469483e-01 4.662043975389940642e-01 4.200265931994006108e-01 0.000000000000000000e+00 0.000000000000000000e+00 4.732908018867925115e-01 4.214557407205147266e-01 0.000000000000000000e+00 4.011473291801553320e-01 0.000000000000000000e+00 4.154753205429917995e-01 0.000000000000000000e+00 4.422016854838709543e-01 4.404023585403726848e-01 4.192002910961471485e-01 4.588055261383508499e-01 4.453560982448704908e-01 0.000000000000000000e+00 4.211173085125877180e-01 4.988976792452829434e-01 4.498590464730216065e-01 4.625214635582742262e-01 5.179085308641975249e-01 4.460397739726027488e-01 4.693093539277523041e-01 4.356969753086419872e-01 4.439092935289407071e-01 4.332243467579662277e-01 4.562404259270919082e-01 0.000000000000000000e+00 4.501472834103702469e-01 0.000000000000000000e+00 4.473779043929400068e-01 0.000000000000000000e+00 4.108796915713195386e-01 0.000000000000000000e+00 3.980377304347825773e-01 4.718260340425531885e-01 0.000000000000000000e+00 0.000000000000000000e+00 4.328535157894736196e-01
3.562170455589954154e-01 4.789948868121130521e-01 2.747569422022680952e-01 4.546697374599507624e-01 2.059523698081977550e-01 4.318532575850418387e-01 3.026156120534644334e-01 4.357464232844494578e-01 2.593687225032111354e-01 4.131987895324121807e-01 3.706435483853678936e-01 4.439375485641942065e-01 3.370140462594579667e-01 4.082907957792852316e-01 3.283436198473238532e-01 4.180479455715341297e-01 4.047413763569610023e-01 4.791299164357180063e-01 3.242661266384338492e-01 4.893819732357697072e-01 3.163908139534883923e-01 0.000000000000000000e+00 2.616844466267131408e-01 4.367869973658732863e-01 2.417842345944222759e-01 4.420770570475506256e-01 2.807023502059523001e-01 3.903687985615079126e-01 3.520156950839789523e-01 4.515710784817447143e-01 3.703871664519416407e-01 4.234105152489968660e-01 4.076849791586007465e-01 4.703647599757446729e-01 3.606445858585858866e-01 4.279160819672130356e-01 4.132511628538220738e-01 5.339368445019998521e-01 3.800438380281689899e-01 0.000000000000000000e+00 0.000000000000000000e+00 0.000000000000000000e+00 4.251755436270406308e-01 0.000000000000000000e+00 4.344446254521033279e-01 4.743567677419354145e-01 4.064612517368023648e-01 0.000000000000000000e+00 4.367673106388139104e-01 0.000000000000000000e+00 4.274920113036359548e-01 4.773425787673093446e-01 3.892906490951063003e-01 0.000000000000000000e+00 4.149507640025383304e-01 0.000000000000000000e+00 3.886160680841977966e-01 4.836852742902467694e-01 4.271202191187466468e-01 4.814463197312860432e-01 4.049417505542237672e-01 0.000000000000000000e+00 4.012151793612880879e-01 5.067704409524607101e-01 3.826570415629610977e-01 0.000000000000000000e+00 4.095706977462658660e-01 4.759984536908183350e-01 3.466370033047102561e-01 5.129148316831683152e-01 3.643889229442098254e-01 4.249694896225005292e-01 3.525844788238078897e-01 4.414152218731163257e-01 0.000000000000000000e+00 0.000000000000000000e+00 3.911904178473839533e-01 4.405856800342678459e-01 0.000000000000000000e+00 0.000000000000000000e+00 3.810776048569284313e-01 0.000000000000000000e+00 4.120474681264687522e-01 0.000000000000000000e+00 3.900333275831879276e-01 0.000000000000000000e+00 3.716071851851851515e-01 0.000000000000000000e+00 3.867574464341076435e-01 4.463085972222222697e-01 4.398837262306757312e-01 3.870054105839415559e-01 0.000000000000000000e+00 0.000000000000000000e+00 4.072832077066926848e-01 4.214645236559140251e-01 0.000000000000000000e+00 0.000000000000000000e+00 3.953187249343327325e-01 0.000000000000000000e+00 3.904128299319727935e-01 0.000000000000000000e+00 3.958742767662706830e-01 3.763533777237091371e-01 3.812767916666666701e-01 4.287166891189507778e-01 0.000000000000000000e+00 4.221157615384615314e-01 0.000000000000000000e+00 4.098552019297763693e-01 0.000000000000000000e+00 0.000000000000000000e+00 0.000000000000000000e+00 4.040121140350876883e-01 0.000000000000000000e+00 0.000000000000000000e+00
4.801737864378020082e-01 2.914731031670982908e-01 4.546697374599507624e-01 2.465103191382364556e-01 4.315260737646874900e-01 1.923734622096311964e-01 4.549879611227994891e-01 3.255152525789131168e-01 0.000000000000000000e+00 2.737525602677101655e-01 4.679010184693986329e-01 3.949480379466056013e-01 4.428410628878909905e-01 3.510322202738170860e-01 4.491818225732207570e-01 3.455677988967700842e-01 4.957268178597145081e-01 4.101714794085730142e-01 4.815715570562120185e-01 2.971718441212763961e-01 0.000000000000000000e+00 3.501377999999999990e-01 4.304172740167556133e-01 2.381706740297545866e-01 4.624425998731768739e-01 2.919358138560794180e-01 0.000000000000000000e+00 2.569341038777748776e-01 4.499452120195693849e-01 3.710983719547830684e-01 4.220917726618490518e-01 3.460405496735827757e-01 4.643520165940549504e-01 3.656245962634625535e-01 0.000000000000000000e+00 4.213463378177671470e-01 4.746479145299144498e-01 4.804604584072728057e-01 0.000000000000000000e+00 4.383017515901250216e-01 0.000000000000000000e+00 4.073105939666927799e-01 4.316763666666666444e-01 4.641681570247934152e-01 4.427159356725146044e-01 4.402293721576585050e-01 0.000000000000000000e+00 4.383025793418732219e-01 0.000000000000000000e+00 4.310451552570048750e-01 0.000000000000000000e+00 4.139335386846841325e-01 0.000000000000000000e+00 3.697062607142856949e-01 0.000000000000000000e+00 0.000000000000000000e+00 4.920221128901878238e-01 4.048231773614686668e-01 4.805371574803148915e-01 4.100571807345811948e-01 0.000000000000000000e+00 3.948017304689254714e-01 4.608557722796587930e-01 4.002816019324867969e-01 0.000000000000000000e+00 3.897879249042848215e-01 4.589589214102271497e-01 4.224754916375397240e-01 5.086544173651781353e-01 3.918986321205238932e-01 4.888166795483006033e-01 3.792411922470196872e-01 4.549060667903762623e-01 3.696539817300211195e-01 0.000000000000000000e+00 3.545926933175588824e-01 4.618712953064453286e-01 4.051047620601486710e-01 0.000000000000000000e+00 3.856052899999999339e-01 4.566504110876137834e-01 3.824929803406293960e-01 0.000000000000000000e+00 0.000000000000000000e+00 4.623806827586206536e-01 3.904152679613417387e-01 0.000000000000000000e+00 0.000000000000000000e+00 4.774740399999999885e-01 4.156395372193392723e-01 4.333366871901537798e-01 4.221853898438330255e-01 3.863380000000000147e-01 4.277362502828451207e-01 4.262108502320051118e-01 4.370040577713771301e-01 3.748618871287129339e-01 0.000000000000000000e+00 4.310763510332950577e-01 4.214552692307692583e-01 3.668498456375839378e-01 4.435401659292035337e-01 4.244310136635818798e-01 4.268931227073855528e-01 4.445783786407767058e-01 4.409655344232221719e-01 0.000000000000000000e+00 4.610257954969246286e-01 0.000000000000000000e+00 3.852034200000000186e-01 0.000000000000000000e+00 0.000000000000000000e+00 0.000000000000000000e+00 0.000000000000000000e+00 4.279515090909090103e-01 0.000000000000000000e+00
3.083832182538635558e-01 0.000000000000000000e+00 2.059523698081977550e-01 4.315260737646874900e-01 2.268526565900390590e-01 4.345413289598303863e-01 2.810882828768859754e-01 4.063764348920350100e-01 2.661749985843746003e-01 4.243589260617611214e-01 3.150603568997968895e-01 3.901040681818181977e-01 3.005492420770525253e-01 3.624089086585365882e-01 3.062593354756481534e-01 4.455903813804605318e-01 3.552740450383990445e-01 0.000000000000000000e+00 3.546360032827310382e-01 4.334351851851852011e-01 3.987638373176855544e-01 4.254971721877156554e-01 2.185330301667975095e-01 4.484356461145357353e-01 1.821462851766829094e-01 4.259764142125888609e-01 2.882705546738335012e-01 4.232583529959949020e-01 3.206757729407751500e-01 0.000000000000000000e+00 3.300650827360699924e-01 3.746476569686511549e-01 3.601134505310296108e-01 3.777984799999999921e-01 0.000000000000000000e+00 0.000000000000000000e+00 3.743833982558139040e-01 0.000000000000000000e+00 0.000000000000000000e+00 0.000000000000000000e+00 3.887080807017544437e-01 0.000000000000000000e+00 0.000000000000000000e+00 0.000000000000000000e+00 4.112959512994349698e-01 0.000000000000000000e+00 4.913686075949366128e-01 0.000000000000000000e+00 4.299037096774193656e-01 0.000000000000000000e+00 3.746304940677966377e-01 0.000000000000000000e+00 0.000000000000000000e+00 0.000000000000000000e+00 3.498390538461538801e-01 0.000000000000000000e+00 0.000000000000000000e+00 4.274320909090908449e-01 3.992101250000000268e-01 0.000000000000000000e+00 3.714416807694083111e-01 0.000000000000000000e+00 3.744986102514507031e-01 0.000000000000000000e+00 3.656406738294051273e-01 0.000000000000000000e+00 3.875238246776596673e-01 0.000000000000000000e+00 3.509345140372671090e-01 0.000000000000000000e+00 3.733265861790808771e-01 4.651634782916910238e-01 3.412931325996392817e-01 4.116514463186287109e-01 0.000000000000000000e+00 0.000000000000000000e+00 3.344010465528672316e-01 4.255798620689655865e-01 0.000000000000000000e+00 0.000000000000000000e+00 3.422837335033819817e-01 0.000000000000000000e+00 0.000000000000000000e+00 0.000000000000000000e+00 3.720663913075091811e-01 0.000000000000000000e+00 0.000000000000000000e+00 0.000000000000000000e+00 3.913829643395216329e-01 0.000000000000000000e+00 0.000000000000000000e+00 0.000000000000000000e+00 0.000000000000000000e+00 0.000000000000000000e+00 0.000000000000000000e+00 0.000000000000000000e+00 0.000000000000000000e+00 0.000000000000000000e+00 0.000000000000000000e+00 0.000000000000000000e+00 0.000000000000000000e+00 0.000000000000000000e+00 3.859247841726619055e-01 0.000000000000000000e+00 0.000000000000000000e+00 0.000000000000000000e+00 0.000000000000000000e+00 0.000000000000000000e+00 0.000000000000000000e+00 0.000000000000000000e+00 0.000000000000000000e+00 0.000000000000000000e+00 0.000000000000000000e+00 0.000000000000000000e+00 0.000000000000000000e+00 0.000000000000000000e+00
0.000000000000000000e+00 3.418128053650000275e-01 4.318532575850418387e-01 1.923734622096311964e-01 4.345413289598303863e-01 2.204190172280393878e-01 4.181653549366342593e-01 2.854606341674728598e-01 4.329315033089210507e-01 2.188429419490858230e-01 0.000000000000000000e+00 3.341334089056777201e-01 4.153330729166666568e-01 3.107823152122163868e-01 4.407928670010999306e-01 3.011388433465786996e-01 0.000000000000000000e+00 0.000000000000000000e+00 0.000000000000000000e+00 3.094585494325347019e-01 0.000000000000000000e+00 3.239556506420496751e-01 4.155719639788381103e-01 1.728501204193725882e-01 4.250756172241814679e-01 1.645841952386356000e-01 4.422122542580163573e-01 2.480769956815952748e-01 0.000000000000000000e+00 3.411806682753790732e-01 4.038612033766676435e-01 3.199595558669781070e-01 3.699138181818181770e-01 3.667653078288194979e-01 0.000000000000000000e+00 3.940766916666666453e-01 0.000000000000000000e+00 4.211385198936942742e-01 0.000000000000000000e+00 4.483180459770114701e-01 0.000000000000000000e+00 0.000000000000000000e+00 0.000000000000000000e+00 0.000000000000000000e+00 0.000000000000000000e+00 0.000000000000000000e+00 0.000000000000000000e+00 4.631013799308721368e-01 0.000000000000000000e+00 4.648601326678765688e-01 0.000000000000000000e+00 0.000000000000000000e+00 0.000000000000000000e+00 0.000000000000000000e+00 0.000000000000000000e+00 4.376876476438012475e-01 0.000000000000000000e+00 4.110157948717949039e-01 0.000000000000000000e+00 3.619528321167884144e-01 0.000000000000000000e+00 0.000000000000000000e+00 0.000000000000000000e+00 0.000000000000000000e+00 0.000000000000000000e+00 0.000000000000000000e+00 0.000000000000000000e+00 4.028358815427529049e-01 0.000000000000000000e+00 3.964396590909090579e-01 4.708522209180861506e-01 3.480108813614360419e-01 0.000000000000000000e+00 3.513546191423440046e-01 0.000000000000000000e+00 3.156646820312499768e-01 0.000000000000000000e+00 3.285795537247892528e-01 0.000000000000000000e+00 3.251464716981131708e-01 0.000000000000000000e+00 3.719269063785369256e-01 0.000000000000000000e+00 3.891145982146973492e-01 0.000000000000000000e+00 3.965733142311242965e-01 0.000000000000000000e+00 3.969799337306109122e-01 0.000000000000000000e+00 4.005618041184124678e-01 0.000000000000000000e+00 0.000000000000000000e+00 0.000000000000000000e+00 0.000000000000000000e+00 0.000000000000000000e+00 0.000000000000000000e+00 0.000000000000000000e+00 0.000000000000000000e+00 0.000000000000000000e+00 0.000000000000000000e+00 0.000000000000000000e+00 0.000000000000000000e+00 0.000000000000000000e+00 0.000000000000000000e+00 0.000000000000000000e+00 0.000000000000000000e+00 0.000000000000000000e+00 0.000000000000000000e+00 0.000000000000000000e+00 0.000000000000000000e+00 0.000000000000000000e+00 0.000000000000000000e+00 0.000000000000000000e+00 0.000000000000000000e+00 0.000000000000000000e+00 0.000000000000000000e+00
3.497858343825524519e-01 4.768739543002175063e-01 3.026156120534644334e-01 4.549879611227994891e-01 2.810882828768859754e-01 4.181653549366342593e-01 2.778918809903473397e-01 4.468685362779332149e-01 2.890831964320501046e-01 4.257547685810810778e-01 3.377523100684359791e-01 4.519269019624277961e-01 3.032399139722340431e-01 4.197262642520869225e-01 3.113845499176557396e-01 4.141735238095237692e-01 3.879836173243705888e-01 4.721891423179375158e-01 3.821773808027940089e-01 4.904198655298699361e-01 0.000000000000000000e+00 0.000000000000000000e+00 3.441533031315796021e-01 4.391064726121794437e-01 2.786382963154143133e-01 3.561879701492537964e-01 3.137837096938552728e-01 4.624738955223879899e-01 3.467216470380710680e-01 4.424533163969515126e-01 3.699013519673878259e-01 4.212754553763301546e-01 3.916890946220789038e-01 4.771468000520258101e-01 0.000000000000000000e+00 3.805138461538462025e-01 4.130736273936042036e-01 4.252966198461353153e-01 5.373688390804597370e-01 4.720842201834861696e-01 4.029223437500000227e-01 0.000000000000000000e+00 3.986602926829268534e-01 5.011597312500000179e-01 4.123729698588928794e-01 4.621854391778523197e-01 4.070760158730158951e-01 0.000000000000000000e+00 4.121825341545338195e-01 0.000000000000000000e+00 3.959765146015392645e-01 0.000000000000000000e+00 3.952438429548116861e-01 0.000000000000000000e+00 3.988135064855364842e-01 0.000000000000000000e+00 3.854953434824122116e-01 4.572244498531004009e-01 4.037052049442446666e-01 4.557918946045747544e-01 3.967196946224068044e-01 4.480258860250737607e-01 3.803531744417740779e-01 4.521927670929697940e-01 4.018712327637464776e-01 4.701121386861313312e-01 4.072250190477316734e-01 4.797583472716877018e-01 3.880601175221993770e-01 4.668210500000000152e-01 3.426648671210541508e-01 4.847667484575207131e-01 3.403112724134694789e-01 4.326823408368564716e-01 3.065341777777777499e-01 4.533336117647059349e-01 3.734109612600385320e-01 4.376154236896335759e-01 0.000000000000000000e+00 0.000000000000000000e+00 3.776177920485118689e-01 4.719848532098532279e-01 3.790177768701885608e-01 4.483110291262135672e-01 4.057377351562172496e-01 4.820648372093023215e-01 3.705209000000000419e-01 0.000000000000000000e+00 4.070964573940827336e-01 0.000000000000000000e+00 3.754254920937840634e-01 4.293935746364414552e-01 4.009017179539138831e-01 3.625171540630182654e-01 3.970884307859344209e-01 4.027790362679211089e-01 0.000000000000000000e+00 0.000000000000000000e+00 4.000868974358973706e-01 0.000000000000000000e+00 0.000000000000000000e+00 0.000000000000000000e+00 4.366244648877459222e-01 4.196132240000000624e-01 0.000000000000000000e+00 3.899015742141036522e-01 0.000000000000000000e+00 0.000000000000000000e+00 0.000000000000000000e+00 0.000000000000000000e+00 0.000000000000000000e+00 0.000000000000000000e+00 0.000000000000000000e+00 3.839670884955752039e-01 0.000000000000000000e+00 0.000000000000000000e+00
4.786319462404056702e-01 3.154048360989851196e-01 4.357464232844494578e-01 3.255152525789131168e-01 4.063764348920350100e-01 2.854606341674728598e-01 4.468685362779332149e-01 2.619236679402290879e-01 4.296202717420036787e-01 3.025173765372514700e-01 4.634811560239095463e-01 3.341360302246648706e-01 4.299742431922941033e-01 2.992503591012237729e-01 4.335362595605777303e-01 2.885219630842398852e-01 4.665120267366485995e-01 3.874836203192775219e-01 4.668067094192898114e-01 3.824831531770049864e-01 0.000000000000000000e+00 0.000000000000000000e+00 4.262075342582987147e-01 3.388299632393327876e-01 4.367448556570591167e-01 3.076984304740539855e-01 4.639031097560974981e-01 3.406332989774166209e-01 4.543951154565092909e-01 3.527742312511353839e-01 3.897112673810894101e-01 3.425305582302783369e-01 4.459851468599760893e-01 3.915226092120726586e-01 4.542265146198830594e-01 4.260373057366362293e-01 0.000000000000000000e+00 4.265470350036678071e-01 0.000000000000000000e+00 4.314207941415992842e-01 0.000000000000000000e+00 4.533603709677419547e-01 0.000000000000000000e+00 4.013996631977293505e-01 0.000000000000000000e+00 4.133270425251570068e-01 0.000000000000000000e+00 4.216402543859648633e-01 4.260814166666667124e-01 3.930562486809577871e-01 4.493176193548387154e-01 3.971093543800245373e-01 0.000000000000000000e+00 3.883798979702426935e-01 0.000000000000000000e+00 3.925081843233491075e-01 4.799002155172413797e-01 3.772429832471312361e-01 4.661999912057955830e-01 4.053618728226833223e-01 4.622805263157894751e-01 3.937599347682272377e-01 0.000000000000000000e+00 3.870964537955817741e-01 0.000000000000000000e+00 3.998491999697906807e-01 4.449792858007375340e-01 4.229714989998022978e-01 4.255471025641024974e-01 4.382298650908416082e-01 4.817729609010531489e-01 3.270006058902701351e-01 4.341081354799879999e-01 3.516547833729296579e-01 0.000000000000000000e+00 3.035728943850267703e-01 4.401027969215857705e-01 3.744410582211815663e-01 0.000000000000000000e+00 4.168485441176470463e-01 4.588263307692307391e-01 4.077144305505311372e-01 0.000000000000000000e+00 4.220747812209688088e-01 4.255402350490690710e-01 4.042193682683478118e-01 0.000000000000000000e+00 3.979466709677420000e-01 4.267521657053395256e-01 4.052091125406624417e-01 4.075875511811023477e-01 0.000000000000000000e+00 0.000000000000000000e+00 3.914695187969924883e-01 4.519761885245901500e-01 4.266036405278517685e-01 0.000000000000000000e+00 0.000000000000000000e+00 0.000000000000000000e+00 0.000000000000000000e+00 0.000000000000000000e+00 0.000000000000000000e+00 3.966561044776119038e-01 3.840732573087430879e-01 0.000000000000000000e+00 4.068507593590895421e-01 0.000000000000000000e+00 0.000000000000000000e+00 0.000000000000000000e+00 0.000000000000000000e+00 3.606147641509433455e-01 0.000000000000000000e+00 0.000000000000000000e+00 0.000000000000000000e+00 0.000000000000000000e+00 0.000000000000000000e+00
3.291607472009013269e-01 0.000000000000000000e+00 2.593687225032111354e-01 0.000000000000000000e+00 2.661749985843746003e-01 4.329315033089210507e-01 2.890831964320501046e-01 4.296202717420036787e-01 2.827039063149832110e-01 4.364643429669228802e-01 3.250177635315564806e-01 0.000000000000000000e+00 2.981274133400035331e-01 4.408331438294010862e-01 2.847745842864756183e-01 0.000000000000000000e+00 3.383900263157895161e-01 0.000000000000000000e+00 3.562139284139276829e-01 0.000000000000000000e+00 4.097302275132275184e-01 3.688634285714285643e-01 3.238925991084329881e-01 4.305706385864527252e-01 2.588460389565349629e-01 4.484678671052556576e-01 3.194269507875497349e-01 4.188524700687787372e-01 3.611805458811508940e-01 0.000000000000000000e+00 3.468490950701222375e-01 4.151611241969396793e-01 0.000000000000000000e+00 4.220428505747127468e-01 0.000000000000000000e+00 0.000000000000000000e+00 0.000000000000000000e+00 0.000000000000000000e+00 0.000000000000000000e+00 0.000000000000000000e+00 0.000000000000000000e+00 0.000000000000000000e+00 0.000000000000000000e+00 0.000000000000000000e+00 0.000000000000000000e+00 0.000000000000000000e+00 0.000000000000000000e+00 0.000000000000000000e+00 0.000000000000000000e+00 0.000000000000000000e+00 3.854441904761904403e-01 0.000000000000000000e+00 0.000000000000000000e+00 0.000000000000000000e+00 0.000000000000000000e+00 0.000000000000000000e+00 0.000000000000000000e+00 0.000000000000000000e+00 3.897761518502137479e-01 0.000000000000000000e+00 4.059181819485414566e-01 0.000000000000000000e+00 3.916110095938042934e-01 0.000000000000000000e+00 3.933025246549880505e-01 0.000000000000000000e+00 4.307661092436974037e-01 0.000000000000000000e+00 0.000000000000000000e+00 0.000000000000000000e+00 3.170866460444232704e-01 4.733225148432683160e-01 3.485484030444558345e-01 4.015077721518987008e-01 0.000000000000000000e+00 0.000000000000000000e+00 3.365774464381574016e-01 4.288907002392344792e-01 0.000000000000000000e+00 0.000000000000000000e+00 3.586957969390082712e-01 0.000000000000000000e+00 0.000000000000000000e+00 0.000000000000000000e+00 3.796022778237743700e-01 0.000000000000000000e+00 0.000000000000000000e+00 0.000000000000000000e+00 3.798453669373461072e-01 0.000000000000000000e+00 0.000000000000000000e+00 0.000000000000000000e+00 0.000000000000000000e+00 0.000000000000000000e+00 0.000000000000000000e+00 0.000000000000000000e+00 0.000000000000000000e+00 0.000000000000000000e+00 0.000000000000000000e+00 0.000000000000000000e+00 0.000000000000000000e+00 0.000000000000000000e+00 0.000000000000000000e+00 0.000000000000000000e+00 0.000000000000000000e+00 0.000000000000000000e+00 0.000000000000000000e+00 0.000000000000000000e+00 0.000000000000000000e+00 0.000000000000000000e+00 0.000000000000000000e+00 0.000000000000000000e+00 0.000000000000000000e+00 0.000000000000000000e+00 0.000000000000000000e+00 0.000000000000000000e+00
0.000000000000000000e+00 3.175465929660925557e-01 4.131987895324121807e-01 2.737525602677101655e-01 4.243589260617611214e-01 2.188429419490858230e-01 4.257547685810810778e-01 3.025173765372514700e-01 4.364643429669228802e-01 2.439786216229534177e-01 3.919341769911504070e-01 3.572054203174603315e-01 4.018141238095238044e-01 3.281662688468248712e-01 4.167478280239106381e-01 2.998868590105615017e-01 0.000000000000000000e+00 0.000000000000000000e+00 4.226741929824561206e-01 3.370116095572627257e-01 0.000000000000000000e+00 3.199652208441909895e-01 4.453404967567885508e-01 2.775096572666083672e-01 4.356418752700600971e-01 2.226746707705784534e-01 3.992359111111111192e-01 3.316853557656395113e-01 0.000000000000000000e+00 3.358432919715634291e-01 4.141309968596716407e-01 3.357607568668046771e-01 0.000000000000000000e+00 3.660743179326503838e-01 0.000000000000000000e+00 0.000000000000000000e+00 0.000000000000000000e+00 3.975657272727273206e-01 0.000000000000000000e+00 0.000000000000000000e+00 0.000000000000000000e+00 0.000000000000000000e+00 0.000000000000000000e+00 4.678450434782607803e-01 0.000000000000000000e+00 0.000000000000000000e+00 0.000000000000000000e+00 4.681644222222222651e-01 0.000000000000000000e+00 3.548523565891472664e-01 0.000000000000000000e+00 3.399388311786633032e-01 4.868416910112359219e-01 0.000000000000000000e+00 0.000000000000000000e+00 3.691733493150685108e-01 0.000000000000000000e+00 3.852331746069810881e-01 0.000000000000000000e+00 4.249608188405797349e-01 0.000000000000000000e+00 0.000000000000000000e+00 0.000000000000000000e+00 4.130652959999999707e-01 0.000000000000000000e+00 4.118683450260510748e-01 4.101014395644282939e-01 3.975676112454184508e-01 0.000000000000000000e+00 0.000000000000000000e+00 4.669047861085903750e-01 3.312552918481363462e-01 4.479541709638554803e-01 3.461124744523927932e-01 0.000000000000000000e+00 0.000000000000000000e+00 2.997087090909090756e-01 3.294687021141607386e-01 0.000000000000000000e+00 0.000000000000000000e+00 0.000000000000000000e+00 3.905105210790353887e-01 0.000000000000000000e+00 3.790666611111112583e-01 0.000000000000000000e+00 4.002304340239912772e-01 0.000000000000000000e+00 0.000000000000000000e+00 0.000000000000000000e+00 3.892274005818409099e-01 0.000000000000000000e+00 0.000000000000000000e+00 0.000000000000000000e+00 0.000000000000000000e+00 3.705587582417582126e-01 3.935389687499999956e-01 0.000000000000000000e+00 0.000000000000000000e+00 0.000000000000000000e+00 0.000000000000000000e+00 0.000000000000000000e+00 0.000000000000000000e+00 3.823500983606558101e-01 0.000000000000000000e+00 0.000000000000000000e+00 3.383496966292134367e-01 0.000000000000000000e+00 0.000000000000000000e+00 0.000000000000000000e+00 0.000000000000000000e+00 0.000000000000000000e+00 0.000000000000000000e+00 0.000000000000000000e+00 0.000000000000000000e+00 0.000000000000000000e+00 0.000000000000000000e+00
2.968663703106579899e-01 4.703501018445866988e-01 3.706435483853678936e-01 4.679010184693986329e-01 3.150603568997968895e-01 0.000000000000000000e+00 3.377523100684359791e-01 4.634811560239095463e-01 3.250177635315564806e-01 3.919341769911504070e-01 2.859568936554179319e-01 4.185246905187834932e-01 3.111580210262493984e-01 4.239519944991255174e-01 3.362106190656963811e-01 0.000000000000000000e+00 3.297473635799811342e-01 4.787444816233968892e-01 4.068030708372096238e-01 4.863258675821001686e-01 0.000000000000000000e+00 0.000000000000000000e+00 3.848064584257371856e-01 4.564122892592592518e-01 0.000000000000000000e+00 0.000000000000000000e+00 0.000000000000000000e+00 0.000000000000000000e+00 3.625227266983865881e-01 4.618848861093729496e-01 4.031685812378035805e-01 4.535354307692307518e-01 4.054674070738475966e-01 4.742760906362328277e-01 0.000000000000000000e+00 0.000000000000000000e+00 4.172895946021770719e-01 0.000000000000000000e+00 0.000000000000000000e+00 0.000000000000000000e+00 0.000000000000000000e+00 0.000000000000000000e+00 0.000000000000000000e+00 0.000000000000000000e+00 4.481698582089552185e-01 0.000000000000000000e+00 0.000000000000000000e+00 0.000000000000000000e+00 4.354014506317354094e-01 0.000000000000000000e+00 4.105266508018859950e-01 0.000000000000000000e+00 0.000000000000000000e+00 0.000000000000000000e+00 0.000000000000000000e+00 0.000000000000000000e+00 3.461334713753007053e-01 0.000000000000000000e+00 4.234718379980896841e-01 0.000000000000000000e+00 4.013228521256547721e-01 0.000000000000000000e+00 3.845361422500953030e-01 4.513722992700730519e-01 4.233350327181993333e-01 4.200310774647887380e-01 4.154537219031393946e-01 0.000000000000000000e+00 3.918919777436440377e-01 4.606843043478261457e-01 3.507277091807788905e-01 0.000000000000000000e+00 3.687152918871567375e-01 4.196010089512419716e-01 0.000000000000000000e+00 0.000000000000000000e+00 3.656984715617767057e-01 4.423373872756352077e-01 0.000000000000000000e+00 0.000000000000000000e+00 3.966086808868899971e-01 0.000000000000000000e+00 0.000000000000000000e+00 0.000000000000000000e+00 4.269736134582131637e-01 0.000000000000000000e+00 0.000000000000000000e+00 0.000000000000000000e+00 4.248321697290576848e-01 0.000000000000000000e+00 0.000000000000000000e+00 0.000000000000000000e+00 0.000000000000000000e+00 0.000000000000000000e+00 0.000000000000000000e+00 0.000000000000000000e+00 0.000000000000000000e+00 0.000000000000000000e+00 0.000000000000000000e+00 0.000000000000000000e+00 0.000000000000000000e+00 0.000000000000000000e+00 0.000000000000000000e+00 0.000000000000000000e+00 0.000000000000000000e+00 0.000000000000000000e+00 0.000000000000000000e+00 0.000000000000000000e+00 0.000000000000000000e+00 0.000000000000000000e+00 0.000000000000000000e+00 0.000000000000000000e+00 0.000000000000000000e+00 0.000000000000000000e+00 0.000000000000000000e+00 0.000000000000000000e+00
4.687542188562232037e-01 3.328075779723562166e-01 4.439375485641942065e-01 3.949480379466056013e-01 3.901040681818181977e-01 3.341334089056777201e-01 4.519269019624277961e-01 3.341360302246648706e-01 0.000000000000000000e+00 3.572054203174603315e-01 4.185246905187834932e-01 2.767005488666933744e-01 4.184862802915494950e-01 3.018727694272278494e-01 0.000000000000000000e+00 3.638284246674259870e-01 0.000000000000000000e+00 3.202422195040046105e-01 4.455085295632369990e-01 4.192747005404384719e-01 0.000000000000000000e+00 0.000000000000000000e+00 4.092357249049986545e-01 3.901980305348126676e-01 0.000000000000000000e+00 0.000000000000000000e+00 0.000000000000000000e+00 4.472181265822784413e-01 4.813810185918591666e-01 3.984903501459143293e-01 3.948758994183027005e-01 3.802280863824304413e-01 4.262090495232632725e-01 4.091398203428336933e-01 0.000000000000000000e+00 0.000000000000000000e+00 0.000000000000000000e+00 4.537766380069543359e-01 0.000000000000000000e+00 0.000000000000000000e+00 0.000000000000000000e+00 0.000000000000000000e+00 0.000000000000000000e+00 0.000000000000000000e+00 0.000000000000000000e+00 4.143317044480875344e-01 0.000000000000000000e+00 0.000000000000000000e+00 0.000000000000000000e+00 3.863183189523401451e-01 0.000000000000000000e+00 3.991985411705966658e-01 0.000000000000000000e+00 3.995239195826925660e-01 0.000000000000000000e+00 3.890342935538161351e-01 4.694879407248156999e-01 3.897733386556438973e-01 4.250327696629213614e-01 4.139462782822624365e-01 4.567002137404579387e-01 4.053312692777506498e-01 4.769193120000000397e-01 3.932259610266688465e-01 0.000000000000000000e+00 4.122030867527494147e-01 4.534115123530018110e-01 4.202940384752459346e-01 0.000000000000000000e+00 4.307783766391303226e-01 4.963942611325349308e-01 3.461978518375626868e-01 4.198517279709729211e-01 3.606468217968020751e-01 0.000000000000000000e+00 0.000000000000000000e+00 4.419393758924550775e-01 3.867833774908304711e-01 0.000000000000000000e+00 4.122932652262470410e-01 0.000000000000000000e+00 4.213078173948105465e-01 0.000000000000000000e+00 4.348340462983298349e-01 0.000000000000000000e+00 4.326594547873803820e-01 0.000000000000000000e+00 4.443337419130434784e-01 0.000000000000000000e+00 4.354420376277161053e-01 0.000000000000000000e+00 0.000000000000000000e+00 0.000000000000000000e+00 0.000000000000000000e+00 0.000000000000000000e+00 0.000000000000000000e+00 0.000000000000000000e+00 0.000000000000000000e+00 0.000000000000000000e+00 0.000000000000000000e+00 0.000000000000000000e+00 0.000000000000000000e+00 0.000000000000000000e+00 0.000000000000000000e+00 0.000000000000000000e+00 0.000000000000000000e+00 0.000000000000000000e+00 0.000000000000000000e+00 0.000000000000000000e+00 0.000000000000000000e+00 0.000000000000000000e+00 0.000000000000000000e+00 0.000000000000000000e+00 0.000000000000000000e+00 0.000000000000000000e+00 0.000000000000000000e+00
3.529822396885878844e-01 0.000000000000000000e+00 3.370140462594579667e-01 4.428410628878909905e-01 3.005492420770525253e-01 4.153330729166666568e-01 3.032399139722340431e-01 4.299742431922941033e-01 2.981274133400035331e-01 4.018141238095238044e-01 3.111580210262493984e-01 4.184862802915494950e-01 2.405761991259235122e-01 4.152822072933507469e-01 2.890647189656216920e-01 4.308989000527426172e-01 3.952389887282994341e-01 4.504012247191011564e-01 3.864747377973432596e-01 4.596814940139868910e-01 0.000000000000000000e+00 0.000000000000000000e+00 3.501812341925196193e-01 4.292154261190225806e-01 3.050226987179487370e-01 3.578664029850746053e-01 3.027157346938775806e-01 0.000000000000000000e+00 3.538928599675735254e-01 4.446363420094386343e-01 3.681510358191618648e-01 4.216269428475039605e-01 3.661389360728734554e-01 4.459749845242430566e-01 0.000000000000000000e+00 0.000000000000000000e+00 4.200444434112566849e-01 0.000000000000000000e+00 0.000000000000000000e+00 4.280619065420561142e-01 0.000000000000000000e+00 0.000000000000000000e+00 0.000000000000000000e+00 0.000000000000000000e+00 4.077832600000000918e-01 0.000000000000000000e+00 0.000000000000000000e+00 0.000000000000000000e+00 4.198726720844845328e-01 0.000000000000000000e+00 4.129802274958409014e-01 0.000000000000000000e+00 0.000000000000000000e+00 0.000000000000000000e+00 4.104720860927152382e-01 0.000000000000000000e+00 3.886346328225849245e-01 0.000000000000000000e+00 4.231958736643176011e-01 4.204820636942674938e-01 4.046624200034142360e-01 0.000000000000000000e+00 3.864580385861766665e-01 0.000000000000000000e+00 4.125866364085611360e-01 0.000000000000000000e+00 3.877859027517668311e-01 0.000000000000000000e+00 3.980987902513834498e-01 0.000000000000000000e+00 3.277318914586636045e-01 4.785263059277989339e-01 3.349759842771201090e-01 4.186241917650011524e-01 3.318282727272727217e-01 0.000000000000000000e+00 3.420754196174907169e-01 4.192684107711110442e-01 0.000000000000000000e+00 0.000000000000000000e+00 3.730786457109478427e-01 0.000000000000000000e+00 0.000000000000000000e+00 0.000000000000000000e+00 4.102089183174926768e-01 0.000000000000000000e+00 0.000000000000000000e+00 0.000000000000000000e+00 4.162486922809213175e-01 0.000000000000000000e+00 0.000000000000000000e+00 0.000000000000000000e+00 0.000000000000000000e+00 0.000000000000000000e+00 4.033176968972205234e-01 0.000000000000000000e+00 0.000000000000000000e+00 0.000000000000000000e+00 0.000000000000000000e+00 0.000000000000000000e+00 0.000000000000000000e+00 0.000000000000000000e+00 0.000000000000000000e+00 0.000000000000000000e+00 0.000000000000000000e+00 0.000000000000000000e+00 0.000000000000000000e+00 0.000000000000000000e+00 0.000000000000000000e+00 0.000000000000000000e+00 0.000000000000000000e+00 0.000000000000000000e+00 0.000000000000000000e+00 0.000000000000000000e+00 0.000000000000000000e+00 0.000000000000000000e+00
