0.000000000000000000e+00 1.367654417079001462e-02 5.521708953497339589e-02 5.238938053097345372e-03 3.306331625061993511e-04 0.000000000000000000e+00 9.093840696549500280e-02 5.793742757821553069e-03 2.372479240806642839e-04 2.635046113306982658e-04 2.984372374390858451e-01 1.917121368529715354e-03 4.987763663908635625e-02 3.622750875498128415e-04 6.697923643670461924e-04 0.000000000000000000e+00 5.886806738595495164e-02 4.316990440949738245e-03 5.525494276795005211e-02 2.988192552225249835e-02 0.000000000000000000e+00 0.000000000000000000e+00 7.853917141174161093e-04 1.502403846153846237e-04 0.000000000000000000e+00 0.000000000000000000e+00 0.000000000000000000e+00 0.000000000000000000e+00 7.055369976718291192e-02 1.152556580050293281e-03 6.547716483876248397e-03 1.817473711540958103e-03 9.118214975327183086e-03 2.115521749465177140e-02 0.000000000000000000e+00 0.000000000000000000e+00 8.594902043395828695e-02 9.192866335723478589e-04 6.589785831960461374e-03 0.000000000000000000e+00 1.040582726326743073e-03 0.000000000000000000e+00 1.232437761893024329e-04 0.000000000000000000e+00 2.512212142358687984e-03 9.055510278004165546e-05 2.126754572522330990e-04 0.000000000000000000e+00 5.954643354871404747e-03 0.000000000000000000e+00 1.883541977719076568e-02 3.332500208281262747e-04 5.819924683327627746e-03 0.000000000000000000e+00 4.453441295546558404e-03 0.000000000000000000e+00 2.746066464404148810e-01 1.439175882442054327e-03 3.690073602546250359e-02 3.942595805078063153e-04 4.963338973491257522e-02 5.001875703388770650e-04 6.966329407862000521e-03 2.718129926610491904e-04 6.443172526573998082e-02 2.030044660982541595e-04 7.109995817649519302e-03 9.670244657189827229e-04 8.270535041446872015e-02 1.986942946352540391e-03 1.133155660842957296e-01 8.313242996092775304e-04 4.333567580229562288e-02 9.245562130177514305e-04 9.375000000000000000e-02 0.000000000000000000e+00 9.464964693101575455e-02 7.651945780498469948e-04 9.970089730807576468e-04 0.000000000000000000e+00 6.647484869530707365e-03 0.000000000000000000e+00 5.662514156285391098e-04 4.436557231588287653e-04 2.795362401308770089e-02 1.320742257148517398e-04 1.386962552011095735e-03 0.000000000000000000e+00 2.122430741733690937e-02 1.826984561980451245e-04 1.849405548216644752e-03 0.000000000000000000e+00 1.546391752577319515e-03 4.268943436499466433e-04 4.715302491103202931e-02 3.184713375796178504e-03 5.673027333677153373e-03 0.000000000000000000e+00 6.676557863501483489e-03 0.000000000000000000e+00 1.013171225937183452e-03 8.733624454148471812e-04 2.480022044640396977e-03 0.000000000000000000e+00 5.277044854881266303e-03 6.729475100942126573e-04 2.049180327868852566e-03 0.000000000000000000e+00 0.000000000000000000e+00 0.000000000000000000e+00 0.000000000000000000e+00 0.000000000000000000e+00 2.118644067796610162e-03 0.000000000000000000e+00 7.235890014471779491e-04 0.000000000000000000e+00
1.367654417079001462e-02 0.000000000000000000e+00 2.390684044111976349e-03 1.034336283185840755e-01 0.000000000000000000e+00 1.728309713100587616e-03 1.289906481780070868e-03 8.248841251448435496e-02 0.000000000000000000e+00 8.168642951251647161e-03 3.360779700890606774e-04 2.287273263530452683e-01 0.000000000000000000e+00 6.520951575896630215e-02 2.232641214556820822e-04 9.286998202516476980e-03 1.135718341851220912e-03 1.275053962380511829e-01 1.758584807492195520e-02 1.357856494096276179e-01 0.000000000000000000e+00 0.000000000000000000e+00 2.945218927940310410e-04 9.014423076923077423e-04 0.000000000000000000e+00 2.406738868832731517e-04 0.000000000000000000e+00 2.507522567703109333e-04 1.214697843911327147e-03 4.662615255658004998e-02 3.764936978228842525e-03 1.298195508243541580e-04 1.512550954730744468e-02 3.502099675144600133e-02 0.000000000000000000e+00 0.000000000000000000e+00 6.319780914261638937e-04 6.582092296378010132e-02 0.000000000000000000e+00 3.254847645429363029e-02 0.000000000000000000e+00 4.807692307692307959e-03 0.000000000000000000e+00 0.000000000000000000e+00 4.187020237264480155e-04 6.338857194602916289e-04 2.126754572522330990e-04 1.412628902387342829e-04 1.266945394653490504e-04 1.845735379832912342e-03 0.000000000000000000e+00 6.081812880113304960e-03 0.000000000000000000e+00 9.975062344139650188e-04 2.024291497975708415e-04 1.254705144291091501e-03 1.622803922952092059e-03 2.432207241327071778e-01 2.983887010145215677e-04 1.513956789149976424e-02 1.880052641473961355e-04 3.701388020507690585e-02 1.658649859014762042e-04 2.201685240554498643e-02 0.000000000000000000e+00 3.278522127486804827e-02 9.201171058134671732e-04 8.703220191470843964e-04 1.450640542577241905e-02 1.444791370990632928e-01 4.935346954890928658e-04 9.560229445506691903e-02 1.522604825486062203e-03 4.687500000000000000e-02 0.000000000000000000e+00 0.000000000000000000e+00 5.431830526887560613e-04 9.860078705728027304e-02 0.000000000000000000e+00 0.000000000000000000e+00 9.921619208254787233e-05 1.720279720279720148e-02 0.000000000000000000e+00 6.654835847382431155e-03 0.000000000000000000e+00 3.949019348874067276e-02 0.000000000000000000e+00 7.315288953913679903e-04 0.000000000000000000e+00 4.430437562802594376e-02 1.056803170409511194e-03 3.971631205673759046e-03 1.804123711340206281e-03 2.988260405549626395e-03 9.786476868327401851e-03 1.671974522292993606e-02 2.578648788035069715e-03 1.867413632119514560e-03 2.225519287833827974e-03 3.685503685503685629e-03 5.065856129685917262e-04 2.620087336244541435e-03 2.755580049600441146e-04 4.193389245189935687e-03 1.319261213720316576e-03 1.345895020188425315e-03 0.000000000000000000e+00 3.623188405797101493e-03 0.000000000000000000e+00 0.000000000000000000e+00 7.621951219512195386e-04 2.084781097984711451e-03 2.118644067796610162e-03 7.733952049497293518e-04 2.170767004341534172e-03 0.000000000000000000e+00
5.521708953497339589e-02 2.390684044111976349e-03 0.000000000000000000e+00 3.893805309734513394e-03 8.398082327657463431e-02 1.036985827860352569e-03 2.549177684617865425e-01 6.952491309385863162e-03 9.086595492289442633e-02 3.425559947299077618e-03 1.831624936985380703e-02 1.769650494027429641e-03 5.652021908868429950e-02 2.535925612848689836e-03 5.626255860683188059e-02 1.497902935889754324e-03 1.779292068900245952e-02 1.079247610237434561e-03 1.387096774193548321e-01 5.358764759309718635e-03 1.211387038158691669e-03 0.000000000000000000e+00 1.149617121539367737e-01 5.859375000000000000e-03 3.691639522258415018e-02 4.332129963898916948e-03 2.753872633390705774e-02 7.522567703109327457e-04 4.666464217026014549e-02 1.152556580050293281e-03 2.700933049598952529e-02 1.999221082695053914e-02 1.770006436387041443e-02 7.764836383804769870e-03 2.400240024002400427e-03 0.000000000000000000e+00 2.907099220560353803e-02 1.838573267144695772e-04 1.647446457990115343e-03 6.925207756232686996e-04 1.040582726326743073e-03 0.000000000000000000e+00 9.859502095144194629e-04 1.931434089811685155e-04 6.838799720865317532e-03 9.055510278004165546e-05 2.126754572522330990e-04 0.000000000000000000e+00 1.355631572279234788e-02 0.000000000000000000e+00 7.809808200298610711e-03 2.499375156210947467e-04 1.369394043135912283e-03 0.000000000000000000e+00 3.238866396761133463e-03 0.000000000000000000e+00 9.031256614689902804e-03 3.787304953794879466e-04 1.869902526357668585e-02 1.577038322031225261e-04 3.196089490505734168e-03 1.250468925847192663e-04 8.293249295073809937e-04 1.359064963305245952e-04 3.434178250204415316e-03 3.045066991473812257e-04 2.191551652028439837e-02 9.670244657189827229e-04 1.243406179351921707e-02 5.676979846721543974e-04 3.010561642483466568e-02 4.987945797655664966e-04 8.268915436870460933e-02 4.622781065088757153e-04 6.250000000000000000e-02 0.000000000000000000e+00 1.008962520369364457e-01 5.465675557498906332e-04 1.994017946161515294e-03 0.000000000000000000e+00 2.579620994146244843e-03 0.000000000000000000e+00 5.662514156285391098e-04 0.000000000000000000e+00 4.481115299807951827e-03 0.000000000000000000e+00 9.246417013407304177e-04 0.000000000000000000e+00 4.244861483467381527e-03 0.000000000000000000e+00 1.585204755614266900e-03 0.000000000000000000e+00 1.030927835051546415e-03 8.537886872998932866e-04 3.647686832740213575e-02 3.980891719745222913e-03 1.031459515214027886e-03 0.000000000000000000e+00 0.000000000000000000e+00 0.000000000000000000e+00 1.013171225937183452e-03 0.000000000000000000e+00 1.653348029760264579e-03 4.933399111988160269e-04 3.957783641160950161e-03 3.364737550471063286e-04 3.073770491803278632e-03 0.000000000000000000e+00 0.000000000000000000e+00 0.000000000000000000e+00 0.000000000000000000e+00 0.000000000000000000e+00 0.000000000000000000e+00 7.733952049497293518e-04 1.447178002894355898e-03 0.000000000000000000e+00
5.238938053097345372e-03 1.034336283185840755e-01 3.893805309734513394e-03 0.000000000000000000e+00 1.653165812530996755e-03 9.471137227791219526e-02 6.691389874234118101e-03 2.770133256083429640e-01 1.660735468564649960e-03 2.819499341238471818e-02 1.848428835489833617e-03 3.170623801799144631e-02 5.011070970749330160e-03 3.369158314213259453e-02 6.697923643670461924e-04 3.430197723187537739e-02 7.571455612341472389e-04 1.032994141227258633e-02 8.844953173777314603e-03 9.782016348773842074e-02 0.000000000000000000e+00 7.320644216691069017e-04 1.718044374631847587e-02 2.792968750000000000e-01 2.714440825190010979e-04 5.150421179302045599e-02 3.442340791738382325e-04 4.513540621865597124e-03 1.012248203259439108e-03 2.504191114836546578e-02 1.653298412178752508e-02 4.842269245748409556e-02 5.470928985196309852e-03 5.704777751366769435e-03 0.000000000000000000e+00 9.345794392523364873e-04 4.213187276174425958e-04 3.474903474903474898e-02 0.000000000000000000e+00 2.839335180055401614e-02 0.000000000000000000e+00 0.000000000000000000e+00 0.000000000000000000e+00 0.000000000000000000e+00 1.395673412421493385e-04 2.354432672281082852e-03 0.000000000000000000e+00 1.412628902387342829e-04 2.533890789306981008e-04 4.565766465902467396e-03 0.000000000000000000e+00 6.914937932183620566e-03 0.000000000000000000e+00 8.312551953449709213e-04 0.000000000000000000e+00 3.764115432873275046e-04 1.411133846045297313e-04 2.067868504772004193e-02 1.989258006763477298e-04 1.466645639489039601e-02 0.000000000000000000e+00 3.001125422033262390e-03 0.000000000000000000e+00 4.077194889915738128e-04 0.000000000000000000e+00 1.086073893625659828e-02 2.509410288582183002e-04 5.802146794313896121e-03 1.883948756593820670e-04 3.690036900369003583e-03 1.678017964662915701e-03 3.549754759331615050e-02 9.369875849144998839e-04 6.351701183431952835e-02 0.000000000000000000e+00 0.000000000000000000e+00 5.431830526887560613e-04 7.324005247048534506e-02 0.000000000000000000e+00 1.515151515151515150e-03 0.000000000000000000e+00 9.790209790209790201e-04 0.000000000000000000e+00 1.774622892635315061e-03 7.112881428266591341e-05 2.179224724295053626e-03 0.000000000000000000e+00 3.657644476956839951e-04 0.000000000000000000e+00 3.379921439663834994e-03 5.284015852047555971e-04 2.269503546099290760e-03 5.154639175257732077e-04 2.561366061899679643e-03 5.338078291814946780e-03 1.194267515923566961e-02 1.031459515214027886e-03 0.000000000000000000e+00 1.483679525222551983e-03 1.842751842751842815e-03 5.065856129685917262e-04 4.366812227074235581e-03 5.511160099200882291e-04 3.453379378391711971e-03 1.759014951627088912e-03 6.729475100942126573e-04 0.000000000000000000e+00 5.434782608695652023e-03 0.000000000000000000e+00 0.000000000000000000e+00 0.000000000000000000e+00 0.000000000000000000e+00 0.000000000000000000e+00 7.733952049497293518e-04 2.170767004341534172e-03 0.000000000000000000e+00
3.306331625061993511e-04 0.000000000000000000e+00 8.398082327657463431e-02 1.653165812530996755e-03 0.000000000000000000e+00 5.530591081921880370e-03 5.320864237342792791e-03 5.069524913093858285e-04 4.483985765124555156e-01 1.581027667984189703e-03 1.680389850445303387e-04 0.000000000000000000e+00 2.097657615662510289e-03 2.415167250332085429e-04 1.326188881446751511e-01 1.497902935889754378e-04 0.000000000000000000e+00 0.000000000000000000e+00 1.144640998959417294e-03 9.082652134423251534e-05 3.028467595396729106e-02 0.000000000000000000e+00 2.061653249558217244e-02 2.403846153846153980e-03 1.734527687296416876e-01 1.925391095066185387e-02 1.831325301204819178e-01 2.006018054162487466e-03 7.794311165097682001e-03 0.000000000000000000e+00 3.273858241938124199e-03 4.803323380501103683e-03 1.930916112422227096e-03 0.000000000000000000e+00 0.000000000000000000e+00 0.000000000000000000e+00 0.000000000000000000e+00 0.000000000000000000e+00 0.000000000000000000e+00 0.000000000000000000e+00 0.000000000000000000e+00 0.000000000000000000e+00 0.000000000000000000e+00 0.000000000000000000e+00 0.000000000000000000e+00 0.000000000000000000e+00 0.000000000000000000e+00 0.000000000000000000e+00 0.000000000000000000e+00 0.000000000000000000e+00 1.148501205926266233e-04 0.000000000000000000e+00 0.000000000000000000e+00 0.000000000000000000e+00 2.024291497975708415e-04 0.000000000000000000e+00 7.055669230226486565e-05 7.574609907589759474e-05 0.000000000000000000e+00 0.000000000000000000e+00 0.000000000000000000e+00 0.000000000000000000e+00 0.000000000000000000e+00 0.000000000000000000e+00 4.905968928863450916e-04 0.000000000000000000e+00 2.509410288582183002e-04 0.000000000000000000e+00 3.767897513187641340e-04 0.000000000000000000e+00 7.146382390682065600e-02 7.481918696483497990e-04 5.130007027406886799e-02 0.000000000000000000e+00 1.562500000000000000e-02 0.000000000000000000e+00 4.345464421510048490e-03 0.000000000000000000e+00 0.000000000000000000e+00 0.000000000000000000e+00 9.921619208254787233e-05 0.000000000000000000e+00 5.662514156285391098e-04 0.000000000000000000e+00 4.267728856959954534e-04 0.000000000000000000e+00 1.386962552011095735e-03 0.000000000000000000e+00 0.000000000000000000e+00 0.000000000000000000e+00 0.000000000000000000e+00 0.000000000000000000e+00 0.000000000000000000e+00 0.000000000000000000e+00 8.896797153024910577e-04 0.000000000000000000e+00 0.000000000000000000e+00 0.000000000000000000e+00 0.000000000000000000e+00 0.000000000000000000e+00 0.000000000000000000e+00 0.000000000000000000e+00 2.755580049600441146e-04 0.000000000000000000e+00 0.000000000000000000e+00 0.000000000000000000e+00 0.000000000000000000e+00 0.000000000000000000e+00 0.000000000000000000e+00 0.000000000000000000e+00 0.000000000000000000e+00 0.000000000000000000e+00 0.000000000000000000e+00 0.000000000000000000e+00 0.000000000000000000e+00 0.000000000000000000e+00
0.000000000000000000e+00 1.728309713100587616e-03 1.036985827860352569e-03 9.471137227791219526e-02 5.530591081921880370e-03 0.000000000000000000e+00 2.418574653337633013e-04 2.353707995365005717e-02 4.744958481613285677e-04 2.110671936758893308e-01 0.000000000000000000e+00 8.848252470137148206e-04 1.165365342034727954e-04 8.453085376162298731e-04 6.697923643670461924e-04 3.984421809466746900e-02 0.000000000000000000e+00 0.000000000000000000e+00 0.000000000000000000e+00 9.082652134423251263e-04 0.000000000000000000e+00 3.294289897510981058e-03 2.258001178087571097e-03 2.013221153846153980e-02 4.885993485342019112e-03 3.922984356197352362e-02 1.376936316695352930e-03 8.625877632898695802e-02 0.000000000000000000e+00 1.571668063704945422e-03 2.291700769356686679e-03 3.894586524730624631e-03 1.072731173567903837e-04 1.584660486490769378e-04 0.000000000000000000e+00 0.000000000000000000e+00 0.000000000000000000e+00 0.000000000000000000e+00 0.000000000000000000e+00 0.000000000000000000e+00 0.000000000000000000e+00 0.000000000000000000e+00 0.000000000000000000e+00 0.000000000000000000e+00 0.000000000000000000e+00 1.811102055600833109e-04 0.000000000000000000e+00 0.000000000000000000e+00 0.000000000000000000e+00 0.000000000000000000e+00 0.000000000000000000e+00 1.666250104140631373e-04 0.000000000000000000e+00 1.662510390689941788e-04 0.000000000000000000e+00 0.000000000000000000e+00 0.000000000000000000e+00 0.000000000000000000e+00 0.000000000000000000e+00 1.577038322031225261e-04 0.000000000000000000e+00 0.000000000000000000e+00 0.000000000000000000e+00 0.000000000000000000e+00 0.000000000000000000e+00 1.015022330491270798e-04 0.000000000000000000e+00 1.934048931437965446e-04 0.000000000000000000e+00 0.000000000000000000e+00 1.480604086467278598e-03 1.936985618089616737e-02 0.000000000000000000e+00 1.331360946745562164e-02 0.000000000000000000e+00 0.000000000000000000e+00 0.000000000000000000e+00 5.465675557498906332e-04 0.000000000000000000e+00 0.000000000000000000e+00 0.000000000000000000e+00 0.000000000000000000e+00 0.000000000000000000e+00 4.436557231588287653e-04 0.000000000000000000e+00 6.603711285742586991e-05 0.000000000000000000e+00 0.000000000000000000e+00 0.000000000000000000e+00 2.740476842970677139e-04 0.000000000000000000e+00 0.000000000000000000e+00 0.000000000000000000e+00 0.000000000000000000e+00 0.000000000000000000e+00 7.961783439490446260e-04 0.000000000000000000e+00 0.000000000000000000e+00 0.000000000000000000e+00 0.000000000000000000e+00 0.000000000000000000e+00 0.000000000000000000e+00 0.000000000000000000e+00 0.000000000000000000e+00 0.000000000000000000e+00 3.364737550471063286e-04 0.000000000000000000e+00 0.000000000000000000e+00 0.000000000000000000e+00 0.000000000000000000e+00 0.000000000000000000e+00 0.000000000000000000e+00 0.000000000000000000e+00 0.000000000000000000e+00 0.000000000000000000e+00 0.000000000000000000e+00
9.093840696549500280e-02 1.289906481780070868e-03 2.549177684617865425e-01 6.691389874234118101e-03 5.320864237342792791e-03 2.418574653337633013e-04 0.000000000000000000e+00 1.187717265353418344e-02 6.903914590747331492e-02 7.905138339920948515e-04 1.280457066039321079e-01 2.801946615543430066e-03 2.320242395991143347e-01 7.245501750996256179e-03 2.612190221031480269e-02 2.246854403834631485e-03 6.057164489873177911e-03 1.233425840271353598e-03 1.748178980228928120e-02 9.082652134423252130e-03 0.000000000000000000e+00 0.000000000000000000e+00 1.413705085411348997e-02 1.472355769230769204e-02 2.714440825190010979e-04 1.203369434416365867e-03 6.884681583476764651e-04 0.000000000000000000e+00 3.056989573843506280e-02 9.430008382229673183e-04 1.129481093468652844e-02 2.739192522393872620e-02 5.470928985196309852e-03 1.291498296489976966e-02 1.200120012001200213e-03 0.000000000000000000e+00 1.221824310090583593e-02 0.000000000000000000e+00 1.098297638660076896e-03 0.000000000000000000e+00 4.162330905306972292e-03 0.000000000000000000e+00 7.394626571358145972e-04 0.000000000000000000e+00 4.047452896022330979e-03 0.000000000000000000e+00 2.126754572522330990e-04 0.000000000000000000e+00 6.461421512732800840e-03 0.000000000000000000e+00 1.355231422992994074e-02 8.331250520703156867e-05 8.558712769599451445e-03 0.000000000000000000e+00 1.113360323886639601e-02 0.000000000000000000e+00 2.822267692090594735e-03 1.514921981517951895e-04 1.044360453550825622e-02 2.365557483046838163e-04 9.682271103590900721e-03 1.250468925847192663e-04 1.824514844916238273e-03 1.359064963305245952e-04 2.469337694194603458e-02 1.015022330491270798e-04 6.859054788791300351e-03 6.769171260032878518e-04 1.883948756593820670e-03 2.838489923360771987e-04 5.330174711282203298e-02 9.144567295702053702e-04 5.352541578824080576e-02 5.547337278106509017e-04 1.406250000000000000e-01 0.000000000000000000e+00 7.074959261271047961e-02 6.558810668998688682e-04 9.970089730807576468e-04 0.000000000000000000e+00 2.281972417898600874e-03 1.398601398601398600e-04 1.698754246885617221e-03 4.436557231588287653e-04 3.442634611281029933e-02 1.320742257148517398e-04 2.311604253351826153e-03 0.000000000000000000e+00 4.289544235924933058e-02 2.740476842970677139e-04 1.056803170409511194e-03 0.000000000000000000e+00 2.577319587628866039e-04 2.134471718249733216e-04 6.227758007117437621e-03 1.592356687898089252e-03 0.000000000000000000e+00 0.000000000000000000e+00 0.000000000000000000e+00 0.000000000000000000e+00 5.065856129685917262e-04 0.000000000000000000e+00 2.755580049600441146e-04 2.466699555994080134e-04 1.759014951627088912e-03 3.364737550471063286e-04 0.000000000000000000e+00 0.000000000000000000e+00 0.000000000000000000e+00 0.000000000000000000e+00 0.000000000000000000e+00 0.000000000000000000e+00 0.000000000000000000e+00 7.733952049497293518e-04 0.000000000000000000e+00 0.000000000000000000e+00
5.793742757821553069e-03 8.248841251448435496e-02 6.952491309385863162e-03 2.770133256083429640e-01 5.069524913093858285e-04 2.353707995365005717e-02 1.187717265353418344e-02 0.000000000000000000e+00 1.423487544483985866e-03 1.206851119894598173e-01 3.528818685935136788e-03 8.966229169738976212e-02 8.507166996853512964e-03 2.188141528800869595e-01 8.930564858227283288e-04 2.651288196524865040e-02 7.571455612341472389e-04 8.017267961763798606e-03 1.873048907388137271e-02 2.089009990917347834e-02 0.000000000000000000e+00 7.320644216691069017e-04 2.670331827999214772e-02 3.140024038461538408e-02 1.357220412595005381e-03 1.684717208182912040e-02 3.442340791738382325e-04 5.015045135406218666e-04 1.315922664237271058e-03 2.022212908633696724e-02 1.211327549517105841e-02 9.736466311826560277e-03 7.616391332332117688e-03 4.516282386498692361e-03 0.000000000000000000e+00 0.000000000000000000e+00 0.000000000000000000e+00 9.192866335723477722e-03 0.000000000000000000e+00 7.617728531855955804e-03 0.000000000000000000e+00 0.000000000000000000e+00 0.000000000000000000e+00 9.657170449058425775e-05 0.000000000000000000e+00 4.074979625101874184e-03 0.000000000000000000e+00 0.000000000000000000e+00 0.000000000000000000e+00 4.080046629104332363e-03 0.000000000000000000e+00 1.124718820294926327e-02 0.000000000000000000e+00 3.158769742310889479e-03 0.000000000000000000e+00 2.383939774153073961e-03 7.055669230226486565e-05 8.786547492804120882e-03 2.983887010145215677e-04 6.229301372023340541e-03 0.000000000000000000e+00 5.502063273727647932e-03 0.000000000000000000e+00 8.154389779831476255e-04 1.635322976287816791e-04 2.913114088509947269e-02 4.182350480970305185e-04 5.125229668310608486e-03 3.767897513187641340e-04 3.406187908032926384e-03 9.870693909781857317e-04 7.166015462631972199e-02 9.369875849144998839e-04 5.898668639053254725e-02 0.000000000000000000e+00 1.176470588235294101e-01 2.715915263443780306e-04 4.317883690424136750e-02 0.000000000000000000e+00 0.000000000000000000e+00 0.000000000000000000e+00 1.678321678321678320e-03 0.000000000000000000e+00 4.436557231588287653e-04 2.133864428479977267e-04 1.974509674437033638e-02 0.000000000000000000e+00 7.315288953913679903e-04 0.000000000000000000e+00 2.502968849913218136e-02 7.926023778071334498e-04 1.702127659574468070e-03 1.546391752577319515e-03 1.707577374599786573e-03 2.669039145907473390e-03 1.592356687898089252e-03 5.157297576070139430e-04 0.000000000000000000e+00 1.483679525222551983e-03 3.685503685503685629e-03 1.013171225937183452e-03 1.746724890829694362e-03 0.000000000000000000e+00 9.866798223976320538e-04 4.397537379067722281e-04 0.000000000000000000e+00 1.024590163934426283e-03 0.000000000000000000e+00 0.000000000000000000e+00 0.000000000000000000e+00 7.621951219512195386e-04 6.949270326615705198e-04 4.237288135593220324e-03 1.546790409899458704e-03 0.000000000000000000e+00 0.000000000000000000e+00
2.372479240806642839e-04 0.000000000000000000e+00 9.086595492289442633e-02 1.660735468564649960e-03 4.483985765124555156e-01 4.744958481613285677e-04 6.903914590747331492e-02 1.423487544483985866e-03 0.000000000000000000e+00 5.270092226613965316e-04 1.176272895311712263e-03 0.000000000000000000e+00 1.922852814357300932e-02 0.000000000000000000e+00 1.832998437151149851e-01 0.000000000000000000e+00 5.678591709256104562e-04 0.000000000000000000e+00 7.284079084287200861e-04 0.000000000000000000e+00 1.817080557238037611e-03 0.000000000000000000e+00 3.926958570587080546e-03 9.014423076923077423e-04 1.004343105320303943e-02 2.406738868832731734e-03 4.475043029259896318e-03 0.000000000000000000e+00 7.085737422816074625e-03 1.047778709136630354e-04 1.309543296775249593e-03 2.336751914838374519e-03 6.436387041407423291e-04 0.000000000000000000e+00 3.000300030003000534e-04 0.000000000000000000e+00 0.000000000000000000e+00 0.000000000000000000e+00 0.000000000000000000e+00 0.000000000000000000e+00 1.040582726326743073e-03 0.000000000000000000e+00 0.000000000000000000e+00 0.000000000000000000e+00 0.000000000000000000e+00 0.000000000000000000e+00 0.000000000000000000e+00 0.000000000000000000e+00 0.000000000000000000e+00 0.000000000000000000e+00 0.000000000000000000e+00 0.000000000000000000e+00 0.000000000000000000e+00 0.000000000000000000e+00 0.000000000000000000e+00 0.000000000000000000e+00 0.000000000000000000e+00 0.000000000000000000e+00 0.000000000000000000e+00 0.000000000000000000e+00 2.820078962210942168e-04 0.000000000000000000e+00 1.658649859014762042e-04 0.000000000000000000e+00 3.270645952575633583e-04 0.000000000000000000e+00 8.364700961940610912e-05 0.000000000000000000e+00 1.883948756593820670e-04 0.000000000000000000e+00 1.589181719474879254e-02 1.662648599218555169e-04 2.424455375966268547e-02 0.000000000000000000e+00 0.000000000000000000e+00 0.000000000000000000e+00 2.580119500271591589e-03 0.000000000000000000e+00 0.000000000000000000e+00 0.000000000000000000e+00 1.984323841650957447e-04 0.000000000000000000e+00 5.662514156285391098e-04 0.000000000000000000e+00 8.535457713919909067e-04 0.000000000000000000e+00 0.000000000000000000e+00 0.000000000000000000e+00 4.468275245755138421e-04 0.000000000000000000e+00 0.000000000000000000e+00 0.000000000000000000e+00 0.000000000000000000e+00 0.000000000000000000e+00 0.000000000000000000e+00 0.000000000000000000e+00 0.000000000000000000e+00 0.000000000000000000e+00 0.000000000000000000e+00 0.000000000000000000e+00 0.000000000000000000e+00 0.000000000000000000e+00 0.000000000000000000e+00 2.466699555994080134e-04 4.397537379067722281e-04 0.000000000000000000e+00 0.000000000000000000e+00 0.000000000000000000e+00 0.000000000000000000e+00 0.000000000000000000e+00 0.000000000000000000e+00 0.000000000000000000e+00 0.000000000000000000e+00 0.000000000000000000e+00 0.000000000000000000e+00 0.000000000000000000e+00
2.635046113306982658e-04 8.168642951251647161e-03 3.425559947299077618e-03 2.819499341238471818e-02 1.581027667984189703e-03 2.110671936758893308e-01 7.905138339920948515e-04 1.206851119894598173e-01 5.270092226613965316e-04 0.000000000000000000e+00 0.000000000000000000e+00 2.949417490045715996e-03 5.826826710173639090e-04 8.815360463712111627e-03 4.465282429113641644e-04 1.631216297183942510e-01 0.000000000000000000e+00 3.083564600678383996e-04 2.081165452653486038e-04 9.082652134423251263e-04 0.000000000000000000e+00 5.856515373352855214e-03 2.650697035146279152e-03 3.155048076923076990e-03 1.900108577633007577e-03 1.107099879663056563e-02 3.442340791738382325e-04 5.391173520561685223e-02 1.012248203259439244e-04 5.238893545683151985e-03 1.309543296775249593e-03 1.298195508243541471e-03 2.145462347135807673e-04 2.376990729736153931e-04 0.000000000000000000e+00 0.000000000000000000e+00 0.000000000000000000e+00 0.000000000000000000e+00 0.000000000000000000e+00 3.462603878116343498e-04 0.000000000000000000e+00 0.000000000000000000e+00 0.000000000000000000e+00 0.000000000000000000e+00 0.000000000000000000e+00 2.716653083401249528e-04 0.000000000000000000e+00 0.000000000000000000e+00 0.000000000000000000e+00 9.714396735962697394e-05 0.000000000000000000e+00 4.165625260351578569e-04 0.000000000000000000e+00 1.662510390689941788e-04 0.000000000000000000e+00 1.254705144291091501e-04 0.000000000000000000e+00 4.544765944553855685e-04 0.000000000000000000e+00 1.577038322031225261e-04 0.000000000000000000e+00 0.000000000000000000e+00 0.000000000000000000e+00 2.718129926610491904e-04 0.000000000000000000e+00 7.105156313438895990e-04 0.000000000000000000e+00 3.868097862875930892e-04 0.000000000000000000e+00 0.000000000000000000e+00 8.883624518803671802e-04 1.961925347077895024e-02 1.171234481143124855e-04 3.929363905325444078e-02 0.000000000000000000e+00 0.000000000000000000e+00 0.000000000000000000e+00 1.967643200699606496e-03 0.000000000000000000e+00 0.000000000000000000e+00 0.000000000000000000e+00 8.391608391608391601e-04 0.000000000000000000e+00 8.873114463176575307e-04 0.000000000000000000e+00 8.584824671465363360e-04 0.000000000000000000e+00 0.000000000000000000e+00 0.000000000000000000e+00 8.221430528912030333e-04 0.000000000000000000e+00 8.510638297872340349e-04 0.000000000000000000e+00 2.134471718249733216e-04 1.779359430604982115e-03 7.961783439490446260e-04 5.157297576070139430e-04 0.000000000000000000e+00 0.000000000000000000e+00 6.142506142506142354e-04 5.065856129685917262e-04 0.000000000000000000e+00 2.755580049600441146e-04 0.000000000000000000e+00 0.000000000000000000e+00 0.000000000000000000e+00 0.000000000000000000e+00 0.000000000000000000e+00 0.000000000000000000e+00 0.000000000000000000e+00 0.000000000000000000e+00 0.000000000000000000e+00 0.000000000000000000e+00 0.000000000000000000e+00 0.000000000000000000e+00 0.000000000000000000e+00
2.984372374390858451e-01 3.360779700890606774e-04 1.831624936985380703e-02 1.848428835489833617e-03 1.680389850445303387e-04 0.000000000000000000e+00 1.280457066039321079e-01 3.528818685935136788e-03 1.176272895311712263e-03 0.000000000000000000e+00 0.000000000000000000e+00 1.032296121516000642e-03 1.329681855261624635e-01 4.830334500664170859e-04 1.562848850189774413e-03 0.000000000000000000e+00 6.833238690138179749e-02 0.000000000000000000e+00 1.425598335067637841e-02 2.361489554950045588e-03 0.000000000000000000e+00 0.000000000000000000e+00 4.221480463381110937e-03 9.014423076923077423e-04 0.000000000000000000e+00 0.000000000000000000e+00 0.000000000000000000e+00 0.000000000000000000e+00 4.362789756048183337e-02 0.000000000000000000e+00 3.273858241938123982e-04 6.490977541217707357e-04 1.394550525638275137e-03 2.139291656762538647e-03 0.000000000000000000e+00 0.000000000000000000e+00 8.426374552348851917e-04 0.000000000000000000e+00 0.000000000000000000e+00 0.000000000000000000e+00 0.000000000000000000e+00 0.000000000000000000e+00 0.000000000000000000e+00 0.000000000000000000e+00 0.000000000000000000e+00 0.000000000000000000e+00 0.000000000000000000e+00 0.000000000000000000e+00 3.800836183960471242e-04 0.000000000000000000e+00 1.722751808889399269e-03 0.000000000000000000e+00 3.423485107839780708e-04 0.000000000000000000e+00 8.097165991902833659e-04 0.000000000000000000e+00 7.479009384040075786e-03 0.000000000000000000e+00 3.282275711159737298e-03 0.000000000000000000e+00 1.428840007520210641e-02 0.000000000000000000e+00 4.975949577044285962e-03 0.000000000000000000e+00 1.504497138184791513e-02 0.000000000000000000e+00 1.505646173149310018e-03 0.000000000000000000e+00 1.130369253956292402e-03 0.000000000000000000e+00 2.359095844437864020e-02 8.313242996092775846e-05 6.324666198172874433e-03 2.773668639053254508e-04 0.000000000000000000e+00 0.000000000000000000e+00 2.172732210755024245e-03 0.000000000000000000e+00 0.000000000000000000e+00 0.000000000000000000e+00 4.464728643714653902e-03 0.000000000000000000e+00 0.000000000000000000e+00 0.000000000000000000e+00 1.315883064229319242e-02 0.000000000000000000e+00 0.000000000000000000e+00 0.000000000000000000e+00 9.383378016085790196e-03 0.000000000000000000e+00 0.000000000000000000e+00 0.000000000000000000e+00 0.000000000000000000e+00 2.134471718249733216e-04 1.779359430604982115e-03 0.000000000000000000e+00 0.000000000000000000e+00 0.000000000000000000e+00 0.000000000000000000e+00 0.000000000000000000e+00 0.000000000000000000e+00 0.000000000000000000e+00 0.000000000000000000e+00 0.000000000000000000e+00 0.000000000000000000e+00 0.000000000000000000e+00 0.000000000000000000e+00 0.000000000000000000e+00 0.000000000000000000e+00 0.000000000000000000e+00 0.000000000000000000e+00 0.000000000000000000e+00 0.000000000000000000e+00 0.000000000000000000e+00 0.000000000000000000e+00 0.000000000000000000e+00
1.917121368529715354e-03 2.287273263530452683e-01 1.769650494027429641e-03 3.170623801799144631e-02 0.000000000000000000e+00 8.848252470137148206e-04 2.801946615543430066e-03 8.966229169738976212e-02 0.000000000000000000e+00 2.949417490045715996e-03 1.032296121516000642e-03 0.000000000000000000e+00 5.826826710173639090e-04 1.767902427243086549e-01 0.000000000000000000e+00 7.789095266626722656e-03 0.000000000000000000e+00 9.327782917052111766e-02 2.705515088449531903e-03 2.297910990009082582e-02 0.000000000000000000e+00 0.000000000000000000e+00 4.908698213233850683e-04 6.911057692307692041e-03 0.000000000000000000e+00 0.000000000000000000e+00 0.000000000000000000e+00 0.000000000000000000e+00 2.024496406518878488e-04 5.909471919530594891e-02 4.910787362907186515e-04 1.298195508243541580e-04 5.363655867839519590e-04 4.912447508121384719e-03 0.000000000000000000e+00 0.000000000000000000e+00 0.000000000000000000e+00 1.470858613715756618e-03 0.000000000000000000e+00 2.423822714681440286e-03 0.000000000000000000e+00 0.000000000000000000e+00 0.000000000000000000e+00 9.657170449058425775e-05 0.000000000000000000e+00 4.527755139002082908e-04 0.000000000000000000e+00 0.000000000000000000e+00 0.000000000000000000e+00 1.942879347192539479e-04 0.000000000000000000e+00 8.331250520703157138e-04 0.000000000000000000e+00 0.000000000000000000e+00 0.000000000000000000e+00 1.254705144291091501e-04 7.055669230226486565e-05 2.954097863960006114e-03 0.000000000000000000e+00 1.182778741523419054e-03 0.000000000000000000e+00 3.751406777541578096e-03 0.000000000000000000e+00 7.067137809187279060e-03 0.000000000000000000e+00 2.740560292326431249e-03 8.364700961940610912e-05 4.835122328594913615e-04 0.000000000000000000e+00 1.703093954016463192e-03 9.870693909781857859e-05 2.643611272757502573e-02 0.000000000000000000e+00 1.266642011834319577e-02 0.000000000000000000e+00 0.000000000000000000e+00 0.000000000000000000e+00 2.076956711849584514e-03 0.000000000000000000e+00 9.090909090909090468e-03 0.000000000000000000e+00 2.237762237762237760e-02 0.000000000000000000e+00 3.992901508429458346e-03 0.000000000000000000e+00 1.274516278148319325e-02 0.000000000000000000e+00 0.000000000000000000e+00 0.000000000000000000e+00 1.662555951402210769e-02 0.000000000000000000e+00 0.000000000000000000e+00 0.000000000000000000e+00 0.000000000000000000e+00 0.000000000000000000e+00 1.592356687898089252e-03 0.000000000000000000e+00 0.000000000000000000e+00 0.000000000000000000e+00 0.000000000000000000e+00 0.000000000000000000e+00 0.000000000000000000e+00 0.000000000000000000e+00 0.000000000000000000e+00 0.000000000000000000e+00 0.000000000000000000e+00 0.000000000000000000e+00 0.000000000000000000e+00 0.000000000000000000e+00 0.000000000000000000e+00 0.000000000000000000e+00 0.000000000000000000e+00 0.000000000000000000e+00 0.000000000000000000e+00 0.000000000000000000e+00 0.000000000000000000e+00
4.987763663908635625e-02 0.000000000000000000e+00 5.652021908868429950e-02 5.011070970749330160e-03 2.097657615662510289e-03 1.165365342034727954e-04 2.320242395991143347e-01 8.507166996853512964e-03 1.922852814357300932e-02 5.826826710173639090e-04 1.329681855261624635e-01 5.826826710173639090e-04 0.000000000000000000e+00 1.932133800265668343e-03 1.674480910917615639e-01 7.489514679448771618e-04 1.760363429869392371e-02 0.000000000000000000e+00 1.248699271592091514e-02 1.362397820163487689e-03 6.056935190793458343e-04 0.000000000000000000e+00 1.757313960337718306e-02 8.112980769230769898e-03 1.085776330076004392e-03 2.406738868832731517e-04 0.000000000000000000e+00 0.000000000000000000e+00 9.687215305192833914e-02 2.095557418273260707e-04 1.636929120969062099e-03 9.217188108529145163e-03 1.609096760351855877e-03 3.090087948657000219e-03 3.000300030003000534e-04 0.000000000000000000e+00 1.053296819043606381e-03 0.000000000000000000e+00 1.098297638660076896e-03 0.000000000000000000e+00 1.040582726326743073e-03 0.000000000000000000e+00 1.232437761893024329e-04 0.000000000000000000e+00 5.582693649685973539e-04 0.000000000000000000e+00 0.000000000000000000e+00 0.000000000000000000e+00 2.533890789306981008e-04 0.000000000000000000e+00 9.188009647410129866e-04 0.000000000000000000e+00 1.027045532351934321e-03 0.000000000000000000e+00 4.048582995951416829e-04 0.000000000000000000e+00 3.951174768926832802e-03 0.000000000000000000e+00 2.188183807439824866e-03 0.000000000000000000e+00 1.419439744312840819e-02 0.000000000000000000e+00 7.629789351467904795e-03 0.000000000000000000e+00 1.733442354865085896e-02 0.000000000000000000e+00 1.505646173149310018e-03 0.000000000000000000e+00 3.767897513187641340e-04 0.000000000000000000e+00 6.258019938801698268e-02 4.156621498046387652e-04 2.892949168423518402e-02 1.849112426035502915e-04 3.125000000000000000e-02 0.000000000000000000e+00 1.520912547528517102e-02 1.093135111499781402e-04 1.994017946161515294e-03 0.000000000000000000e+00 8.036511558686378065e-03 0.000000000000000000e+00 2.265005662514156439e-03 0.000000000000000000e+00 1.941816629916779183e-02 0.000000000000000000e+00 1.386962552011095735e-03 0.000000000000000000e+00 2.010723860589812284e-02 0.000000000000000000e+00 7.926023778071334498e-04 0.000000000000000000e+00 5.154639175257732077e-04 0.000000000000000000e+00 1.779359430604982115e-03 0.000000000000000000e+00 0.000000000000000000e+00 0.000000000000000000e+00 0.000000000000000000e+00 0.000000000000000000e+00 0.000000000000000000e+00 0.000000000000000000e+00 0.000000000000000000e+00 2.466699555994080134e-04 0.000000000000000000e+00 0.000000000000000000e+00 0.000000000000000000e+00 0.000000000000000000e+00 0.000000000000000000e+00 0.000000000000000000e+00 0.000000000000000000e+00 0.000000000000000000e+00 0.000000000000000000e+00 0.000000000000000000e+00 0.000000000000000000e+00 0.000000000000000000e+00
