0.000000000000000000e+00 1.497241922773837747e-02 6.950114507617245752e-02 2.849544072948328229e-03 1.830831197363603103e-03 0.000000000000000000e+00 9.276895943562610269e-02 1.615769914364194575e-03 4.709206498704968233e-04 0.000000000000000000e+00 2.108816521048451076e-01 1.671122994652406320e-04 5.307299174420128385e-02 1.581527755812114498e-04 8.004802881729037320e-04 0.000000000000000000e+00 6.315584920326466900e-02 2.993371819542441602e-03 5.964214711729622087e-02 2.538836076976582271e-02 5.777007510109762826e-04 0.000000000000000000e+00 8.591065292096219767e-04 1.862197392923649840e-04 2.949852507374631227e-04 0.000000000000000000e+00 0.000000000000000000e+00 0.000000000000000000e+00 2.236180904522613172e-02 3.920031360250882005e-04 9.682104243989026870e-04 3.341129301703975904e-04 4.634533898305084540e-03 1.411326113971240852e-02 1.269572577232331873e-03 0.000000000000000000e+00 5.591497227356746758e-02 9.966115208291808931e-04 0.000000000000000000e+00 0.000000000000000000e+00 1.333333333333333289e-03 0.000000000000000000e+00 3.183192742320547748e-04 0.000000000000000000e+00 1.094091903719912433e-03 2.649708532061473406e-04 0.000000000000000000e+00 0.000000000000000000e+00 2.519344970307720206e-03 0.000000000000000000e+00 1.482450403313712722e-02 2.770083102493075015e-04 1.066350710900474015e-02 0.000000000000000000e+00 6.642311524410494765e-03 0.000000000000000000e+00 1.843322709982522789e-01 3.087956967825480556e-03 2.899501443190763417e-02 1.563166121926957411e-03 5.161998901702361670e-02 1.180358829084041496e-03 7.707836300238576216e-03 1.383125864453665357e-03 4.046563192904656381e-02 0.000000000000000000e+00 5.860150973381009210e-03 2.004716981132075460e-03 1.249477643125783549e-01 8.351376430559852293e-03 5.399906088589763453e-02 1.739977728285078051e-03 2.522219553206821868e-02 1.196502531063046515e-03 0.000000000000000000e+00 0.000000000000000000e+00 5.668016194331983865e-02 1.141697323354053063e-03 8.141112618724558395e-03 0.000000000000000000e+00 6.194180351483721987e-03 4.851228978007762088e-04 1.194743130227001121e-03 0.000000000000000000e+00 1.954001495886312570e-02 0.000000000000000000e+00 0.000000000000000000e+00 0.000000000000000000e+00 1.022921007766622488e-02 0.000000000000000000e+00 2.541296060991105575e-03 0.000000000000000000e+00 3.364171572750210108e-03 0.000000000000000000e+00 3.378378378378378566e-02 2.729754322111010208e-03 1.172529313232830751e-02 0.000000000000000000e+00 1.689189189189189283e-03 0.000000000000000000e+00 9.124087591240875612e-04 0.000000000000000000e+00 6.715701950751519315e-03 4.157139887757222785e-04 5.816207832493214443e-03 7.619047619047619258e-04 1.862197392923649894e-03 0.000000000000000000e+00 0.000000000000000000e+00 0.000000000000000000e+00 6.839945280437756403e-04 0.000000000000000000e+00 0.000000000000000000e+00 0.000000000000000000e+00 0.000000000000000000e+00 0.000000000000000000e+00
1.497241922773837747e-02 0.000000000000000000e+00 5.177735736333764945e-03 5.100683890577507873e-02 0.000000000000000000e+00 5.935892362485160282e-04 1.410934744268077697e-03 1.412182905154306112e-01 0.000000000000000000e+00 1.135331516802906516e-03 7.942811755361397488e-04 1.356951871657753883e-01 0.000000000000000000e+00 1.217776371975328245e-02 0.000000000000000000e+00 9.940357852882702756e-04 2.526233968130586673e-03 4.169339320076972250e-02 3.330019880715705954e-02 7.175979596568514418e-02 0.000000000000000000e+00 0.000000000000000000e+00 2.454590083456062791e-04 5.586592178770949249e-04 0.000000000000000000e+00 0.000000000000000000e+00 0.000000000000000000e+00 0.000000000000000000e+00 3.768844221105527477e-04 4.873905657911929701e-02 1.452315636598354139e-03 0.000000000000000000e+00 2.621822033898305038e-02 1.935025741168116403e-02 4.231908590774439397e-04 7.102272727272727470e-04 6.931608133086876065e-04 4.385090691648395322e-02 0.000000000000000000e+00 1.563996169805298431e-02 0.000000000000000000e+00 2.283105022831050102e-03 0.000000000000000000e+00 2.027780594139714121e-04 0.000000000000000000e+00 1.722310545839957551e-03 0.000000000000000000e+00 0.000000000000000000e+00 0.000000000000000000e+00 7.312857332801489356e-03 1.090037061260082780e-04 1.560480147737765451e-02 0.000000000000000000e+00 3.764115432873274721e-03 0.000000000000000000e+00 1.212961358516721549e-03 3.392618484630410044e-03 2.350831756151011143e-01 0.000000000000000000e+00 2.401591587324143975e-02 2.196595277320153737e-04 5.453257790368271768e-02 3.670398238208845507e-04 2.264868603042876835e-02 0.000000000000000000e+00 2.477134146341463533e-02 2.979737783075089245e-03 1.037735849056603717e-02 2.716255745925616472e-02 8.784410763996287896e-02 2.113006730317733544e-03 3.438195991091314019e-02 1.201056930098486606e-04 4.086516336861481524e-02 0.000000000000000000e+00 1.666666666666666644e-02 2.220190675199164299e-03 6.977039198274768983e-02 0.000000000000000000e+00 3.759398496240601295e-03 2.881014116969173055e-04 2.910737386804657361e-03 0.000000000000000000e+00 1.917545541706615429e-03 9.349289454001495680e-05 1.247363111070347655e-02 0.000000000000000000e+00 5.285412262156448425e-04 0.000000000000000000e+00 8.072653884964682211e-03 0.000000000000000000e+00 6.302521008403361505e-03 0.000000000000000000e+00 5.996641880546893684e-03 2.533783783783783924e-03 4.913557779799818115e-02 0.000000000000000000e+00 0.000000000000000000e+00 0.000000000000000000e+00 7.272727272727272721e-03 9.124087591240875612e-04 5.063291139240506424e-03 9.593859929645027129e-04 6.027852837247973418e-03 0.000000000000000000e+00 6.476190476190476532e-03 0.000000000000000000e+00 1.218026796589524903e-03 8.333333333333332871e-02 3.624733475479743894e-02 0.000000000000000000e+00 0.000000000000000000e+00 0.000000000000000000e+00 8.163265306122449282e-04 1.470588235294117627e-03 1.226993865030674875e-02
6.950114507617245752e-02 5.177735736333764945e-03 0.000000000000000000e+00 5.984042553191489325e-03 5.858659831563529929e-02 3.363672338741590610e-03 2.802469135802468925e-01 7.755695588948134135e-03 1.106663527195667594e-02 1.135331516802906516e-03 3.653693407466242909e-02 2.840909090909090988e-03 3.525095007207443287e-02 2.846749960461805989e-03 4.062437462477486161e-02 9.940357852882702756e-04 1.612903225806451568e-02 2.138122728244601454e-03 8.175944333996024160e-02 1.054950150707164441e-02 1.155401502021952565e-03 0.000000000000000000e+00 1.375797741777123329e-01 9.869646182495344505e-03 9.734513274336283051e-03 5.741626794258373155e-03 2.437538086532602209e-03 0.000000000000000000e+00 2.211055276381909684e-02 1.568012544100352802e-03 1.129578828465386403e-02 1.620447711326428175e-02 7.282838983050847134e-03 1.287058405822829807e-02 1.269572577232331873e-03 0.000000000000000000e+00 1.894639556377079523e-02 0.000000000000000000e+00 6.680026720106880958e-04 0.000000000000000000e+00 0.000000000000000000e+00 0.000000000000000000e+00 0.000000000000000000e+00 0.000000000000000000e+00 1.312910284463894963e-03 1.324854266030736703e-04 3.404255319148936356e-04 0.000000000000000000e+00 2.879251394637394150e-03 0.000000000000000000e+00 5.341181600174406234e-03 9.233610341643582028e-05 1.184834123222748906e-03 0.000000000000000000e+00 6.642311524410495199e-04 0.000000000000000000e+00 4.626297933586922748e-03 7.968921207291562725e-04 7.478352138546313053e-03 1.421060110842688629e-04 2.526084568918176947e-03 2.360717658168083209e-04 3.670398238208845507e-04 3.457814661134163393e-04 8.314855875831485580e-04 0.000000000000000000e+00 9.137862534763606728e-03 1.415094339622641412e-03 1.086502298370246519e-02 3.093102381688834102e-04 3.177336046329629071e-02 2.157572383073496497e-03 6.713908239250540588e-02 1.840773124712379288e-03 1.863354037267080793e-02 0.000000000000000000e+00 8.201645553088676710e-02 1.014842065203602674e-03 0.000000000000000000e+00 0.000000000000000000e+00 2.160760587726880035e-03 0.000000000000000000e+00 3.584229390681003581e-03 0.000000000000000000e+00 1.308900523560209504e-03 0.000000000000000000e+00 1.706484641638225273e-03 0.000000000000000000e+00 9.471490812653912206e-04 0.000000000000000000e+00 2.223634053367217270e-03 0.000000000000000000e+00 1.121390524250070108e-03 9.594627008875029938e-04 1.604729729729729645e-02 2.729754322111010208e-03 2.233389168062534930e-03 0.000000000000000000e+00 8.445945945945946415e-04 0.000000000000000000e+00 2.737226277372262900e-03 1.265822784810126606e-03 2.558362647905340712e-03 6.235709831635834720e-04 3.489724699495928666e-03 0.000000000000000000e+00 1.862197392923649894e-03 0.000000000000000000e+00 0.000000000000000000e+00 0.000000000000000000e+00 6.839945280437756403e-04 2.989536621823617440e-03 0.000000000000000000e+00 8.163265306122449282e-04 0.000000000000000000e+00 0.000000000000000000e+00
2.849544072948328229e-03 5.100683890577507873e-02 5.984042553191489325e-03 0.000000000000000000e+00 1.647748077627242836e-03 3.700039572615750061e-02 8.465608465608466179e-03 2.654709969300371730e-01 4.709206498704968233e-04 2.043596730245231599e-02 2.184273232724384499e-03 3.442513368983957101e-02 3.669243873673175022e-03 1.992724972323264149e-02 4.002401440864518660e-04 3.810470510271703193e-02 1.165954139137194033e-03 2.373316228351507462e-02 1.192842942345924417e-02 1.173197310456758624e-01 5.777007510109762826e-04 1.208459214501510573e-03 1.485027000490917945e-02 1.810055865921787743e-01 1.474926253687315614e-03 9.569377990430621636e-03 2.031281738777168417e-04 2.790178571428571274e-04 1.256281407035175898e-03 3.985365216255063597e-02 1.888010327577860359e-02 3.391246241229535496e-02 5.561440677966101621e-03 2.227942481803657157e-02 0.000000000000000000e+00 0.000000000000000000e+00 4.621072088724584043e-04 1.554713972493522098e-02 0.000000000000000000e+00 3.511011809766996592e-03 0.000000000000000000e+00 4.566210045662100203e-03 0.000000000000000000e+00 0.000000000000000000e+00 0.000000000000000000e+00 1.854795972443031276e-03 0.000000000000000000e+00 0.000000000000000000e+00 0.000000000000000000e+00 3.855870230022603352e-03 1.090037061260082780e-04 2.031394275161588128e-03 0.000000000000000000e+00 2.091175240485152592e-04 0.000000000000000000e+00 5.198405822214520770e-04 0.000000000000000000e+00 6.873194541288972850e-03 0.000000000000000000e+00 1.051584482023589645e-02 1.098297638660076868e-04 2.596789423984891421e-03 0.000000000000000000e+00 1.728907330567081534e-03 0.000000000000000000e+00 1.333841463414634247e-03 5.959475566150178490e-04 8.962264150943395971e-03 2.089427496865858879e-04 9.279307145066501006e-03 3.599937392393175780e-03 3.298997772828507480e-02 1.441268316118184036e-03 6.148182236539346396e-02 0.000000000000000000e+00 5.555555555555555247e-02 2.611989029646075416e-03 6.558416846378282983e-02 0.000000000000000000e+00 0.000000000000000000e+00 2.881014116969173055e-04 9.702457956015524175e-04 0.000000000000000000e+00 9.587727708533077143e-04 0.000000000000000000e+00 7.337430065119691577e-04 0.000000000000000000e+00 0.000000000000000000e+00 0.000000000000000000e+00 8.649272019605016345e-04 3.176620076238881969e-04 3.781512605042016816e-03 2.803476310625175271e-04 4.077716478771887913e-03 3.378378378378378566e-03 3.275705186533212077e-02 0.000000000000000000e+00 0.000000000000000000e+00 1.689189189189189283e-03 9.090909090909090901e-04 0.000000000000000000e+00 3.797468354430379601e-03 6.395906619763351781e-04 2.702140927042194756e-03 3.877471888328809448e-04 1.523809523809523852e-03 1.862197392923649894e-03 0.000000000000000000e+00 0.000000000000000000e+00 1.918976545842217621e-02 0.000000000000000000e+00 0.000000000000000000e+00 0.000000000000000000e+00 8.163265306122449282e-04 0.000000000000000000e+00 9.202453987730061999e-03
1.830831197363603103e-03 0.000000000000000000e+00 5.858659831563529929e-02 1.647748077627242836e-03 0.000000000000000000e+00 3.957261574990106855e-03 1.710758377425044066e-02 3.231539828728389042e-04 2.957381681186719846e-01 2.724795640326975379e-03 1.191421763304209786e-03 0.000000000000000000e+00 7.862665443585374614e-03 1.581527755812114498e-04 1.370822493496097749e-01 8.283631544068919324e-04 1.943256898561989874e-04 0.000000000000000000e+00 4.970178926441351378e-04 0.000000000000000000e+00 4.101675332177932148e-02 6.042296072507552865e-04 1.865488463426607721e-02 3.165735567970204972e-03 9.085545722713864181e-02 9.888357256778309082e-03 2.474101157830591036e-01 1.116071428571428509e-03 1.520100502512562735e-02 0.000000000000000000e+00 8.068420203324188841e-03 9.355162044771133181e-03 0.000000000000000000e+00 8.876264867743652841e-05 0.000000000000000000e+00 0.000000000000000000e+00 2.310536044362292022e-04 0.000000000000000000e+00 0.000000000000000000e+00 0.000000000000000000e+00 0.000000000000000000e+00 0.000000000000000000e+00 0.000000000000000000e+00 0.000000000000000000e+00 0.000000000000000000e+00 0.000000000000000000e+00 1.702127659574468178e-04 0.000000000000000000e+00 0.000000000000000000e+00 0.000000000000000000e+00 2.180074122520165561e-04 0.000000000000000000e+00 3.949447077409162657e-04 0.000000000000000000e+00 0.000000000000000000e+00 0.000000000000000000e+00 0.000000000000000000e+00 0.000000000000000000e+00 1.311991603253739099e-04 0.000000000000000000e+00 7.688083470620538486e-04 0.000000000000000000e+00 5.505597357313268261e-04 0.000000000000000000e+00 2.771618625277161860e-04 0.000000000000000000e+00 9.932459276916964601e-05 0.000000000000000000e+00 2.089427496865858879e-04 0.000000000000000000e+00 3.670370950070433319e-02 1.391982182628062354e-03 3.254864280566898554e-02 1.840773124712379233e-04 4.347826086956521618e-02 0.000000000000000000e+00 4.701580253362936009e-03 1.268552581504503343e-04 0.000000000000000000e+00 0.000000000000000000e+00 1.440507058484586528e-04 0.000000000000000000e+00 1.194743130227001121e-03 0.000000000000000000e+00 9.349289454001495680e-04 0.000000000000000000e+00 0.000000000000000000e+00 0.000000000000000000e+00 3.788596325061564449e-04 0.000000000000000000e+00 3.176620076238881969e-04 4.201680672268907814e-04 0.000000000000000000e+00 0.000000000000000000e+00 1.689189189189189283e-03 0.000000000000000000e+00 0.000000000000000000e+00 1.277139208173691011e-03 0.000000000000000000e+00 0.000000000000000000e+00 0.000000000000000000e+00 0.000000000000000000e+00 0.000000000000000000e+00 2.078569943878611393e-04 0.000000000000000000e+00 0.000000000000000000e+00 0.000000000000000000e+00 0.000000000000000000e+00 0.000000000000000000e+00 0.000000000000000000e+00 0.000000000000000000e+00 0.000000000000000000e+00 0.000000000000000000e+00 0.000000000000000000e+00 0.000000000000000000e+00 0.000000000000000000e+00
0.000000000000000000e+00 5.935892362485160282e-04 3.363672338741590610e-03 3.700039572615750061e-02 3.957261574990106855e-03 0.000000000000000000e+00 3.527336860670194241e-04 1.219906285344966868e-02 2.354603249352484225e-03 3.873751135331516826e-01 0.000000000000000000e+00 3.342245989304812640e-04 1.310444240597562508e-04 6.326111023248457994e-04 1.200720432259355652e-03 1.840622929092113891e-01 0.000000000000000000e+00 0.000000000000000000e+00 0.000000000000000000e+00 4.637143519591931259e-04 2.888503755054881630e-03 2.175226586102719031e-02 3.927344133529700465e-03 1.582867783985102486e-02 1.002949852507374617e-02 7.655502392344497309e-02 1.625025391021734733e-03 1.085379464285714246e-01 0.000000000000000000e+00 1.411211289690317457e-02 7.907051799257705169e-03 7.851653859004343455e-03 0.000000000000000000e+00 1.508965027516421132e-03 0.000000000000000000e+00 0.000000000000000000e+00 0.000000000000000000e+00 0.000000000000000000e+00 0.000000000000000000e+00 0.000000000000000000e+00 0.000000000000000000e+00 0.000000000000000000e+00 0.000000000000000000e+00 0.000000000000000000e+00 0.000000000000000000e+00 0.000000000000000000e+00 0.000000000000000000e+00 1.418640941977585435e-04 0.000000000000000000e+00 1.329610424145725219e-04 0.000000000000000000e+00 9.233610341643582028e-05 0.000000000000000000e+00 2.091175240485152592e-04 0.000000000000000000e+00 0.000000000000000000e+00 0.000000000000000000e+00 0.000000000000000000e+00 0.000000000000000000e+00 0.000000000000000000e+00 0.000000000000000000e+00 0.000000000000000000e+00 0.000000000000000000e+00 0.000000000000000000e+00 0.000000000000000000e+00 1.905487804878048847e-04 0.000000000000000000e+00 3.537735849056603530e-04 0.000000000000000000e+00 0.000000000000000000e+00 1.408671153545155768e-03 2.568207126948774885e-02 0.000000000000000000e+00 3.313391624482282805e-02 0.000000000000000000e+00 5.555555555555555768e-03 0.000000000000000000e+00 2.029684130407205349e-03 0.000000000000000000e+00 0.000000000000000000e+00 0.000000000000000000e+00 0.000000000000000000e+00 0.000000000000000000e+00 9.587727708533077143e-04 0.000000000000000000e+00 9.171787581399614472e-05 0.000000000000000000e+00 0.000000000000000000e+00 0.000000000000000000e+00 2.883090673201672296e-04 0.000000000000000000e+00 0.000000000000000000e+00 0.000000000000000000e+00 0.000000000000000000e+00 0.000000000000000000e+00 9.099181073703367000e-04 0.000000000000000000e+00 0.000000000000000000e+00 0.000000000000000000e+00 0.000000000000000000e+00 0.000000000000000000e+00 0.000000000000000000e+00 0.000000000000000000e+00 2.078569943878611393e-04 0.000000000000000000e+00 0.000000000000000000e+00 0.000000000000000000e+00 0.000000000000000000e+00 0.000000000000000000e+00 0.000000000000000000e+00 0.000000000000000000e+00 0.000000000000000000e+00 0.000000000000000000e+00 0.000000000000000000e+00 0.000000000000000000e+00 0.000000000000000000e+00
9.276895943562610269e-02 1.410934744268077697e-03 2.802469135802468925e-01 8.465608465608466179e-03 1.710758377425044066e-02 3.527336860670194241e-04 0.000000000000000000e+00 1.413798675068670199e-02 5.509771603484812930e-02 2.270663033605812816e-04 3.494837172359015198e-02 2.506684491978609670e-03 2.457082951120429792e-01 5.535347145342400799e-03 2.401440864518711304e-02 6.626905235255135893e-04 8.550330353672756095e-03 1.282873636946760655e-03 1.453777335984095427e-02 9.853929979132853775e-03 5.777007510109762826e-04 0.000000000000000000e+00 3.620520373097693007e-02 1.191806331471135898e-02 8.849557522123893682e-04 1.275917065390749566e-03 4.062563477554336834e-04 0.000000000000000000e+00 2.173366834170854106e-02 1.306677120083627299e-03 7.422946587058254150e-03 1.954560641496825776e-02 2.251059322033898379e-03 1.216048286880880465e-02 1.692763436309775759e-03 0.000000000000000000e+00 4.158964879852125422e-03 1.993223041658361678e-04 6.680026720106880958e-04 0.000000000000000000e+00 0.000000000000000000e+00 0.000000000000000000e+00 0.000000000000000000e+00 0.000000000000000000e+00 2.188183807439825028e-04 1.324854266030736703e-04 1.702127659574468178e-04 0.000000000000000000e+00 2.879251394637394150e-03 0.000000000000000000e+00 6.322214955308480371e-03 0.000000000000000000e+00 5.134281200631911346e-03 0.000000000000000000e+00 6.310195948189970330e-03 0.000000000000000000e+00 1.644905931942017155e-03 5.976690905468672044e-04 1.075833114668066186e-02 0.000000000000000000e+00 1.153212520593080784e-02 4.721435316336166418e-04 2.018719031014865137e-03 0.000000000000000000e+00 1.247228381374722826e-02 0.000000000000000000e+00 3.377036154151768100e-03 3.537735849056603530e-04 1.880484747179272855e-03 3.093102381688834102e-04 1.123023947409610285e-01 4.732739420935412090e-03 4.684122027384098053e-02 1.564657156005522416e-03 1.863354037267080793e-02 0.000000000000000000e+00 4.649340472770014526e-02 1.902828872256754960e-03 0.000000000000000000e+00 0.000000000000000000e+00 3.313166234514549040e-03 3.234152652005174906e-04 1.194743130227001121e-03 0.000000000000000000e+00 1.561331338818249849e-02 0.000000000000000000e+00 0.000000000000000000e+00 0.000000000000000000e+00 1.363894677022163375e-02 1.441545336600836148e-04 3.176620076238881969e-04 4.201680672268907814e-04 2.803476310625175271e-04 0.000000000000000000e+00 7.601351351351351773e-03 2.729754322111010208e-03 0.000000000000000000e+00 1.277139208173691011e-03 0.000000000000000000e+00 0.000000000000000000e+00 9.124087591240875612e-04 0.000000000000000000e+00 6.395906619763351781e-04 6.235709831635834720e-04 1.938735944164404887e-03 0.000000000000000000e+00 0.000000000000000000e+00 0.000000000000000000e+00 0.000000000000000000e+00 0.000000000000000000e+00 0.000000000000000000e+00 0.000000000000000000e+00 0.000000000000000000e+00 0.000000000000000000e+00 0.000000000000000000e+00 3.067484662576687188e-03
1.615769914364194575e-03 1.412182905154306112e-01 7.755695588948134135e-03 2.654709969300371730e-01 3.231539828728389042e-04 1.219906285344966868e-02 1.413798675068670199e-02 0.000000000000000000e+00 1.412761949611490361e-03 9.287011807447774492e-02 4.169976171564733491e-03 1.186497326203208580e-01 4.193421569912200025e-03 2.386525383520480825e-01 6.003602161296778261e-04 1.557322730284956859e-02 2.720559657986785715e-03 2.073979046397263215e-02 1.404075546719681968e-02 1.124507303501043332e-02 0.000000000000000000e+00 0.000000000000000000e+00 1.914580265095729150e-02 1.843575418994413545e-02 1.474926253687315614e-03 0.000000000000000000e+00 4.062563477554336834e-04 2.790178571428571274e-04 2.010050251256281610e-03 2.430419443355546702e-02 2.178473454897530970e-02 6.515202138322752877e-03 7.415254237288135784e-03 6.302148056097993910e-03 1.269572577232331873e-03 0.000000000000000000e+00 4.621072088724584043e-04 5.581024516643412481e-03 0.000000000000000000e+00 1.276731567187998741e-03 0.000000000000000000e+00 0.000000000000000000e+00 1.591596371160273874e-04 4.055561188279428243e-04 0.000000000000000000e+00 1.987281399046104784e-03 0.000000000000000000e+00 1.418640941977585435e-04 1.799532121648371344e-04 8.110623587288924921e-03 2.180074122520165561e-04 1.089566020313942687e-02 0.000000000000000000e+00 4.391468005018820363e-03 0.000000000000000000e+00 1.732801940738173735e-03 4.112264829855042888e-04 3.785237573463492294e-03 1.311991603253739099e-04 5.542134432286485897e-03 2.196595277320153737e-04 2.573182247403210665e-02 1.835199119104422754e-04 1.210235131396957160e-03 0.000000000000000000e+00 1.181402439024390252e-02 1.986491855383392920e-04 2.948113207547170024e-03 0.000000000000000000e+00 3.093102381688834102e-04 9.938957583346376412e-03 8.247494432071270087e-02 4.443910641364400525e-03 3.847215830648872265e-02 0.000000000000000000e+00 6.111111111111110911e-02 5.223978059292150831e-03 5.048839274387923598e-02 0.000000000000000000e+00 0.000000000000000000e+00 1.440507058484586528e-04 2.587322121604139925e-03 0.000000000000000000e+00 1.917545541706615429e-03 0.000000000000000000e+00 1.100614509767953823e-02 0.000000000000000000e+00 0.000000000000000000e+00 0.000000000000000000e+00 1.009081735620585320e-02 0.000000000000000000e+00 8.403361344537815629e-04 5.606952621250350542e-04 1.439194051331254545e-03 1.689189189189189283e-03 1.091901728844404083e-02 0.000000000000000000e+00 0.000000000000000000e+00 0.000000000000000000e+00 9.090909090909090901e-04 0.000000000000000000e+00 1.265822784810126606e-03 9.593859929645027129e-04 1.247141966327166944e-03 3.877471888328809448e-04 7.619047619047619258e-04 0.000000000000000000e+00 0.000000000000000000e+00 0.000000000000000000e+00 0.000000000000000000e+00 0.000000000000000000e+00 1.494768310911808720e-03 0.000000000000000000e+00 0.000000000000000000e+00 0.000000000000000000e+00 0.000000000000000000e+00
4.709206498704968233e-04 0.000000000000000000e+00 1.106663527195667594e-02 4.709206498704968233e-04 2.957381681186719846e-01 2.354603249352484225e-03 5.509771603484812930e-02 1.412761949611490361e-03 0.000000000000000000e+00 1.135331516802906516e-03 2.978554408260524356e-03 0.000000000000000000e+00 4.298257109160005113e-02 0.000000000000000000e+00 2.483490094056433894e-01 0.000000000000000000e+00 1.943256898561989874e-04 0.000000000000000000e+00 0.000000000000000000e+00 0.000000000000000000e+00 9.243212016175620521e-03 0.000000000000000000e+00 1.350024545900834535e-03 1.862197392923649894e-03 2.359882005899704982e-03 4.784688995215310818e-03 7.556368068251066716e-02 0.000000000000000000e+00 1.984924623115577949e-02 0.000000000000000000e+00 3.227368081329675623e-03 3.174072836618777298e-03 1.324152542372881351e-04 0.000000000000000000e+00 0.000000000000000000e+00 0.000000000000000000e+00 0.000000000000000000e+00 0.000000000000000000e+00 0.000000000000000000e+00 0.000000000000000000e+00 0.000000000000000000e+00 0.000000000000000000e+00 0.000000000000000000e+00 0.000000000000000000e+00 0.000000000000000000e+00 1.324854266030736703e-04 0.000000000000000000e+00 0.000000000000000000e+00 0.000000000000000000e+00 0.000000000000000000e+00 0.000000000000000000e+00 0.000000000000000000e+00 0.000000000000000000e+00 0.000000000000000000e+00 0.000000000000000000e+00 0.000000000000000000e+00 3.084198622391281759e-04 0.000000000000000000e+00 1.311991603253739099e-04 0.000000000000000000e+00 2.196595277320153737e-04 0.000000000000000000e+00 7.340796476417691015e-04 0.000000000000000000e+00 8.314855875831485580e-04 0.000000000000000000e+00 1.986491855383392920e-04 1.179245283018867934e-04 2.089427496865858879e-04 0.000000000000000000e+00 1.432149006104241687e-02 5.567928730512249199e-04 2.390103290895988566e-02 9.203865623561896167e-05 4.347826086956521618e-02 0.000000000000000000e+00 5.485176962256758243e-03 2.537105163009006686e-04 0.000000000000000000e+00 0.000000000000000000e+00 1.440507058484586528e-04 0.000000000000000000e+00 1.194743130227001121e-03 0.000000000000000000e+00 2.804786836200448704e-04 0.000000000000000000e+00 0.000000000000000000e+00 0.000000000000000000e+00 0.000000000000000000e+00 0.000000000000000000e+00 0.000000000000000000e+00 0.000000000000000000e+00 0.000000000000000000e+00 0.000000000000000000e+00 1.689189189189189283e-03 0.000000000000000000e+00 0.000000000000000000e+00 0.000000000000000000e+00 0.000000000000000000e+00 9.090909090909090901e-04 0.000000000000000000e+00 0.000000000000000000e+00 6.395906619763351781e-04 0.000000000000000000e+00 0.000000000000000000e+00 0.000000000000000000e+00 0.000000000000000000e+00 0.000000000000000000e+00 0.000000000000000000e+00 0.000000000000000000e+00 0.000000000000000000e+00 0.000000000000000000e+00 0.000000000000000000e+00 0.000000000000000000e+00 0.000000000000000000e+00 0.000000000000000000e+00
0.000000000000000000e+00 1.135331516802906516e-03 1.135331516802906516e-03 2.043596730245231599e-02 2.724795640326975379e-03 3.873751135331516826e-01 2.270663033605812816e-04 9.287011807447774492e-02 1.135331516802906516e-03 0.000000000000000000e+00 0.000000000000000000e+00 3.342245989304812748e-03 0.000000000000000000e+00 2.071801360113870172e-02 0.000000000000000000e+00 1.900265076209410320e-01 0.000000000000000000e+00 2.138122728244601183e-04 0.000000000000000000e+00 1.159285879897982815e-04 5.777007510109762826e-04 4.833836858006042292e-03 2.209131075110456512e-03 2.979515828677839744e-03 6.784660766961651823e-03 2.296650717703349262e-02 6.093845216331505521e-04 2.399553571428571577e-02 0.000000000000000000e+00 1.411211289690317457e-02 5.163788930127480997e-03 2.171734046107584148e-03 0.000000000000000000e+00 0.000000000000000000e+00 0.000000000000000000e+00 0.000000000000000000e+00 0.000000000000000000e+00 0.000000000000000000e+00 0.000000000000000000e+00 0.000000000000000000e+00 0.000000000000000000e+00 0.000000000000000000e+00 0.000000000000000000e+00 1.013890297069857061e-04 2.188183807439825028e-04 0.000000000000000000e+00 0.000000000000000000e+00 1.418640941977585435e-04 0.000000000000000000e+00 0.000000000000000000e+00 0.000000000000000000e+00 8.310249307479223961e-04 0.000000000000000000e+00 0.000000000000000000e+00 0.000000000000000000e+00 0.000000000000000000e+00 0.000000000000000000e+00 2.988345452734336022e-04 0.000000000000000000e+00 0.000000000000000000e+00 0.000000000000000000e+00 4.721435316336166418e-04 0.000000000000000000e+00 1.728907330567081696e-04 0.000000000000000000e+00 0.000000000000000000e+00 0.000000000000000000e+00 0.000000000000000000e+00 0.000000000000000000e+00 0.000000000000000000e+00 6.260760682422914164e-04 1.294543429844098072e-02 0.000000000000000000e+00 1.997238840312931529e-02 0.000000000000000000e+00 5.555555555555555768e-03 1.305994514823037871e-04 3.171381453761258195e-03 0.000000000000000000e+00 0.000000000000000000e+00 0.000000000000000000e+00 3.234152652005174906e-04 0.000000000000000000e+00 9.587727708533077143e-04 0.000000000000000000e+00 1.375768137209942279e-03 0.000000000000000000e+00 0.000000000000000000e+00 0.000000000000000000e+00 5.766181346403344591e-04 3.176620076238881969e-04 0.000000000000000000e+00 0.000000000000000000e+00 0.000000000000000000e+00 0.000000000000000000e+00 3.639672429481346800e-03 0.000000000000000000e+00 0.000000000000000000e+00 0.000000000000000000e+00 0.000000000000000000e+00 0.000000000000000000e+00 0.000000000000000000e+00 0.000000000000000000e+00 4.157139887757222785e-04 7.754943776657618896e-04 1.523809523809523852e-03 0.000000000000000000e+00 0.000000000000000000e+00 0.000000000000000000e+00 0.000000000000000000e+00 0.000000000000000000e+00 0.000000000000000000e+00 0.000000000000000000e+00 0.000000000000000000e+00 0.000000000000000000e+00 0.000000000000000000e+00
2.108816521048451076e-01 7.942811755361397488e-04 3.653693407466242909e-02 2.184273232724384499e-03 1.191421763304209786e-03 0.000000000000000000e+00 3.494837172359015198e-02 4.169976171564733491e-03 2.978554408260524356e-03 0.000000000000000000e+00 0.000000000000000000e+00 1.002673796791443955e-03 1.407417114401782188e-01 0.000000000000000000e+00 4.202521512907744783e-03 0.000000000000000000e+00 5.305091333074232751e-02 0.000000000000000000e+00 8.325049701789264886e-03 1.391143055877579323e-03 0.000000000000000000e+00 0.000000000000000000e+00 1.116838487972508613e-02 2.234636871508379700e-03 0.000000000000000000e+00 0.000000000000000000e+00 0.000000000000000000e+00 0.000000000000000000e+00 7.613065326633165764e-02 1.306677120083627245e-04 2.259157656930773153e-03 8.352823254259940031e-04 1.324152542372881351e-04 2.751642109000532448e-03 0.000000000000000000e+00 0.000000000000000000e+00 1.155268022181146119e-03 1.993223041658361678e-04 6.680026720106880958e-04 0.000000000000000000e+00 1.333333333333333289e-03 0.000000000000000000e+00 1.591596371160273874e-04 0.000000000000000000e+00 0.000000000000000000e+00 0.000000000000000000e+00 0.000000000000000000e+00 0.000000000000000000e+00 1.799532121648371344e-04 1.329610424145725219e-04 2.071070416394157378e-03 0.000000000000000000e+00 0.000000000000000000e+00 0.000000000000000000e+00 1.162404516771836606e-03 0.000000000000000000e+00 8.430142901202837893e-03 9.961151509114453406e-05 4.723169771713460648e-03 1.421060110842688629e-04 2.251510159253157506e-02 2.360717658168083209e-04 1.046063497889520959e-02 0.000000000000000000e+00 2.466740576496673915e-02 1.905487804878048847e-04 2.483114819229241110e-03 1.179245283018867934e-04 6.268282490597575822e-04 0.000000000000000000e+00 2.637345437470652726e-02 1.183184855233853023e-03 1.020898390583713754e-02 6.442705936493327724e-04 0.000000000000000000e+00 0.000000000000000000e+00 1.214574898785425114e-02 3.805657744513510029e-04 0.000000000000000000e+00 0.000000000000000000e+00 1.166810717372515106e-02 0.000000000000000000e+00 2.389486260454002243e-03 0.000000000000000000e+00 1.355646970830216846e-02 0.000000000000000000e+00 0.000000000000000000e+00 0.000000000000000000e+00 4.925175222580033783e-03 0.000000000000000000e+00 0.000000000000000000e+00 0.000000000000000000e+00 0.000000000000000000e+00 0.000000000000000000e+00 4.222972972972973207e-03 1.819836214740673400e-03 0.000000000000000000e+00 0.000000000000000000e+00 0.000000000000000000e+00 0.000000000000000000e+00 0.000000000000000000e+00 0.000000000000000000e+00 0.000000000000000000e+00 0.000000000000000000e+00 0.000000000000000000e+00 0.000000000000000000e+00 0.000000000000000000e+00 0.000000000000000000e+00 0.000000000000000000e+00 1.066098081023454137e-03 0.000000000000000000e+00 0.000000000000000000e+00 0.000000000000000000e+00 0.000000000000000000e+00 0.000000000000000000e+00 0.000000000000000000e+00
1.671122994652406320e-04 1.356951871657753883e-01 2.840909090909090988e-03 3.442513368983957101e-02 0.000000000000000000e+00 3.342245989304812640e-04 2.506684491978609670e-03 1.186497326203208580e-01 0.000000000000000000e+00 3.342245989304812748e-03 1.002673796791443955e-03 0.000000000000000000e+00 5.241776962390250032e-04 1.972165111497706791e-01 0.000000000000000000e+00 1.474486414844267644e-02 0.000000000000000000e+00 8.488347231131067316e-02 1.615308151093439388e-03 1.078135868305124014e-02 0.000000000000000000e+00 0.000000000000000000e+00 4.909180166912125581e-03 7.821229050279330033e-03 0.000000000000000000e+00 0.000000000000000000e+00 0.000000000000000000e+00 0.000000000000000000e+00 0.000000000000000000e+00 5.305109107539526803e-02 4.034210101662094421e-03 1.169395255596391648e-03 1.191737288135593298e-03 5.414521569323628436e-03 0.000000000000000000e+00 7.102272727272727470e-04 0.000000000000000000e+00 1.395256129160853120e-03 0.000000000000000000e+00 6.383657835939993705e-04 0.000000000000000000e+00 0.000000000000000000e+00 0.000000000000000000e+00 0.000000000000000000e+00 0.000000000000000000e+00 5.299417064122946813e-04 0.000000000000000000e+00 0.000000000000000000e+00 0.000000000000000000e+00 2.260337721047733089e-03 1.090037061260082780e-04 5.909510618651892498e-03 0.000000000000000000e+00 1.882057716436637360e-03 0.000000000000000000e+00 5.198405822214520770e-04 0.000000000000000000e+00 9.562705448749875270e-03 1.311991603253739099e-04 2.842120221685377150e-03 0.000000000000000000e+00 2.124645892351274823e-02 0.000000000000000000e+00 1.573305670816044222e-02 0.000000000000000000e+00 1.505335365853658486e-02 1.986491855383392920e-04 7.075471698113207060e-04 0.000000000000000000e+00 0.000000000000000000e+00 9.391141023634371789e-04 3.862750556792873130e-02 7.206341580590920181e-04 1.500230096640589074e-02 0.000000000000000000e+00 0.000000000000000000e+00 1.697792869269949042e-03 7.611315489027019841e-03 0.000000000000000000e+00 3.759398496240601295e-03 0.000000000000000000e+00 1.584734799482535525e-02 0.000000000000000000e+00 1.917545541706615429e-03 0.000000000000000000e+00 2.118682931303311062e-02 0.000000000000000000e+00 1.057082452431289685e-03 0.000000000000000000e+00 1.701023497188986627e-02 0.000000000000000000e+00 4.201680672268907814e-04 0.000000000000000000e+00 0.000000000000000000e+00 8.445945945945946415e-04 2.729754322111010208e-03 0.000000000000000000e+00 0.000000000000000000e+00 0.000000000000000000e+00 0.000000000000000000e+00 0.000000000000000000e+00 6.329113924050633029e-04 0.000000000000000000e+00 2.078569943878611393e-04 0.000000000000000000e+00 0.000000000000000000e+00 0.000000000000000000e+00 0.000000000000000000e+00 0.000000000000000000e+00 1.066098081023454137e-03 0.000000000000000000e+00 0.000000000000000000e+00 0.000000000000000000e+00 0.000000000000000000e+00 0.000000000000000000e+00 0.000000000000000000e+00
5.307299174420128385e-02 0.000000000000000000e+00 3.525095007207443287e-02 3.669243873673175022e-03 7.862665443585374614e-03 1.310444240597562508e-04 2.457082951120429792e-01 4.193421569912200025e-03 4.298257109160005113e-02 0.000000000000000000e+00 1.407417114401782188e-01 5.241776962390250032e-04 0.000000000000000000e+00 1.423374980230902994e-03 1.422853712227336309e-01 0.000000000000000000e+00 9.716284492809949911e-04 0.000000000000000000e+00 3.230616302186878775e-03 5.796429399489914751e-04 0.000000000000000000e+00 0.000000000000000000e+00 2.307314678448699197e-02 2.234636871508379700e-03 0.000000000000000000e+00 0.000000000000000000e+00 2.031281738777168417e-04 0.000000000000000000e+00 1.507537688442210921e-01 2.613354240167254489e-04 2.904631273196708278e-03 3.842298696959572154e-03 1.986228813559321946e-03 2.574116811645659527e-03 8.463817181548878793e-04 0.000000000000000000e+00 9.242144177449168087e-04 0.000000000000000000e+00 0.000000000000000000e+00 0.000000000000000000e+00 0.000000000000000000e+00 0.000000000000000000e+00 0.000000000000000000e+00 0.000000000000000000e+00 0.000000000000000000e+00 0.000000000000000000e+00 0.000000000000000000e+00 0.000000000000000000e+00 1.799532121648371344e-04 1.329610424145725219e-04 5.450185306300414038e-04 0.000000000000000000e+00 7.898894154818325315e-04 0.000000000000000000e+00 8.302889405513118456e-04 0.000000000000000000e+00 1.747712552688393105e-03 0.000000000000000000e+00 2.361584885856730324e-03 0.000000000000000000e+00 1.065348709500274493e-02 0.000000000000000000e+00 4.037438062029730275e-03 0.000000000000000000e+00 1.164079822616407960e-02 0.000000000000000000e+00 1.291219705999205412e-03 0.000000000000000000e+00 1.044713748432929412e-03 3.093102381688834102e-04 3.662544999217404867e-02 1.531180400890868503e-03 1.921691088157578831e-02 9.203865623561896438e-04 6.211180124223602064e-03 0.000000000000000000e+00 2.990727438944756553e-02 1.268552581504503451e-03 0.000000000000000000e+00 0.000000000000000000e+00 2.736963411120714538e-03 0.000000000000000000e+00 2.150537634408602322e-02 0.000000000000000000e+00 8.694839192221390928e-03 0.000000000000000000e+00 0.000000000000000000e+00 0.000000000000000000e+00 3.599166508808486660e-03 0.000000000000000000e+00 3.176620076238881969e-04 8.403361344537815629e-04 2.803476310625175271e-04 4.797313504437514969e-04 4.222972972972973207e-03 9.099181073703367000e-04 5.583472920156337324e-04 0.000000000000000000e+00 1.689189189189189283e-03 9.090909090909090901e-04 0.000000000000000000e+00 6.329113924050633029e-04 6.395906619763351781e-04 8.314279775514445570e-04 1.163241566498642889e-03 0.000000000000000000e+00 0.000000000000000000e+00 0.000000000000000000e+00 0.000000000000000000e+00 0.000000000000000000e+00 0.000000000000000000e+00 0.000000000000000000e+00 0.000000000000000000e+00 8.163265306122449282e-04 0.000000000000000000e+00 0.000000000000000000e+00
